449.1868131868132 13848.852694924126 11150.492673992672	
375.6923076923077 13517.190476190479 10817.73443223443	
301.5934065934066 14149.246206174776 10885.868131868134	
281.16483516483515 14283.631868131872 10900.399267399269	
425.4945054945055 13384.474882260594 10964.126373626375	
340.87912087912093 13651.019099947667 10989.131868131868	
413.4065934065934 13769.230507587645 11129.071428571428	
312.7142857142857 14469.963369963369 10939.476190476189	
514.5824175824176 14320.805075876506 11417.419413919417	
331.32967032967036 13920.052066980637 10974.45238095238	
323.10989010989005 13798.01700680272 10842.81501831502	
360.8241758241758 14030.035845107273 10994.454212454213	
408.93406593406587 13579.316588173731 11056.09706959707	
345.71428571428567 13750.140763997906 11117.897435897434	
400.7142857142857 13531.160387231816 11197.388278388278	
351.87912087912093 13701.784144427002 10996.573260073263	
333.38461538461536 13602.347462061747 10842.064102564102	
272.94505494505495 15086.631606488749 11101.296703296703	
325.2857142857142 13966.530873888016 11018.849816849819	
375.69230769230774 14888.341705913133 11185.053113553113	
381.97802197802196 14073.466248037674 11022.461538461535	
494.7582417582418 14277.813710099424 11484.586080586083	
352.12087912087907 14326.609105180534 11000.6978021978	
449.4285714285715 13518.844060701203 11116.501831501831	
366.2637362637363 13620.256933542645 10815.622710622709	
339.1868131868132 14268.583725798011 11114.855311355308	
274.75824175824175 14273.054421768706 10887.985347985348	
397.32967032967036 14398.482469911041 11188.615384615385	
295.42857142857144 14033.10936682365 10974.57142857143	
548.4285714285714 13439.528519099946 11547.201465201464	
296.39560439560444 15552.932234432235 11210.697802197803	
366.5054945054946 14031.808477237046 11096.17399267399	
361.1868131868132 13959.80115122972 11049.64652014652	
276.8131868131868 14307.256933542643 11032.84798534799	

