449.1868131868132 13848.852694924126 11150.492673992672
2 11 19 13 10 12 5 9 14 6 15 8 7 3 4 18 17 16 0 1 
0 1 2 0 1 2 0 1 2 1 1 1 1 0 0 2 0 0 2 2 
2 3 2 0 1 0 1 3 0 2 2 2 2 2 0 0 2 2 0 0 6 7 5 5 4 5 5 6 4 5 7 6 5 6 6 5 6 5 5 5 7 8 7 7 8 8 7 8 9 8 8 9 9 7 7 9 7 7 9 8 9 11 10 8 11 11 8 10 11 11 11 11 11 9 9 11 8 9 10 11 11 15 12 11 15 12 12 12 15 13 14 13 15 10 10 15 10 11 12 15 13 16 16 13 17 17 13 17 17 17 16 17 16 13 13 16 13 13 17 17 14 18 19 14 18 18 14 20 19 20 21 18 18 14 14 18 14 14 18 19 15 23 20 16 23 20 16 22 20 24 23 23 22 15 15 20 15 15 20 20 

375.6923076923077 13517.190476190479 10817.73443223443
4 8 10 2 0 6 3 19 9 14 18 15 5 7 11 16 13 12 17 1 
0 1 2 0 1 2 0 1 2 2 2 0 1 2 0 2 1 0 1 2 
0 3 1 0 2 0 1 3 3 1 1 0 1 1 0 1 1 0 1 2 4 7 5 6 7 5 3 6 4 5 4 3 5 4 3 4 4 4 7 4 7 8 7 7 8 7 7 8 7 8 7 7 9 8 7 7 8 7 9 7 8 11 11 8 11 10 8 11 10 11 11 9 11 11 8 10 11 9 10 11 10 15 15 12 15 14 11 12 15 13 14 11 12 13 11 15 14 12 14 12 13 17 16 13 16 16 13 16 17 16 16 13 16 17 13 17 17 13 16 17 14 21 19 14 21 18 14 21 18 18 19 14 21 19 14 19 20 14 21 19 16 24 20 15 22 20 16 23 20 20 20 15 23 20 16 20 23 15 24 20 

301.5934065934066 14149.246206174776 10885.868131868134
11 2 5 18 16 0 17 14 7 9 19 13 1 6 4 3 8 12 15 10 
0 1 2 0 1 2 0 1 2 2 0 1 2 1 0 2 1 2 2 1 
0 3 1 0 2 2 0 1 2 3 2 2 3 0 1 1 2 1 0 1 5 5 5 4 5 4 5 7 4 5 6 4 4 6 5 5 6 5 4 4 7 9 8 7 9 7 7 8 9 9 7 9 8 9 7 6 8 8 7 9 8 10 10 8 10 11 9 11 11 11 9 10 10 10 9 10 10 11 10 11 10 14 14 11 12 15 11 14 15 13 10 14 14 14 11 15 14 15 15 12 13 16 16 13 17 17 13 16 16 16 13 17 17 16 13 16 17 17 17 17 14 20 19 14 21 19 14 21 19 19 14 20 19 20 14 18 20 19 18 19 15 22 20 16 22 20 16 22 20 20 16 24 20 22 15 20 24 20 20 23 

281.16483516483515 14283.631868131872 10900.399267399269
8 11 13 9 12 18 5 16 6 1 3 17 15 2 10 4 0 7 14 19 
0 1 2 0 1 2 0 1 2 2 0 2 1 1 1 2 1 2 1 0 
1 2 2 0 2 3 2 2 0 0 0 0 3 0 2 1 3 2 1 2 6 6 5 4 4 4 6 5 5 4 4 5 6 7 5 4 7 4 6 3 7 9 8 7 8 8 7 8 9 7 7 8 8 8 8 6 9 7 9 7 8 11 11 9 10 11 9 11 10 11 8 11 11 10 10 10 11 11 11 8 10 13 14 10 13 14 11 12 15 13 12 15 15 15 14 14 13 14 13 11 13 17 17 13 17 16 13 17 17 16 13 17 17 17 17 16 16 16 16 13 14 18 19 14 18 18 14 21 18 18 14 18 20 18 18 19 21 18 19 14 15 23 20 16 23 20 16 24 20 20 16 20 24 23 23 20 24 20 24 16 

425.4945054945055 13384.474882260594 10964.126373626375
17 16 12 10 4 7 13 2 8 11 14 5 3 0 18 9 6 15 1 19 
0 1 2 0 1 2 0 1 2 1 2 0 0 2 2 2 0 1 2 0 
1 1 2 1 2 3 2 0 0 0 2 1 2 0 1 0 2 1 1 1 6 5 5 3 5 5 6 5 5 4 5 6 3 5 5 4 6 7 5 5 7 9 6 7 9 6 7 8 7 8 9 7 7 9 9 8 7 8 9 7 9 10 11 8 11 11 8 11 10 11 10 8 8 11 11 11 8 11 11 9 12 15 15 12 13 14 11 13 12 14 12 12 11 14 14 12 12 12 14 11 13 17 16 13 17 16 13 16 16 17 17 13 13 17 16 17 13 16 17 13 14 19 19 14 19 19 14 20 19 18 18 14 14 18 18 19 14 21 18 14 15 24 20 16 24 20 16 24 20 23 20 15 15 20 20 20 16 22 20 15 

340.87912087912093 13651.019099947667 10989.131868131868
19 10 12 8 17 4 1 5 16 15 18 3 2 13 6 11 9 7 0 14 
0 1 2 0 1 2 0 1 2 2 0 1 1 0 0 2 1 0 0 0 
2 1 0 0 0 0 0 0 2 0 0 3 2 0 0 0 3 0 0 2 3 5 5 6 4 4 3 7 4 4 5 6 4 5 4 4 4 6 3 5 7 8 7 7 9 8 7 9 9 9 7 8 9 7 7 6 8 7 7 7 8 11 11 9 10 11 8 10 11 11 9 11 10 8 8 10 10 9 9 9 12 15 15 12 13 14 11 13 12 15 12 13 15 12 10 14 12 12 11 12 13 17 16 13 16 17 13 16 17 16 13 17 17 13 13 17 17 13 13 13 14 19 18 14 20 19 14 20 19 18 14 19 21 14 14 18 18 14 14 14 16 22 20 15 22 20 15 24 20 20 16 23 23 16 15 20 23 15 16 15 

413.4065934065934 13769.230507587645 11129.071428571428
4 0 9 19 8 18 17 6 3 10 1 12 16 5 11 2 7 14 15 13 
0 1 2 0 1 2 0 1 2 0 0 2 1 1 2 0 1 2 1 0 
2 2 0 0 3 0 0 0 3 1 0 2 0 3 3 1 1 2 2 2 4 4 4 6 6 4 6 6 5 3 5 5 6 4 5 3 6 5 5 5 7 9 7 7 8 9 7 9 7 7 7 8 9 9 7 7 8 9 9 7 9 11 11 8 11 10 8 10 11 9 8 10 11 11 11 8 11 11 10 9 10 12 13 11 15 15 12 12 14 10 12 13 15 14 15 10 12 13 13 12 13 16 16 13 17 16 13 16 17 13 13 16 16 17 17 13 17 17 17 13 14 18 19 14 18 18 14 20 18 14 14 19 19 19 19 14 21 19 19 14 16 24 20 16 24 20 15 23 20 16 15 20 23 23 20 15 24 20 23 16 

312.7142857142857 14469.963369963369 10939.476190476189
3 1 14 12 11 18 17 5 16 8 10 19 9 13 0 6 15 2 7 4 
0 1 2 0 1 2 0 1 2 1 1 0 1 1 2 1 0 1 2 2 
2 2 2 1 1 3 2 0 1 1 2 1 1 0 1 0 1 1 0 3 3 7 4 5 7 4 6 7 5 7 7 5 6 5 4 6 4 4 5 5 7 9 8 7 8 9 7 8 6 9 8 7 8 8 7 9 7 9 8 8 8 10 11 9 11 10 9 11 11 10 10 8 11 11 11 11 8 10 11 10 12 12 15 12 14 13 12 15 12 12 14 12 13 14 13 12 12 12 14 15 13 17 16 13 17 17 13 17 16 17 16 13 17 16 16 16 13 16 17 17 14 20 18 14 18 18 14 21 19 19 19 14 18 21 18 18 14 18 18 19 15 23 20 15 24 20 16 24 20 24 24 16 24 24 20 24 16 24 20 20 

514.5824175824176 14320.805075876506 11417.419413919417
16 12 1 6 14 8 2 17 9 13 19 18 0 11 5 4 10 15 3 7 
0 1 2 0 1 2 0 1 2 2 0 0 1 1 0 0 1 1 0 1 
0 1 0 1 3 3 1 3 3 2 1 1 0 3 0 0 0 1 1 0 3 7 4 6 5 5 6 5 5 4 3 3 6 4 6 3 6 6 4 6 7 8 9 7 9 9 7 8 7 9 7 7 8 8 7 7 8 9 7 9 9 10 11 9 11 11 9 11 11 11 9 8 11 10 9 9 10 10 9 11 12 15 12 12 14 15 12 15 14 14 11 11 15 15 11 12 14 12 12 12 13 17 16 13 17 17 13 17 16 16 13 13 17 17 13 13 17 17 13 17 14 20 19 14 18 19 14 19 19 19 14 14 19 21 14 14 19 18 14 21 15 22 20 16 23 20 16 23 20 20 15 15 23 24 16 15 22 22 16 22 

331.32967032967036 13920.052066980637 10974.45238095238
2 0 4 6 18 12 3 14 7 11 5 16 19 1 13 17 8 9 15 10 
0 1 2 0 1 2 0 1 2 0 1 1 2 2 0 2 1 1 0 1 
1 0 2 2 2 3 0 0 3 1 3 0 0 1 2 3 0 0 0 3 4 7 4 3 6 5 3 6 4 4 6 6 4 5 6 4 6 7 3 5 7 9 9 7 9 9 7 9 6 7 8 9 9 9 7 9 8 8 7 9 9 10 11 9 10 10 9 10 10 9 11 11 11 11 8 10 10 10 9 10 12 12 12 12 14 13 10 12 14 10 13 12 14 15 10 14 14 15 11 14 13 17 16 13 17 17 13 16 17 13 16 17 16 16 13 17 16 17 13 16 14 18 19 14 21 18 14 20 19 14 21 19 19 18 14 18 20 18 14 20 16 23 20 16 23 20 15 24 20 15 22 23 20 20 15 20 24 24 15 22 

323.10989010989005 13798.01700680272 10842.81501831502
5 3 16 7 2 10 15 14 1 8 4 18 9 13 12 6 19 0 17 11 
0 1 2 0 1 2 0 1 2 1 0 2 2 1 2 2 1 2 0 1 
2 1 2 2 0 2 2 3 1 1 2 3 1 2 3 2 0 1 0 2 6 5 5 5 7 5 4 6 4 7 6 4 4 7 4 4 7 5 3 4 7 9 9 7 8 7 7 8 7 8 7 8 7 8 6 6 9 7 7 8 9 10 10 8 11 11 9 11 10 11 9 11 10 10 10 10 10 11 9 11 10 15 13 11 15 13 11 13 15 12 12 12 12 15 14 14 14 15 10 15 13 17 17 13 16 16 13 17 17 17 13 16 16 16 17 16 17 16 13 17 14 20 18 14 18 18 14 20 18 18 14 19 19 20 19 19 18 19 14 21 16 23 20 15 23 20 15 22 20 24 15 20 20 24 20 20 24 20 15 23 

360.8241758241758 14030.035845107273 10994.454212454213
5 14 9 4 19 18 2 16 3 10 1 8 17 15 12 7 13 11 6 0 
0 1 2 0 1 2 0 1 2 0 1 2 0 1 1 1 2 1 2 2 
2 2 0 0 1 0 2 3 2 0 0 2 1 1 2 3 3 3 1 1 4 6 5 4 5 4 6 4 5 4 4 4 3 7 5 4 5 6 5 5 7 9 6 7 8 7 7 9 7 7 9 8 7 8 8 9 8 8 9 7 8 11 10 9 11 11 9 10 11 8 10 10 9 10 10 11 11 11 11 10 11 13 14 10 15 15 11 12 12 12 15 14 11 15 12 15 14 12 15 15 13 16 17 13 17 17 13 16 17 13 17 16 13 16 16 16 17 16 16 16 14 20 18 14 21 18 14 19 19 14 18 18 14 20 20 20 19 21 19 19 16 23 20 15 23 20 16 24 20 16 22 20 16 22 24 24 20 23 20 20 

408.93406593406587 13579.316588173731 11056.09706959707
6 0 19 11 8 18 15 4 2 5 9 13 3 7 12 14 10 16 1 17 
0 1 2 0 1 2 0 1 2 0 2 1 2 1 0 0 2 1 1 0 
1 2 2 0 1 2 1 3 0 2 2 3 3 3 1 0 2 2 1 1 5 6 4 3 7 5 3 6 4 4 5 7 5 6 3 3 4 7 6 5 7 8 9 7 9 9 7 8 9 7 7 8 9 9 7 7 8 8 8 7 8 11 10 9 10 10 8 11 10 9 11 10 10 10 9 8 10 10 11 8 11 14 13 12 13 13 12 15 13 12 13 14 12 14 12 12 15 13 14 11 13 16 17 13 16 17 13 16 16 13 17 16 16 17 13 13 16 17 16 13 14 20 19 14 19 18 14 19 19 14 19 20 18 21 14 14 19 20 18 14 15 22 20 15 23 20 16 22 20 15 20 24 20 23 16 16 20 22 22 15 

345.71428571428567 13750.140763997906 11117.897435897434
1 15 3 6 2 7 12 14 19 4 0 18 16 5 13 17 10 11 9 8 
0 1 2 0 1 2 0 1 2 0 1 2 2 0 1 1 2 2 1 0 
1 1 2 0 0 3 1 2 1 2 2 0 3 0 3 2 2 2 1 2 6 7 4 6 7 5 4 7 5 6 7 5 4 3 7 7 4 4 5 4 7 8 6 7 8 9 7 9 8 7 9 8 6 7 8 8 7 9 9 7 8 10 11 9 10 10 8 11 10 8 11 11 11 8 11 11 10 11 11 8 10 15 14 11 13 12 11 12 15 12 14 13 12 12 14 12 15 13 13 12 13 17 16 13 17 16 13 17 17 13 16 17 17 13 16 17 17 16 17 13 14 20 19 14 18 19 14 19 18 14 18 19 18 14 21 18 19 18 18 14 16 22 20 15 23 20 16 22 20 15 23 20 20 16 24 24 20 20 24 16 

400.7142857142857 13531.160387231816 11197.388278388278
7 15 13 4 0 16 2 8 12 19 18 1 10 5 11 6 14 3 9 17 
0 1 2 0 1 2 0 1 2 0 2 1 1 2 1 0 0 2 1 0 
2 1 1 1 3 0 0 3 0 0 0 0 0 3 3 2 0 0 2 0 6 5 5 4 4 5 4 7 4 4 5 7 4 5 5 4 5 4 5 4 7 8 6 7 9 6 7 8 8 7 7 9 8 8 9 7 7 6 8 7 8 11 11 8 10 11 8 11 10 8 10 11 10 10 10 9 8 11 10 9 12 12 14 10 15 12 12 13 15 11 13 12 14 13 14 11 12 13 12 11 13 16 16 13 17 17 13 17 17 13 17 17 16 16 17 13 13 17 17 13 14 20 19 14 18 19 14 20 18 14 18 19 18 18 18 14 14 19 18 14 15 23 20 15 22 20 16 24 20 16 20 23 23 20 23 15 15 20 23 15 

351.87912087912093 13701.784144427002 10996.573260073263
19 16 11 18 8 12 6 17 5 2 7 14 4 0 10 15 9 13 3 1 
0 1 2 0 1 2 0 1 2 2 0 0 1 0 1 1 2 0 0 1 
1 2 1 0 0 0 1 2 1 3 1 1 2 0 3 2 1 2 0 0 3 4 4 4 4 5 6 6 5 4 6 6 5 3 5 7 5 5 5 4 7 8 6 7 8 7 7 8 9 8 7 7 9 7 8 9 6 7 7 9 9 11 11 8 10 10 8 11 11 10 9 9 11 9 11 10 10 9 8 11 10 13 14 11 13 14 12 12 15 14 10 12 15 11 13 14 14 11 12 15 13 16 16 13 16 16 13 17 17 16 13 13 16 13 16 17 16 13 13 16 14 18 18 14 20 19 14 18 19 19 14 14 18 14 21 19 19 14 14 20 15 23 20 16 24 20 15 22 20 20 15 16 22 16 23 22 20 16 15 22 

333.38461538461536 13602.347462061747 10842.064102564102
10 1 7 16 19 18 9 4 14 15 17 0 5 2 3 12 6 13 8 11 
0 1 2 0 1 2 0 1 2 2 1 1 2 2 0 1 0 0 2 2 
1 0 2 1 0 1 0 2 3 1 1 2 1 1 1 3 0 0 1 3 4 6 4 4 4 5 6 5 4 5 5 7 5 5 6 6 3 5 4 5 7 9 7 7 9 9 7 9 7 7 9 8 8 8 7 8 7 7 8 9 8 10 11 9 11 11 8 11 11 11 11 11 11 10 8 10 9 8 11 11 10 14 12 11 15 12 11 12 13 13 12 13 12 12 11 14 12 10 15 14 13 16 16 13 16 16 13 17 16 16 17 16 17 16 13 17 13 13 17 16 14 19 19 14 21 18 14 20 18 19 19 19 19 19 14 20 14 14 18 18 16 24 20 16 23 20 16 23 20 20 24 24 20 20 16 23 16 16 20 20 

272.94505494505495 15086.631606488749 11101.296703296703
12 15 14 4 11 13 8 10 17 1 19 7 5 2 0 16 6 9 3 18 
0 1 2 0 1 2 0 1 2 2 1 0 1 1 1 1 2 0 0 1 
1 1 2 1 2 1 2 0 1 3 3 1 2 0 2 1 1 1 1 2 6 4 4 6 5 4 3 5 4 4 5 6 5 5 6 6 5 5 6 4 7 8 7 7 9 8 7 9 6 7 8 7 9 9 9 8 8 7 7 8 8 11 11 8 11 11 8 11 10 10 10 8 10 11 11 10 11 8 9 11 12 13 13 12 13 13 12 13 15 14 15 11 13 13 13 13 12 10 12 13 13 16 16 13 16 17 13 16 16 17 16 13 17 17 17 16 16 13 13 16 14 20 19 14 21 19 14 19 18 19 20 14 21 21 20 18 19 14 14 18 15 22 20 16 22 20 16 23 20 20 22 15 22 22 23 22 20 15 15 23 

325.2857142857142 13966.530873888016 11018.849816849819
3 0 13 18 10 8 14 2 4 12 6 11 15 9 19 1 5 17 7 16 
0 1 2 0 1 2 0 1 2 0 1 1 2 2 1 2 0 2 1 0 
0 0 2 1 1 2 0 3 1 1 3 2 1 2 3 2 0 2 1 2 3 4 5 6 5 4 5 7 5 3 4 6 4 5 5 4 3 4 5 5 7 8 6 7 8 8 7 8 8 7 8 8 9 8 8 9 7 6 8 7 8 10 11 8 10 11 9 11 11 8 11 11 10 11 10 11 9 10 11 9 12 12 15 12 15 15 10 14 15 11 15 12 14 14 15 12 10 12 13 12 13 16 17 13 16 16 13 17 17 13 17 16 16 16 17 17 13 16 17 13 14 20 18 14 21 19 14 19 18 14 20 18 19 18 19 18 14 18 19 14 16 23 20 15 22 20 16 23 20 16 24 24 20 20 24 20 15 20 24 15 

375.69230769230774 14888.341705913133 11185.053113553113
4 1 0 16 10 12 19 13 7 18 11 6 2 15 9 5 3 8 14 17 
0 1 2 0 1 2 0 1 2 0 1 2 1 0 0 1 1 1 2 1 
2 1 1 1 3 1 1 0 1 0 2 1 1 1 0 0 0 1 3 1 4 7 5 6 7 5 6 5 5 3 4 4 7 6 3 5 7 5 5 4 7 9 8 7 8 9 7 8 6 7 9 9 9 7 7 8 8 8 9 8 8 11 10 8 11 11 8 10 11 9 10 11 10 8 8 10 10 10 11 11 10 12 13 11 14 15 10 14 12 11 13 12 14 11 11 13 13 15 15 14 13 16 16 13 16 16 13 17 16 13 17 17 16 13 13 16 16 17 16 16 14 18 18 14 20 19 14 19 19 14 20 19 18 14 14 21 21 20 18 21 16 23 20 16 23 20 16 23 20 16 23 20 22 16 16 22 24 24 20 24 

381.97802197802196 14073.466248037674 11022.461538461535
4 12 10 16 1 15 5 0 18 7 17 3 6 19 9 8 13 2 14 11 
0 1 2 0 1 2 0 1 2 1 2 0 1 0 2 2 1 1 2 1 
2 2 2 1 0 1 1 0 2 1 0 1 3 2 3 3 0 3 0 3 5 4 5 5 7 4 6 5 5 7 5 3 7 3 4 5 6 4 5 6 7 9 9 7 9 9 7 9 6 9 9 7 8 7 8 6 9 8 8 8 9 10 10 8 11 11 9 10 11 11 10 8 11 9 10 11 10 10 10 10 12 14 14 12 15 12 11 12 13 15 13 10 12 12 15 14 14 13 13 15 13 16 17 13 16 16 13 17 16 17 16 13 17 13 16 16 17 17 17 16 14 18 18 14 21 18 14 18 19 20 19 14 18 14 18 18 21 20 18 21 16 22 20 16 23 20 15 24 20 23 20 16 24 15 20 20 23 24 20 22 

494.7582417582418 14277.813710099424 11484.586080586083
13 5 15 18 16 7 10 11 19 3 17 2 0 4 6 14 12 9 8 1 
0 1 2 0 1 2 0 1 2 0 0 1 0 0 0 0 0 2 1 1 
1 0 3 0 3 0 2 3 3 0 0 0 1 0 2 1 0 2 0 3 3 7 4 5 6 5 4 7 5 3 6 4 3 3 3 3 6 4 6 7 7 9 8 7 8 6 7 9 6 7 7 8 7 7 7 7 7 7 9 9 9 10 11 9 11 11 8 11 11 8 9 11 9 8 9 9 9 11 10 11 11 15 15 10 15 12 12 15 14 12 11 12 11 11 12 11 12 13 12 13 13 16 16 13 16 16 13 16 17 13 13 16 13 13 13 13 13 16 16 17 14 18 18 14 19 18 14 21 19 14 14 19 14 14 14 14 14 19 21 19 15 23 20 16 23 20 15 24 20 16 15 22 16 15 16 15 15 20 22 24 

352.12087912087907 14326.609105180534 11000.6978021978
4 13 19 5 0 17 18 16 14 2 11 12 10 9 15 7 6 3 8 1 
0 1 2 0 1 2 0 1 2 1 2 0 1 0 2 2 1 1 0 0 
2 1 3 2 1 2 2 1 2 0 1 1 3 1 3 3 3 3 1 2 4 6 4 5 5 5 4 7 4 7 5 6 4 6 5 5 5 7 5 5 7 9 7 7 8 7 7 8 8 9 7 7 9 7 7 6 9 9 7 7 8 11 10 9 10 11 9 11 11 10 10 8 10 8 11 11 11 11 9 9 10 13 13 12 14 13 11 13 15 15 15 10 12 10 15 14 15 14 10 10 13 17 17 13 17 17 13 17 16 17 17 13 17 13 17 16 17 17 13 13 14 18 19 14 18 19 14 19 19 21 18 14 19 14 19 18 21 18 14 14 16 22 20 16 24 20 16 23 20 22 20 16 23 15 20 20 22 24 15 16 

449.4285714285715 13518.844060701203 11116.501831501831
9 0 12 5 14 13 17 16 1 15 11 3 7 19 2 18 8 10 6 4 
0 1 2 0 1 2 0 1 2 0 1 2 2 0 1 2 0 0 0 2 
1 3 1 1 2 0 2 1 1 1 0 3 0 2 1 3 1 1 2 3 6 4 4 3 5 4 6 6 5 6 6 5 4 5 7 5 5 5 6 5 7 8 8 7 9 8 7 9 6 7 8 9 7 7 8 9 7 7 7 6 8 11 11 8 11 10 9 11 10 8 10 11 10 8 10 10 8 9 9 10 10 15 15 10 14 15 10 13 12 12 12 13 12 10 14 13 12 11 12 14 13 16 17 13 17 17 13 16 17 13 16 16 16 13 17 16 13 13 13 16 14 19 18 14 20 19 14 20 18 14 20 19 18 14 20 18 14 14 14 19 15 23 20 15 23 20 16 22 20 15 24 20 20 16 23 20 15 16 15 20 

366.2637362637363 13620.256933542645 10815.622710622709
9 17 2 15 8 16 12 6 7 10 19 18 11 14 5 1 0 13 3 4 
0 1 2 0 1 2 0 1 2 0 2 0 1 2 0 1 2 1 0 2 
2 2 1 2 2 1 0 1 2 2 1 1 2 0 2 1 1 1 2 1 3 5 5 3 7 4 6 6 5 6 4 4 6 4 3 7 4 7 5 4 7 9 7 7 8 8 7 8 9 7 6 7 8 7 7 9 9 9 7 7 8 11 11 8 11 10 8 10 11 8 11 8 10 11 9 11 11 11 9 10 10 13 12 12 13 12 10 13 14 10 12 10 14 15 10 12 14 12 11 12 13 16 17 13 16 16 13 17 16 13 16 13 17 16 13 16 16 16 13 17 14 18 18 14 20 19 14 21 19 14 18 14 21 19 14 20 19 18 14 19 16 24 20 16 24 20 16 23 20 16 20 15 24 20 15 22 20 22 16 20 

339.1868131868132 14268.583725798011 11114.855311355308
13 8 0 18 17 14 10 9 7 4 2 11 6 15 3 5 16 19 1 12 
0 1 2 0 1 2 0 1 2 2 1 0 0 1 2 0 1 1 0 2 
1 1 1 1 3 1 0 0 1 3 2 0 0 2 3 0 0 1 1 2 5 5 5 5 7 5 6 7 4 4 4 5 4 4 5 3 6 4 5 4 7 8 7 7 9 6 7 9 9 7 8 7 7 8 8 7 9 9 7 6 9 11 10 8 11 11 9 11 11 11 11 8 8 11 10 8 11 11 9 11 12 13 12 10 12 14 10 15 13 12 12 12 12 15 12 10 15 15 12 12 13 16 16 13 17 16 13 17 16 16 16 13 13 17 17 13 16 17 13 16 14 20 18 14 21 18 14 19 18 19 21 14 14 18 19 14 19 20 14 18 15 24 20 15 22 20 16 24 20 20 23 15 16 23 20 16 23 24 16 20 

274.75824175824175 14273.054421768706 10887.985347985348
2 3 7 13 8 9 17 6 19 14 1 18 5 4 12 11 0 10 15 16 
0 1 2 0 1 2 0 1 2 0 0 2 1 2 1 0 2 1 1 1 
2 2 0 0 1 2 2 3 2 0 0 3 0 2 0 1 1 0 0 1 6 4 4 6 5 5 4 5 5 4 6 4 4 4 7 4 5 5 5 7 7 8 8 7 8 9 7 9 8 7 7 7 9 9 9 7 9 8 9 9 9 11 10 8 11 10 9 11 11 8 8 10 11 11 11 9 10 10 10 10 12 12 14 11 14 13 12 13 12 10 12 15 12 12 12 10 14 13 12 15 13 17 16 13 16 16 13 17 17 13 13 16 17 16 17 13 16 16 17 16 14 21 18 14 18 18 14 18 18 14 14 18 21 18 21 14 19 19 20 19 16 23 20 16 23 20 16 22 20 16 16 20 22 20 24 16 20 24 22 22 

397.32967032967036 14398.482469911041 11188.615384615385
13 6 9 12 16 18 3 19 7 15 4 17 1 5 11 2 0 8 14 10 
0 1 2 0 1 2 0 1 2 0 0 1 2 0 2 1 2 0 1 1 
0 3 0 2 0 2 0 3 1 2 2 1 2 1 2 3 3 1 2 3 4 7 5 3 7 4 5 4 4 3 4 7 5 3 5 5 4 5 5 5 7 8 9 7 8 9 7 9 6 7 7 8 9 7 7 8 8 7 8 9 8 11 11 9 10 11 8 10 10 8 9 11 11 8 11 10 11 9 10 10 11 13 14 11 15 13 11 13 12 11 10 14 13 12 14 13 12 12 12 15 13 16 17 13 16 16 13 17 16 13 13 16 17 13 16 16 17 13 16 17 14 19 18 14 19 18 14 19 18 14 14 20 19 14 19 19 19 14 18 20 16 23 20 16 24 20 16 23 20 16 16 23 20 15 20 24 20 15 22 24 

295.42857142857144 14033.10936682365 10974.57142857143
3 17 9 16 14 19 6 8 13 10 15 7 12 1 4 5 2 0 18 11 
0 1 2 0 1 2 0 1 2 1 0 0 1 1 2 1 2 1 0 2 
2 2 2 1 1 3 2 2 0 0 1 0 3 3 1 1 0 1 1 1 6 5 4 5 4 5 4 4 5 5 6 3 6 7 4 7 5 4 6 5 7 8 9 7 8 6 7 8 7 9 7 7 9 8 8 8 7 9 7 8 9 10 10 8 10 10 8 10 10 10 9 9 10 10 10 10 11 11 8 10 10 14 13 10 12 12 10 13 13 15 11 11 13 15 15 14 12 14 11 12 13 16 17 13 17 17 13 17 17 16 13 13 16 17 16 16 17 16 13 17 14 20 19 14 20 18 14 20 19 20 14 14 18 18 18 20 18 21 14 19 15 24 20 16 23 20 15 23 20 22 15 15 22 24 20 22 20 22 15 20 

548.4285714285714 13439.528519099946 11547.201465201464
7 19 15 16 10 12 4 11 18 1 8 14 3 6 9 0 13 5 2 17 
0 1 2 0 1 2 0 1 2 2 2 1 0 0 0 0 2 0 0 0 
2 1 3 0 1 1 2 2 1 0 1 2 1 0 1 1 0 2 2 0 6 5 4 6 6 5 5 6 4 5 5 5 3 5 5 6 5 4 6 3 7 8 7 7 8 9 7 8 9 9 6 9 7 7 7 7 9 7 7 7 9 10 11 8 11 11 9 11 10 11 11 11 9 9 9 8 10 9 8 8 12 13 13 11 15 14 10 15 15 13 14 15 10 10 11 10 13 10 10 11 13 16 17 13 16 16 13 17 17 16 16 16 13 13 13 13 17 13 13 13 14 19 19 14 18 19 14 18 19 18 19 20 14 14 14 14 18 14 14 14 15 23 20 15 24 20 15 24 20 20 20 24 16 15 16 15 20 15 16 15 

296.39560439560444 15552.932234432235 11210.697802197803
18 16 14 12 17 10 15 8 2 3 0 6 19 1 4 7 13 5 9 11 
0 1 2 0 1 2 0 1 2 0 1 0 1 1 1 1 1 1 0 1 
1 3 1 0 0 1 0 2 0 2 3 0 1 2 0 1 0 0 2 0 4 6 4 5 6 4 3 5 4 4 7 6 4 4 7 4 5 5 6 7 7 9 8 7 9 6 7 9 8 7 8 7 8 9 8 9 9 8 7 9 8 11 10 8 10 10 8 10 11 8 11 8 11 11 10 10 11 11 9 11 11 14 14 11 13 13 11 14 15 11 14 10 12 13 13 14 13 14 12 15 13 16 16 13 16 16 13 16 17 13 17 13 17 16 16 17 17 17 13 17 14 20 18 14 21 18 14 20 19 14 19 14 20 20 19 21 21 21 14 19 15 22 20 16 24 20 16 22 20 15 24 15 23 24 23 22 24 24 15 22 

366.5054945054946 14031.808477237046 11096.17399267399
6 17 3 11 9 1 13 5 18 19 15 4 0 10 2 16 14 7 12 8 
0 1 2 0 1 2 0 1 2 0 0 1 0 1 0 1 2 1 2 2 
1 2 1 1 3 2 2 1 3 1 1 1 1 0 2 2 0 1 2 3 3 7 5 4 7 4 3 7 4 5 3 7 3 7 5 7 5 5 4 4 7 9 8 7 9 9 7 9 8 7 7 8 7 9 7 8 9 8 9 8 8 11 10 8 11 11 8 11 11 9 9 11 8 11 8 10 10 11 10 11 11 12 13 12 15 15 10 13 15 11 12 12 12 15 10 15 12 12 13 15 13 17 16 13 16 16 13 16 16 13 13 17 13 16 13 16 17 16 16 16 14 20 19 14 20 19 14 18 19 14 14 18 14 21 14 19 19 21 18 19 15 23 20 16 24 20 15 22 20 15 16 22 16 22 15 22 20 23 20 20 

361.1868131868132 13959.80115122972 11049.64652014652
2 9 4 0 17 6 1 19 18 11 12 10 14 3 15 5 13 8 16 7 
0 1 2 0 1 2 0 1 2 2 1 0 1 0 2 0 0 0 1 1 
0 1 1 2 0 1 1 2 0 3 3 1 1 1 1 2 0 1 3 3 4 4 5 5 6 5 5 6 4 4 5 6 4 3 4 3 6 4 5 6 7 9 7 7 8 8 7 8 7 6 9 7 8 7 9 7 7 7 8 9 8 10 10 9 10 11 8 10 11 10 11 9 11 8 11 9 9 8 11 10 12 15 15 11 13 12 11 13 15 15 15 12 15 12 15 12 12 12 12 12 13 17 16 13 16 16 13 17 16 17 17 13 17 13 17 13 13 13 17 16 14 18 18 14 19 18 14 18 18 19 18 14 18 14 19 14 14 14 20 20 16 23 20 15 24 20 15 22 20 20 22 15 24 15 20 16 16 16 24 22 

276.8131868131868 14307.256933542643 11032.84798534799
10 11 8 7 4 9 17 3 15 14 16 12 19 5 0 2 1 6 18 13 
0 1 2 0 1 2 0 1 2 0 2 2 0 1 1 1 1 1 0 2 
2 1 3 2 3 3 2 0 1 2 1 2 0 2 1 1 1 0 0 0 6 4 4 6 5 4 6 6 4 3 5 4 3 6 7 4 5 6 5 4 7 8 6 7 8 9 7 8 9 7 7 9 7 9 8 8 8 9 7 7 9 10 10 9 11 10 9 10 11 9 10 11 8 11 10 10 11 10 8 10 12 15 12 12 14 14 12 12 13 12 12 15 11 15 14 13 12 15 12 13 13 17 17 13 16 17 13 16 16 13 17 17 13 17 17 16 17 17 13 17 14 21 18 14 19 18 14 18 19 14 18 19 14 21 20 18 18 19 14 18 16 23 20 16 22 20 15 23 20 15 20 20 16 23 22 23 24 24 15 20 


