347.0439560439561 14353.626111983254 11198.293040293038	
528.967032967033 13541.21978021978 11330.827838827838	
340.75824175824175 13527.513867085294 10911.750915750916	
380.28571428571433 13403.161695447408 10871.85347985348	
315.978021978022 14308.238095238099 11043.329670329667	
454.1428571428572 13579.08922030351 11219.501831501833	
362.8791208791208 13523.134484563054 11020.500000000002	
465.0219780219781 13882.909994767135 11058.126373626375	
353.5714285714286 13554.707221350078 10899.851648351649	
351.8791208791208 13914.180272108842 11118.756410256412	
410.021978021978 13789.284929356358 11122.184981684979	
433.7142857142858 13597.752485609628 11100.368131868134	
394.6703296703297 13819.009157509156 11074.653846153848	
498.26373626373623 13474.20094191523 11189.267399267399	
460.3076923076923 13383.696232339085 11114.904761904761	
415.82417582417577 13394.96781789639 11106.42490842491	
366.86813186813185 14112.985871271585 11100.617216117216	
431.2967032967033 13466.461538461537 11125.08424908425	
316.46153846153845 13976.227629513345 10951.78205128205	
407.967032967033 13360.816849816847 10876.749084249082	
391.28571428571433 14597.032705389847 11308.732600732601	
464.78021978021985 13706.545787545787 11260.064102564103	
422.8351648351649 13298.56907378336 10975.913919413917	
403.2527472527472 13392.697540554682 11002.027472527474	
379.6813186813187 14335.75170068027 11139.91391941392	
322.2637362637363 14171.571690214543 10867.738095238094	
337.3736263736264 13984.154892726317 10971.137362637362	
396.24175824175825 13882.753793825219 11176.712454212455	
459.8241758241758 13710.46180010466 11138.893772893774	
506.967032967033 13531.680272108842 11252.50915750916	
448.21978021978026 13912.595761381477 11189.490842490843	
446.4065934065934 13765.166928309787 11066.399267399269	
414.4945054945056 13723.802721088434 10994.133699633698	
314.2857142857143 14050.616954474097 11054.873626373628	
362.39560439560444 14010.7967032967 10944.210622710621	
532.7142857142858 13503.559916274206 11318.260073260077	
402.8901098901099 13760.963893249605 10999.117216117213	
356.1098901098902 14083.456567242278 11124.29304029304	
304.7362637362637 14158.61616954474 10979.384615384617	
350.4285714285714 14399.004709576137 11131.064102564102	
335.8021978021978 14167.813186813186 11056.950549450552	
336.16483516483515 13914.688906331763 10897.329670329673	
535.2527472527473 13398.110413396129 11124.379120879124	

