347.0439560439561 14353.626111983254 11198.293040293038
2 7 18 10 11 4 9 5 19 1 6 0 17 12 3 15 8 16 13 14 
0 1 2 0 1 2 0 1 2 1 0 1 0 2 1 1 1 1 0 2 
2 2 3 0 1 1 1 3 2 2 2 2 2 2 0 1 1 3 1 3 4 6 4 4 5 5 3 6 5 4 6 5 5 5 5 6 4 7 4 4 7 8 9 7 9 7 7 8 7 9 7 9 7 7 9 8 9 8 7 9 8 11 10 9 11 10 9 11 11 10 8 11 9 11 10 11 11 10 9 11 12 15 14 11 14 13 10 14 12 15 12 15 12 12 13 12 15 14 10 14 13 17 17 13 17 16 13 17 16 16 13 16 13 17 16 16 16 17 13 16 14 18 19 14 19 18 14 20 19 20 14 20 14 19 20 20 20 21 14 18 15 23 20 16 24 20 16 23 20 23 16 22 15 20 24 22 24 24 15 20 

528.967032967033 13541.21978021978 11330.827838827838
5 1 11 14 12 15 19 17 4 10 6 9 18 2 13 3 8 7 16 0 
0 1 2 0 1 2 0 1 2 0 1 0 0 2 0 0 0 0 0 1 
2 3 3 1 1 1 0 1 3 2 1 2 0 0 1 2 2 1 2 2 3 7 4 4 4 5 6 4 5 4 4 5 4 5 6 4 4 3 6 6 7 8 6 7 8 9 7 9 8 7 9 7 7 9 7 7 7 7 7 9 8 10 11 8 11 11 9 11 10 9 11 9 9 11 8 9 9 8 9 11 10 13 12 10 13 15 11 12 14 12 15 10 10 15 12 12 12 10 12 15 13 16 17 13 16 16 13 17 16 13 16 13 13 17 13 13 13 13 13 16 14 21 19 14 18 18 14 21 19 14 20 14 14 19 14 14 14 14 14 21 15 23 20 16 23 20 16 23 20 15 23 15 15 20 16 15 16 16 15 24 

340.75824175824175 13527.513867085294 10911.750915750916
13 3 10 4 19 8 7 18 12 17 1 6 0 14 5 15 9 11 2 16 
0 1 2 0 1 2 0 1 2 0 2 2 2 2 1 2 1 1 0 0 
1 1 1 0 1 2 0 3 1 2 0 2 2 1 2 0 2 3 2 2 3 4 5 4 5 4 5 5 5 6 4 5 5 5 4 5 5 6 3 5 7 9 7 7 8 8 7 9 7 7 8 6 7 9 9 7 9 9 7 7 8 10 11 9 11 11 9 11 11 9 10 10 10 10 11 11 10 10 9 9 11 15 12 12 13 14 10 13 15 10 13 14 13 15 14 12 14 12 12 12 13 17 16 13 16 17 13 16 16 13 16 16 17 16 17 16 17 17 13 13 14 18 18 14 21 18 14 19 19 14 19 18 19 18 20 18 21 19 14 14 15 24 20 15 22 20 16 24 20 15 20 20 20 20 24 20 22 24 16 16 

380.28571428571433 13403.161695447408 10871.85347985348
0 5 18 6 4 15 2 17 19 16 3 1 10 13 8 9 14 11 7 12 
0 1 2 0 1 2 0 1 2 0 1 1 0 2 2 2 1 2 0 0 
0 1 3 2 0 1 2 3 2 0 0 3 1 3 2 1 3 2 2 0 6 6 4 4 7 4 6 7 4 3 7 6 5 5 4 4 5 5 5 3 7 9 7 7 8 8 7 9 7 7 9 8 7 7 7 8 8 6 7 7 8 11 11 9 10 10 9 11 10 8 11 10 8 10 10 10 11 10 8 9 11 13 13 12 15 14 10 14 13 12 15 15 12 14 12 12 12 12 11 11 13 17 17 13 17 16 13 17 17 13 16 16 13 17 17 17 17 16 13 13 14 20 18 14 20 18 14 20 19 14 19 21 14 18 18 19 18 19 14 14 16 23 20 15 24 20 15 24 20 16 22 24 15 20 20 20 24 20 16 16 

315.978021978022 14308.238095238099 11043.329670329667
7 15 13 10 8 17 11 2 16 5 6 14 12 4 1 19 3 9 18 0 
0 1 2 0 1 2 0 1 2 1 0 1 1 0 1 1 2 0 2 2 
1 1 1 1 1 3 1 1 1 0 1 3 0 0 1 1 3 0 1 2 6 6 4 5 7 5 5 5 5 7 4 5 4 6 4 4 5 5 5 5 7 8 8 7 9 6 7 9 8 9 7 9 9 7 8 8 7 7 7 8 8 10 11 9 11 11 9 10 10 11 8 10 11 9 11 11 10 8 10 11 12 13 13 12 15 12 11 12 14 15 10 15 15 11 12 12 15 11 15 14 13 17 16 13 16 16 13 16 16 17 13 17 16 13 17 16 17 13 17 17 14 20 19 14 20 18 14 21 19 21 14 21 21 14 21 21 19 14 18 18 16 22 20 15 23 20 15 23 20 23 15 22 22 16 23 23 20 15 20 20 

454.1428571428572 13579.08922030351 11219.501831501833
3 0 7 2 1 17 6 19 12 9 5 13 11 15 14 18 10 4 16 8 
0 1 2 0 1 2 0 1 2 1 0 1 0 1 1 2 2 0 0 0 
2 1 3 0 3 3 0 2 2 0 2 1 2 2 3 2 2 1 2 0 6 5 5 4 5 5 4 4 4 4 6 7 4 7 4 4 5 3 3 6 7 9 6 7 9 9 7 8 7 9 7 9 7 8 9 7 6 7 7 7 8 10 10 8 11 10 8 11 11 11 8 10 9 11 10 10 10 9 8 9 10 12 15 12 13 12 10 15 13 14 12 12 11 12 12 15 14 11 11 10 13 16 16 13 17 17 13 16 16 17 13 16 13 16 16 17 16 13 13 13 14 18 18 14 20 19 14 18 18 21 14 20 14 18 20 19 18 14 14 14 16 24 20 15 24 20 16 22 20 23 16 22 16 24 24 20 20 15 16 15 

362.8791208791208 13523.134484563054 11020.500000000002
8 4 9 14 1 5 12 16 6 7 19 11 2 15 13 17 10 3 18 0 
0 1 2 0 1 2 0 1 2 0 0 0 1 1 2 2 1 0 0 0 
1 3 2 0 2 2 2 1 3 1 0 2 3 0 0 2 0 1 2 2 5 5 5 6 4 4 3 4 5 3 3 4 6 4 4 4 5 5 3 5 7 8 7 7 9 8 7 8 7 7 7 7 8 8 8 9 9 7 7 7 8 11 11 9 10 11 8 10 11 9 9 8 10 11 11 11 11 8 8 8 12 12 12 12 15 12 10 13 12 11 10 11 14 12 14 15 14 11 11 12 13 16 16 13 16 16 13 16 16 13 13 13 16 17 16 17 16 13 13 13 14 20 19 14 20 18 14 19 18 14 14 14 18 21 19 18 18 14 14 14 15 23 20 15 23 20 16 22 20 15 16 16 22 23 20 20 22 15 16 16 

465.0219780219781 13882.909994767135 11058.126373626375
19 13 8 3 10 7 17 14 18 0 4 11 1 12 9 5 6 15 16 2 
0 1 2 0 1 2 0 1 2 0 1 2 2 1 2 0 0 0 1 0 
1 1 1 2 3 2 0 1 0 1 1 1 3 0 2 1 1 0 2 0 4 5 4 6 4 5 4 7 5 5 6 5 5 4 5 3 5 6 4 3 7 9 6 7 9 8 7 8 6 7 9 6 6 8 7 7 7 7 9 7 8 11 11 9 10 11 9 10 11 9 11 10 11 10 10 9 8 9 10 9 12 12 13 11 14 13 10 13 12 12 13 15 13 14 13 10 11 10 14 10 13 17 17 13 17 16 13 16 17 13 17 16 16 16 16 13 13 13 16 13 14 21 19 14 19 19 14 20 19 14 19 18 18 19 18 14 14 14 20 14 16 24 20 15 22 20 16 24 20 15 24 20 20 23 20 15 15 15 22 16 

353.5714285714286 13554.707221350078 10899.851648351649
3 11 7 4 16 12 13 17 5 15 18 1 2 9 0 14 8 6 19 10 
0 1 2 0 1 2 0 1 2 0 2 2 0 0 1 0 1 2 2 1 
2 3 3 1 2 1 1 1 3 2 1 1 1 1 1 2 3 0 3 3 6 5 5 4 5 5 3 7 4 4 4 4 6 3 5 5 4 5 5 5 7 8 6 7 9 8 7 9 9 7 8 9 7 7 9 7 9 7 6 8 8 11 10 9 11 10 9 11 10 8 10 11 9 9 11 8 10 10 11 10 11 12 13 10 15 15 11 12 12 12 12 14 10 10 12 12 15 14 15 13 13 17 16 13 17 17 13 17 16 13 17 16 13 13 17 13 17 17 16 17 14 21 18 14 18 19 14 18 18 14 18 18 14 14 19 14 18 18 19 19 16 23 20 15 24 20 16 23 20 16 20 20 15 15 22 15 24 20 20 22 

351.8791208791208 13914.180272108842 11118.756410256412
0 3 2 14 18 11 9 16 13 1 6 15 8 19 10 4 7 17 12 5 
0 1 2 0 1 2 0 1 2 1 2 1 1 1 0 0 0 1 2 0 
2 3 3 1 0 0 2 2 0 2 2 0 1 3 2 0 1 0 3 0 6 7 4 5 4 5 3 6 5 7 5 7 7 7 3 6 3 6 5 3 7 8 6 7 8 9 7 8 6 8 8 8 8 8 7 7 7 8 6 7 8 10 11 9 11 10 9 10 10 11 11 10 10 10 9 9 8 10 10 9 10 15 15 11 13 13 11 13 12 13 12 13 13 12 11 12 12 15 12 10 13 17 16 13 16 16 13 17 16 17 16 17 17 16 13 13 13 17 16 13 14 18 18 14 18 18 14 18 18 19 18 20 18 19 14 14 14 19 18 14 15 23 20 16 23 20 16 24 20 23 20 23 24 24 16 16 15 22 20 16 

410.021978021978 13789.284929356358 11122.184981684979
19 1 10 16 5 12 9 13 3 8 7 0 15 14 2 11 18 6 4 17 
0 1 2 0 1 2 0 1 2 0 1 1 1 0 2 2 1 1 0 0 
0 0 1 2 0 1 1 3 2 1 0 1 0 1 1 3 1 0 1 2 5 7 4 5 7 4 4 6 4 6 5 4 6 6 5 4 6 6 4 5 7 8 8 7 8 8 7 8 9 7 9 9 8 7 6 8 8 9 7 7 9 11 11 8 11 11 9 11 10 9 11 10 10 9 11 11 11 11 8 8 10 15 13 10 14 15 12 14 14 11 12 14 12 12 15 14 13 15 12 12 13 16 16 13 16 17 13 17 16 13 16 17 16 13 17 17 17 16 13 13 14 21 18 14 18 18 14 19 18 14 19 20 20 14 18 18 20 20 14 14 15 23 20 16 22 20 15 23 20 15 22 22 24 15 20 20 24 22 15 15 

433.7142857142858 13597.752485609628 11100.368131868134
8 11 5 6 16 13 15 17 10 1 2 3 19 14 12 0 18 7 4 9 
0 1 2 0 1 2 0 1 2 0 2 2 0 1 0 1 1 2 0 0 
0 2 0 2 0 2 0 0 3 0 1 1 2 0 2 3 0 1 0 2 6 6 5 5 4 4 4 4 5 3 4 5 4 7 4 7 5 5 6 4 7 9 8 7 8 8 7 8 8 7 7 7 7 9 7 9 8 8 7 7 9 11 10 9 11 10 9 11 11 8 10 11 8 10 8 11 11 11 8 8 10 12 14 10 14 12 11 14 13 11 13 12 10 12 10 12 12 12 12 11 13 16 17 13 16 16 13 16 16 13 16 16 13 17 13 16 17 17 13 13 14 21 19 14 21 19 14 20 19 14 18 18 14 20 14 20 19 18 14 14 15 23 20 15 23 20 15 23 20 15 20 20 16 24 15 23 23 20 15 15 

394.6703296703297 13819.009157509156 11074.653846153848
10 13 8 18 3 17 12 0 11 5 4 9 1 14 16 15 7 6 2 19 
0 1 2 0 1 2 0 1 2 1 2 2 1 0 1 1 0 0 0 0 
1 1 2 1 3 2 2 3 0 1 2 2 2 0 0 3 2 1 0 0 6 5 4 5 6 5 3 6 4 7 5 5 4 5 7 4 6 4 5 6 7 8 8 7 9 8 7 8 7 8 6 9 9 7 9 8 7 7 7 7 9 11 10 9 10 11 8 11 10 10 11 11 10 8 10 10 8 9 8 9 10 14 15 11 15 13 11 13 13 15 14 13 14 11 15 15 11 10 12 10 13 16 16 13 16 17 13 17 16 16 16 16 17 13 17 17 13 13 13 13 14 19 18 14 20 19 14 19 19 20 19 19 19 14 21 18 14 14 14 14 15 22 20 15 24 20 15 23 20 23 20 20 24 15 24 24 16 16 15 16 

498.26373626373623 13474.20094191523 11189.267399267399
4 9 19 11 1 8 5 13 0 3 14 15 17 18 7 12 2 10 16 6 
0 1 2 0 1 2 0 1 2 1 0 2 1 2 2 0 0 0 1 0 
0 0 0 0 2 1 0 1 1 1 2 2 0 0 2 2 2 0 1 1 5 6 5 3 6 4 5 4 5 7 6 5 6 5 4 3 3 4 7 5 7 8 8 7 9 8 7 8 8 9 7 7 8 8 7 7 7 7 9 7 9 11 10 9 11 11 8 10 10 11 9 11 10 10 11 9 8 9 11 8 12 13 14 12 14 15 12 13 12 14 10 15 13 14 13 10 11 11 14 12 13 17 16 13 17 16 13 17 16 17 13 16 17 16 17 13 13 13 16 13 14 20 18 14 19 19 14 20 18 19 14 18 20 19 19 14 14 14 18 14 16 22 20 15 23 20 15 24 20 23 15 20 22 20 20 16 16 15 23 16 

460.3076923076923 13383.696232339085 11114.904761904761
8 11 12 0 5 9 6 1 16 3 10 13 7 18 17 14 15 19 2 4 
0 1 2 0 1 2 0 1 2 0 1 0 2 0 2 0 0 0 1 0 
1 3 3 1 3 0 1 0 1 1 2 0 3 1 1 2 1 1 3 2 5 4 5 4 6 4 6 4 5 3 7 5 5 5 5 6 6 3 4 3 7 9 9 7 9 7 7 9 7 7 9 7 8 7 9 7 7 7 9 7 9 10 11 9 10 10 9 10 10 9 10 8 10 8 10 9 9 9 11 9 10 14 14 10 15 14 12 12 15 12 15 10 12 11 12 10 12 11 13 10 13 17 16 13 17 17 13 17 16 13 16 13 16 13 16 13 13 13 17 13 14 19 19 14 20 18 14 18 19 14 19 14 19 14 18 14 14 14 21 14 16 24 20 16 22 20 16 23 20 16 23 15 20 16 20 15 15 15 23 16 

415.82417582417577 13394.96781789639 11106.42490842491
14 15 1 8 0 2 13 3 10 16 9 17 19 5 7 12 6 11 4 18 
0 1 2 0 1 2 0 1 2 2 0 1 0 0 0 1 1 2 0 0 
0 3 2 2 2 2 1 0 3 2 0 3 0 2 2 1 2 3 0 0 5 4 5 5 4 4 4 7 4 4 4 7 4 5 5 5 4 5 5 3 7 8 8 7 9 9 7 9 6 8 7 9 7 7 7 8 8 6 7 7 8 10 10 9 11 10 9 11 10 10 8 11 8 9 8 10 10 11 8 8 10 12 14 11 15 14 11 14 12 14 12 12 11 12 10 12 13 14 12 10 13 16 16 13 17 16 13 17 17 16 13 17 13 13 13 17 17 16 13 13 14 21 19 14 19 18 14 21 19 18 14 18 14 14 14 18 20 19 14 14 16 22 20 16 24 20 15 23 20 20 16 22 16 15 16 23 23 20 16 15 

366.86813186813185 14112.985871271585 11100.617216117216
16 10 1 3 0 18 17 2 6 8 12 13 19 4 7 14 5 11 15 9 
0 1 2 0 1 2 0 1 2 0 1 0 2 1 0 0 1 1 2 0 
1 0 2 1 3 2 1 3 2 0 2 2 3 1 1 1 0 2 3 1 5 6 5 5 6 5 3 4 4 5 5 5 5 6 3 6 6 4 5 3 7 8 6 7 8 6 7 8 7 7 8 7 6 8 7 7 9 9 9 7 8 10 10 8 10 10 8 10 10 9 11 8 11 11 8 9 10 10 10 9 10 13 12 10 15 15 10 13 12 12 12 12 15 14 10 11 14 14 14 12 13 17 17 13 17 17 13 17 17 13 17 13 17 16 13 13 16 17 16 13 14 18 18 14 21 19 14 19 19 14 21 14 19 18 14 14 21 18 19 14 15 22 20 15 23 20 16 24 20 15 24 16 20 24 16 16 23 22 20 15 

431.2967032967033 13466.461538461537 11125.08424908425
16 13 2 11 3 9 18 1 4 10 6 0 7 5 17 14 19 12 15 8 
0 1 2 0 1 2 0 1 2 1 0 0 1 0 2 0 0 1 2 1 
0 2 1 0 0 1 0 2 2 1 2 1 1 1 3 2 0 2 0 0 4 4 5 6 5 5 6 6 4 7 5 5 7 6 4 4 6 4 5 5 7 8 9 7 9 6 7 8 7 8 7 7 9 7 8 7 7 9 9 8 9 10 10 8 10 11 8 10 10 11 8 8 10 8 11 9 9 10 10 10 10 15 14 12 14 14 12 13 15 12 12 11 12 11 12 11 10 12 12 14 13 16 16 13 16 17 13 16 16 17 13 13 16 13 16 13 13 17 16 17 14 20 19 14 19 18 14 21 19 20 14 14 21 14 18 14 14 18 19 18 16 22 20 15 24 20 15 23 20 22 15 16 23 16 20 16 15 23 20 22 

316.46153846153845 13976.227629513345 10951.78205128205
15 12 19 13 5 7 0 16 1 10 9 18 14 6 17 11 8 3 2 4 
0 1 2 0 1 2 0 1 2 0 2 1 2 0 0 1 0 1 1 2 
2 3 2 2 1 3 1 1 2 1 2 2 3 2 1 3 1 2 1 1 3 6 4 6 5 5 5 4 5 3 5 6 5 5 4 6 4 5 4 4 7 8 9 7 9 7 7 9 8 7 7 8 8 7 7 8 7 9 9 6 8 10 10 9 11 11 9 11 10 8 10 10 10 8 8 10 8 11 10 11 12 14 13 10 15 14 11 15 13 12 13 14 14 11 11 15 12 12 14 14 13 16 16 13 17 16 13 17 16 13 17 17 16 13 13 16 13 17 17 17 14 21 18 14 19 18 14 19 18 14 19 19 19 14 14 19 14 21 20 18 16 24 20 15 24 20 15 23 20 16 20 24 20 15 15 22 15 23 24 20 

407.967032967033 13360.816849816847 10876.749084249082
5 7 3 10 17 11 16 14 1 2 0 15 8 12 4 19 9 13 6 18 
0 1 2 0 1 2 0 1 2 2 1 2 1 2 0 2 1 2 0 0 
2 3 2 2 0 2 0 3 1 0 1 1 2 2 0 3 3 1 2 2 4 4 5 5 4 5 3 4 4 4 6 4 5 5 3 4 4 5 5 4 7 8 6 7 9 9 7 8 8 8 8 6 9 7 7 7 8 6 7 7 9 10 10 8 11 11 9 10 10 10 11 11 10 11 8 10 10 10 8 9 12 14 12 12 15 15 12 15 12 12 15 13 15 15 10 15 14 13 12 11 13 17 16 13 16 17 13 16 17 16 17 17 17 16 13 17 16 17 13 13 14 18 19 14 21 18 14 18 18 18 19 19 20 18 14 19 21 19 14 14 16 24 20 16 23 20 16 23 20 20 22 20 22 20 16 20 23 20 16 16 

391.28571428571433 14597.032705389847 11308.732600732601
8 1 5 2 17 0 13 10 18 15 19 14 12 16 11 4 3 6 9 7 
0 1 2 0 1 2 0 1 2 1 1 0 1 0 1 1 0 0 0 1 
1 1 2 2 0 2 2 0 1 2 0 1 2 0 0 1 1 1 1 3 4 6 5 6 6 4 4 4 4 6 6 3 7 6 5 6 3 5 3 6 7 9 6 7 8 6 7 9 7 8 9 7 9 7 8 9 7 7 7 9 8 10 10 8 11 11 8 10 11 10 10 9 10 9 10 11 9 8 9 10 11 15 12 12 13 12 11 12 15 14 12 10 13 11 13 13 12 12 10 13 13 17 17 13 17 16 13 16 16 17 16 13 16 13 16 16 13 13 13 17 14 20 19 14 18 19 14 21 18 19 18 14 20 14 21 19 14 14 14 21 15 24 20 15 22 20 15 23 20 22 23 15 23 15 24 22 16 16 16 22 

464.78021978021985 13706.545787545787 11260.064102564103
17 1 0 15 14 16 6 12 2 5 3 10 8 19 9 4 7 18 11 13 
0 1 2 0 1 2 0 1 2 0 1 1 0 0 2 0 1 2 1 0 
2 2 0 0 2 2 1 3 0 0 0 0 1 2 2 0 0 2 2 0 5 6 5 3 4 5 5 6 5 4 4 4 6 3 4 3 7 5 7 5 7 9 8 7 8 9 7 8 9 7 9 8 7 7 7 7 9 7 8 7 8 10 11 9 11 10 8 10 11 8 10 10 8 8 11 9 10 11 11 8 10 15 14 12 13 15 10 14 15 12 13 13 11 12 12 10 12 14 15 12 13 16 16 13 16 16 13 17 16 13 16 16 13 13 17 13 17 17 17 13 14 18 19 14 19 19 14 21 18 14 21 20 14 14 19 14 21 19 19 14 15 22 20 15 24 20 15 23 20 15 23 22 15 15 20 15 23 20 24 15 

422.8351648351649 13298.56907378336 10975.913919413917
7 11 18 15 16 19 0 13 14 3 8 9 5 10 4 17 2 6 1 12 
0 1 2 0 1 2 0 1 2 0 2 0 2 0 1 0 0 0 0 2 
1 2 2 2 1 3 0 1 3 1 3 2 2 1 0 1 0 2 0 2 5 7 4 4 4 5 4 6 5 6 5 3 5 6 6 3 5 6 5 4 7 9 7 7 9 9 7 8 8 7 9 7 8 7 8 7 7 7 7 6 9 11 10 9 10 10 8 11 10 8 11 8 10 8 10 9 9 9 9 11 11 14 12 10 13 12 10 15 13 11 13 12 15 12 12 12 11 11 10 14 13 17 17 13 17 17 13 17 16 13 17 13 16 13 16 13 13 13 13 17 14 18 18 14 20 18 14 18 19 14 19 14 19 14 21 14 14 14 14 19 16 23 20 16 22 20 15 22 20 16 20 15 20 16 22 16 15 16 15 20 

403.2527472527472 13392.697540554682 11002.027472527474
14 7 16 12 1 0 10 9 15 4 19 6 18 3 11 13 5 2 8 17 
0 1 2 0 1 2 0 1 2 0 2 2 2 2 1 1 0 0 0 1 
0 0 0 1 1 2 0 3 2 1 3 3 1 1 2 1 2 0 0 3 6 7 5 4 6 4 5 4 4 4 5 5 5 5 7 6 6 4 6 6 7 8 7 7 8 8 7 8 6 7 9 9 6 9 9 9 7 7 7 9 8 11 10 8 10 10 9 11 11 8 10 10 11 10 11 10 9 9 9 11 11 12 14 11 15 14 12 14 13 12 13 15 13 15 13 13 10 10 11 13 13 17 17 13 17 17 13 17 17 13 17 16 16 17 17 17 13 13 13 16 14 20 18 14 20 19 14 19 18 14 19 19 18 18 18 21 14 14 14 21 16 22 20 16 23 20 16 22 20 15 20 20 20 20 22 22 15 15 15 22 

379.6813186813187 14335.75170068027 11139.91391941392
14 16 13 3 4 6 10 19 15 8 17 5 7 18 9 11 2 1 12 0 
0 1 2 0 1 2 0 1 2 0 1 0 1 1 1 0 1 1 0 0 
1 1 2 0 2 0 2 0 0 1 1 1 0 2 3 2 0 1 2 0 5 6 4 6 5 5 5 6 5 6 6 5 5 6 7 3 6 6 3 4 7 8 6 7 9 8 7 8 6 7 9 7 8 9 8 7 8 9 7 7 9 10 10 9 10 10 9 10 11 8 10 9 10 10 10 8 10 10 9 8 10 13 14 12 13 12 12 12 14 12 13 11 14 13 14 10 14 13 12 10 13 16 17 13 17 17 13 16 17 13 16 13 17 17 17 13 17 17 13 13 14 18 18 14 19 19 14 20 18 14 19 14 19 19 18 14 21 19 14 14 16 22 20 16 23 20 16 22 20 16 23 15 23 23 23 16 22 22 16 16 

322.2637362637363 14171.571690214543 10867.738095238094
7 8 16 9 10 19 12 15 11 1 4 3 14 2 5 18 0 17 13 6 
0 1 2 0 1 2 0 1 2 1 1 2 2 1 0 2 1 0 1 0 
2 0 1 2 1 2 2 3 1 0 2 1 1 1 2 1 1 0 1 1 3 6 5 3 4 4 6 5 4 7 6 4 4 4 4 5 5 4 4 6 7 9 7 7 8 8 7 8 6 9 8 7 7 9 7 7 8 7 8 7 8 10 10 8 11 10 9 11 11 10 10 10 10 11 8 10 10 8 10 9 12 15 15 10 12 12 10 12 15 14 14 15 12 12 10 15 13 11 15 12 13 17 17 13 16 17 13 16 16 16 17 17 16 16 13 16 17 13 17 13 14 20 19 14 18 18 14 20 18 20 20 19 19 18 14 19 20 14 21 14 15 24 20 16 22 20 16 23 20 23 22 20 20 23 16 20 22 15 24 15 

337.3736263736264 13984.154892726317 10971.137362637362
12 18 8 9 14 19 13 5 7 4 17 15 6 10 2 16 3 11 1 0 
0 1 2 0 1 2 0 1 2 1 0 2 0 1 2 1 0 2 0 0 
0 0 2 1 0 3 1 3 1 3 0 1 2 2 1 0 0 0 0 0 6 4 4 4 5 5 5 7 5 5 5 4 4 7 5 7 5 5 4 4 7 8 8 7 9 9 7 8 9 8 7 7 7 8 6 9 7 8 7 7 9 11 11 8 10 10 8 10 11 11 8 10 9 10 10 11 8 11 8 8 11 13 14 11 13 14 10 15 12 15 11 12 10 14 12 12 12 13 12 10 13 16 16 13 16 17 13 17 16 16 13 16 13 17 16 17 13 16 13 13 14 18 19 14 20 19 14 20 18 19 14 19 14 19 18 18 14 18 14 14 15 22 20 15 23 20 16 23 20 23 16 20 15 23 20 22 16 20 16 15 

396.24175824175825 13882.753793825219 11176.712454212455
10 3 18 17 4 8 0 9 12 2 6 7 14 13 11 1 16 5 15 19 
0 1 2 0 1 2 0 1 2 1 2 0 0 0 1 0 0 1 2 0 
2 2 2 0 2 2 1 0 1 0 1 2 0 2 1 1 1 0 2 2 3 4 4 6 7 5 6 5 4 7 5 3 4 6 4 3 5 4 5 6 7 8 8 7 9 6 7 9 7 8 7 7 7 7 9 7 7 8 7 7 8 11 11 9 10 10 8 10 11 11 11 8 9 8 10 8 9 10 10 8 11 15 13 11 14 15 10 14 15 13 14 11 10 10 15 10 10 15 12 10 13 16 17 13 17 17 13 16 17 17 17 13 13 13 16 13 13 17 17 13 14 19 18 14 20 19 14 20 18 18 18 14 14 14 18 14 14 19 19 14 15 23 20 15 22 20 16 24 20 23 20 16 16 15 23 16 15 24 20 16 

459.8241758241758 13710.46180010466 11138.893772893774
5 13 4 6 10 14 11 12 2 1 15 8 19 0 16 18 7 9 17 3 
0 1 2 0 1 2 0 1 2 2 0 1 0 1 1 1 0 2 0 0 
2 3 0 1 3 3 2 0 2 1 1 2 0 2 2 1 2 1 2 1 3 7 4 6 5 5 5 5 4 4 6 4 3 6 4 7 6 5 3 6 7 8 8 7 8 9 7 9 9 7 7 9 7 9 9 9 7 7 7 7 8 11 11 9 10 10 9 11 11 10 8 11 8 11 11 11 8 10 9 8 11 15 15 10 14 14 11 14 13 15 10 15 11 13 15 12 10 14 10 10 13 16 17 13 17 16 13 16 16 17 13 17 13 16 16 16 13 16 13 13 14 18 18 14 21 19 14 20 18 18 14 21 14 19 18 18 14 19 14 14 16 24 20 16 24 20 16 24 20 20 16 23 15 24 24 22 16 20 15 15 

506.967032967033 13531.680272108842 11252.50915750916
5 18 15 17 4 9 19 7 12 13 1 0 6 10 3 14 2 11 8 16 
0 1 2 0 1 2 0 1 2 2 1 2 0 0 0 0 1 1 2 0 
1 1 3 1 0 1 0 3 0 1 1 3 0 2 2 1 3 3 3 1 5 7 5 3 6 5 6 5 4 4 7 5 3 3 4 3 7 6 5 3 7 9 9 7 9 9 7 8 8 7 8 6 7 7 7 7 8 9 9 7 9 10 10 8 11 10 9 10 10 10 10 11 8 8 8 8 11 10 11 9 12 14 15 12 15 14 12 15 15 13 14 15 11 10 11 12 13 14 14 10 13 16 17 13 17 16 13 16 17 16 17 17 13 13 13 13 17 16 17 13 14 18 19 14 19 19 14 21 19 18 19 19 14 14 14 14 20 21 18 14 16 23 20 16 22 20 15 23 20 20 24 20 16 15 16 16 24 23 20 16 

448.21978021978026 13912.595761381477 11189.490842490843
6 2 5 0 18 17 14 10 13 11 19 8 16 4 7 9 3 12 1 15 
0 1 2 0 1 2 0 1 2 1 0 1 1 0 0 0 0 1 2 0 
1 1 2 1 3 1 2 3 0 0 0 1 0 0 1 1 0 1 1 2 4 5 4 5 7 4 5 6 4 6 5 5 6 5 5 3 4 4 5 5 7 8 7 7 8 7 7 9 9 9 7 8 8 7 7 7 7 9 8 7 9 10 10 9 11 10 8 10 11 11 8 10 11 9 8 8 9 10 10 9 11 12 13 10 13 12 10 13 15 13 11 15 14 12 10 12 11 14 14 10 13 16 16 13 16 16 13 16 16 16 13 17 17 13 13 13 13 16 16 13 14 20 18 14 20 18 14 20 18 20 14 19 21 14 14 14 14 19 19 14 16 22 20 16 24 20 16 24 20 22 15 24 24 16 16 15 15 23 20 16 

446.4065934065934 13765.166928309787 11066.399267399269
4 15 8 5 16 10 18 13 14 3 11 0 19 9 17 6 12 7 2 1 
0 1 2 0 1 2 0 1 2 0 0 0 0 0 1 2 1 0 1 2 
1 0 2 0 0 2 2 2 1 2 2 2 0 0 2 2 3 1 2 3 5 5 4 4 5 4 6 5 4 6 5 3 3 5 4 5 5 4 4 4 7 9 7 7 8 9 7 9 9 7 7 7 7 7 8 8 8 7 8 6 9 11 10 9 11 11 9 10 10 8 8 8 9 9 11 11 11 8 10 10 10 14 14 10 13 15 11 13 14 11 12 12 11 11 14 15 15 10 14 12 13 17 17 13 16 16 13 16 17 13 13 13 13 13 17 17 16 13 16 16 14 19 18 14 19 19 14 20 18 14 14 14 14 14 21 18 18 14 18 18 15 22 20 15 24 20 15 24 20 15 16 15 15 15 24 20 24 16 23 20 

414.4945054945056 13723.802721088434 10994.133699633698
17 19 18 2 8 1 11 5 14 16 15 4 10 9 13 12 7 0 6 3 
0 1 2 0 1 2 0 1 2 2 2 1 0 0 1 0 0 2 0 2 
2 2 0 0 0 0 0 2 1 2 3 1 2 1 0 1 2 3 1 2 6 6 4 4 7 5 4 7 4 5 4 6 5 6 6 3 4 5 6 5 7 8 6 7 9 8 7 9 9 8 7 9 7 7 8 7 7 8 7 7 8 11 11 9 11 10 9 11 11 10 11 10 9 9 10 8 8 11 9 10 12 12 13 11 15 15 10 15 13 12 14 12 11 12 13 12 11 14 12 13 13 16 16 13 16 16 13 17 16 16 16 17 13 13 17 13 13 16 13 16 14 18 19 14 18 18 14 18 19 19 19 20 14 14 21 14 14 18 14 19 15 23 20 15 24 20 16 23 20 20 20 22 16 16 24 15 16 20 16 20 

314.2857142857143 14050.616954474097 11054.873626373628
3 4 7 10 5 16 12 13 17 11 0 15 19 1 9 18 14 2 6 8 
0 1 2 0 1 2 0 1 2 2 0 0 1 1 1 0 0 1 2 1 
1 0 1 1 1 0 2 1 2 1 1 2 3 2 2 1 2 2 3 1 5 7 4 3 7 5 3 6 5 5 3 4 4 5 5 3 6 6 4 6 7 9 9 7 8 9 7 8 9 9 7 7 9 9 9 7 7 9 6 8 9 10 11 8 11 11 8 10 10 10 9 8 10 11 10 8 8 10 11 11 11 13 14 11 12 13 10 15 12 12 10 11 13 14 15 11 12 12 15 14 13 16 16 13 16 17 13 16 17 16 13 13 17 17 17 13 13 16 16 17 14 21 19 14 19 18 14 20 18 18 14 14 21 20 21 14 14 21 18 19 15 24 20 15 23 20 15 24 20 20 15 15 24 24 22 15 16 24 20 24 

362.39560439560444 14010.7967032967 10944.210622710621
5 0 18 2 3 15 12 1 17 8 10 7 6 14 19 16 9 4 13 11 
0 1 2 0 1 2 0 1 2 1 2 2 0 1 2 0 2 1 1 1 
0 1 0 1 2 1 1 2 3 0 0 1 1 1 2 0 2 2 2 2 3 7 5 6 6 4 5 6 5 6 4 4 5 5 4 5 5 4 7 6 7 8 8 7 8 9 7 9 6 9 9 9 7 9 8 7 8 9 8 8 9 10 11 9 10 11 8 10 11 10 10 11 9 10 11 9 10 11 10 11 10 12 15 10 13 13 12 15 12 15 15 13 11 12 15 12 14 12 14 15 13 16 16 13 17 16 13 16 17 17 17 17 13 17 16 13 16 17 17 17 14 19 18 14 18 18 14 20 19 19 18 19 14 19 18 14 18 20 19 20 15 22 20 16 23 20 16 22 20 23 20 20 15 22 20 16 20 24 22 23 

532.7142857142858 13503.559916274206 11318.260073260077
13 1 5 19 16 7 15 6 17 0 8 11 2 18 10 12 4 9 14 3 
0 1 2 0 1 2 0 1 2 2 2 0 0 1 0 1 0 0 0 0 
0 0 1 0 0 2 0 2 0 3 1 1 0 3 1 0 1 2 0 0 6 5 4 6 7 5 3 7 5 5 5 6 5 5 3 6 6 6 4 3 7 9 9 7 9 9 7 9 6 7 6 7 7 9 7 8 7 7 7 7 9 11 10 9 11 10 8 10 10 11 11 8 9 10 9 11 8 9 9 8 12 14 13 10 15 12 11 13 15 12 13 11 10 15 10 15 12 12 10 10 13 16 16 13 16 17 13 16 17 17 17 13 13 17 13 17 13 13 13 13 14 19 19 14 19 18 14 20 19 19 18 14 14 20 14 18 14 14 14 14 16 22 20 15 24 20 15 24 20 20 20 15 16 23 16 24 16 15 15 15 

402.8901098901099 13760.963893249605 10999.117216117213
15 9 11 3 17 14 13 1 19 8 6 0 16 10 5 12 2 7 4 18 
0 1 2 0 1 2 0 1 2 1 2 0 1 1 0 0 2 0 0 2 
0 0 3 2 3 1 2 1 0 0 0 1 3 2 0 2 1 0 2 1 4 5 4 5 5 5 5 6 4 6 5 3 7 5 5 5 4 4 6 5 7 9 7 7 8 7 7 9 6 9 6 7 9 9 7 7 7 7 7 8 9 10 11 8 11 11 8 10 11 10 10 8 11 10 8 9 10 8 9 10 12 12 13 11 15 13 10 14 14 14 12 10 13 15 10 11 13 11 11 13 13 16 17 13 16 17 13 16 17 16 17 13 16 17 13 13 16 13 13 17 14 21 19 14 18 19 14 21 19 21 19 14 18 18 14 14 19 14 14 19 16 22 20 16 23 20 15 22 20 23 20 15 24 22 15 16 20 16 15 20 

356.1098901098902 14083.456567242278 11124.29304029304
14 3 15 9 13 2 18 19 17 1 8 0 11 6 7 4 10 12 16 5 
0 1 2 0 1 2 0 1 2 1 1 1 0 0 1 2 2 0 0 1 
2 0 3 2 3 1 1 3 2 0 3 3 1 0 0 3 3 0 2 3 5 4 5 6 5 4 3 4 5 7 7 5 4 6 5 4 5 5 6 7 7 9 7 7 9 6 7 9 9 8 9 9 7 7 9 8 6 7 7 8 8 10 10 8 11 10 8 11 11 10 11 11 8 9 10 10 11 8 8 10 12 12 14 11 13 12 10 15 14 13 13 15 11 10 13 15 12 11 12 15 13 16 16 13 17 16 13 17 16 17 17 17 13 13 17 16 17 13 13 16 14 21 19 14 20 18 14 21 18 18 19 19 14 14 21 18 19 14 14 21 16 22 20 16 22 20 15 22 20 23 22 22 16 16 23 20 20 15 15 23 

304.7362637362637 14158.61616954474 10979.384615384617
0 1 19 10 5 11 16 8 6 7 17 2 15 12 18 13 14 9 3 4 
0 1 2 0 1 2 0 1 2 2 1 1 0 2 1 2 0 0 1 1 
0 2 2 2 3 3 1 2 1 1 1 1 1 1 3 2 2 0 0 2 6 5 4 5 7 5 6 4 4 4 4 4 3 4 4 5 4 6 5 5 7 9 7 7 8 9 7 8 6 9 9 8 7 7 8 6 7 7 8 9 8 10 11 9 11 10 9 11 11 10 11 10 9 10 10 11 9 9 11 11 11 13 13 10 14 13 12 15 15 12 13 15 12 14 13 14 10 11 14 15 13 16 17 13 17 17 13 16 17 17 17 16 13 16 17 17 13 13 16 16 14 19 19 14 18 18 14 19 18 18 20 18 14 18 21 19 14 14 19 19 15 24 20 15 22 20 15 24 20 20 22 24 15 20 23 20 15 16 23 23 

350.4285714285714 14399.004709576137 11131.064102564102
0 15 4 5 3 11 10 12 9 19 1 2 7 16 17 13 14 8 6 18 
0 1 2 0 1 2 0 1 2 1 2 1 1 0 0 2 0 1 1 2 
1 2 2 0 3 0 0 2 2 0 0 3 1 2 1 0 2 2 3 0 5 5 4 5 6 5 6 7 5 6 4 4 6 4 6 4 5 6 5 5 7 8 9 7 8 9 7 8 8 9 9 8 8 7 7 9 7 9 8 7 8 10 10 9 10 10 8 11 10 11 10 11 10 8 8 11 8 11 10 11 11 15 15 12 15 15 10 12 13 15 13 15 15 11 10 15 10 12 13 14 13 17 16 13 16 16 13 16 16 17 16 17 16 13 13 17 13 16 17 17 14 18 18 14 21 19 14 21 19 21 19 19 18 14 14 19 14 19 19 18 16 22 20 16 23 20 15 22 20 24 20 23 23 16 15 20 16 22 22 20 

335.8021978021978 14167.813186813186 11056.950549450552
12 4 0 14 17 11 16 8 9 1 2 10 3 6 19 13 18 5 7 15 
0 1 2 0 1 2 0 1 2 1 0 1 0 2 0 1 2 1 1 1 
2 3 1 2 3 0 2 1 2 2 1 3 1 0 0 3 1 2 1 2 3 4 4 3 5 5 3 5 4 6 4 6 5 5 6 6 4 4 5 6 7 8 6 7 9 7 7 8 8 9 7 8 7 7 7 8 8 8 8 9 8 11 10 9 11 10 9 11 10 11 8 10 8 11 8 10 11 10 11 10 10 14 13 11 15 14 10 14 14 15 12 13 11 14 10 15 12 15 14 15 13 17 17 13 17 17 13 16 16 16 13 16 13 16 13 16 17 16 17 17 14 21 19 14 21 19 14 20 19 19 14 19 14 19 14 19 18 18 20 18 15 23 20 15 22 20 16 23 20 24 16 24 16 20 15 23 20 23 24 24 

336.16483516483515 13914.688906331763 10897.329670329673
0 19 12 17 6 11 10 18 1 5 4 2 8 14 15 9 7 3 13 16 
0 1 2 0 1 2 0 1 2 2 0 1 2 1 0 2 1 2 0 1 
2 1 3 1 1 0 0 3 2 3 0 3 0 3 1 3 1 1 0 1 6 4 5 6 7 5 5 4 5 5 5 7 4 4 6 5 5 4 5 7 7 9 6 7 9 6 7 9 6 9 7 8 6 9 7 6 8 7 7 8 8 11 10 9 11 11 8 10 10 11 8 10 11 10 9 10 11 11 8 10 11 14 12 11 14 15 12 13 13 15 11 14 14 15 12 14 12 12 12 14 13 16 16 13 17 17 13 17 16 17 13 16 16 17 13 17 16 17 13 17 14 18 19 14 18 19 14 21 18 19 14 21 19 20 14 18 19 18 14 19 16 24 20 16 24 20 16 24 20 20 15 24 20 24 15 20 22 20 16 23 

535.2527472527473 13398.110413396129 11124.379120879124
5 15 12 19 18 13 0 9 8 7 11 17 3 14 2 16 1 10 6 4 
0 1 2 0 1 2 0 1 2 2 0 0 0 1 1 0 2 0 0 2 
2 2 2 1 3 2 2 3 0 1 2 2 1 2 3 2 2 1 2 0 6 7 5 4 5 4 6 5 4 5 4 6 6 6 4 4 5 3 6 4 7 8 7 7 8 6 7 8 7 7 7 7 7 8 9 7 9 7 7 9 8 11 10 9 10 10 8 11 10 10 8 9 9 11 11 9 11 9 8 10 12 15 15 12 14 13 12 13 13 12 10 10 11 12 14 10 12 12 10 15 13 16 16 13 16 17 13 16 17 17 13 13 13 17 16 13 16 13 13 16 14 21 18 14 20 19 14 19 18 18 14 14 14 21 20 14 19 14 14 19 15 22 20 16 23 20 16 24 20 20 16 15 15 22 22 15 20 16 15 20 


