schemaVersion=2
semanticTag=fatigue_fm3
instanceSha256=3D72AB1B8D10C7D2629D2A2D6A675AE8264120D7920D0DE85ECE22FFF786DFA5
configurationSha256=5A477B70944F21CE9274D76BC8A7B95C24BD41B44DCF9B024C8969165E1E0AB2
instanceExtensionSha256=506929BA62AB45B80E80D30C9055738E28C647BCFC03CC3F99775ED23DE1274A
objective.0=62.572483768802535
objective.1=2161.2780389541610
objective.2=1.0000000000000000
objective.3=0.0000000000000000
objective.4=1.0000000000000000
objective.5=0.0000000000000000
objective.6=3960.6780669123177
metric.Fmax=0.65086469814739020
metric.Favg=0.32259573405513610
metric.FE=0.0000000000000000
metric.VarFw=0.037462743343728650
metric.highFatigueRatio=0.0000000000000000
metric.longestContinuousWork=37.302872882256345
metric.totalNaturalRecovery=59.301437607699825
metric.safeEvents=0
operations=20
op=0,9,0,0,1,1,0.0000000000000000,0.0000000000000000,0.0000000000000000,0.0000000000000000,0.0000000000000000,0.0000000000000000,0.0000000000000000,7.5000000000000000,2.0000000000000000,9.5000000000000000,1.0000000000000000,7.5000000000000000,2.0000000000000000,9.5000000000000000,9.5000000000000000,0.16539356361966710,95.000000000000000,95.000000000000000,false
op=1,3,0,0,0,1,0.0000000000000000,0.0000000000000000,9.5000000000000000,9.5000000000000000,0.0000000000000000,0.16539356361966710,0.16539356361966710,9.0000000000000000,1.0000000000000000,10.000000000000000,1.0662451743773496,9.5962065693961470,1.0662451743773496,10.662451743773497,20.162451743773495,0.31867284067625410,74.637162206414470,106.62451743773497,false
op=2,6,0,0,0,0,0.0000000000000000,20.162451743773495,0.0000000000000000,20.162451743773495,0.0000000000000000,0.0000000000000000,0.0000000000000000,10.833333333333334,1.6666666666666667,12.500000000000000,1.0000000000000000,10.833333333333334,1.6666666666666667,12.500000000000000,32.662451743773495,0.28564675725415790,87.500000000000000,150.00000000000000,false
op=3,1,0,0,2,1,0.0000000000000000,0.0000000000000000,20.162451743773495,20.162451743773495,0.0000000000000000,0.31867284067625410,0.31867284067625410,12.307692307692307,3.0000000000000000,15.307692307692307,1.1197260040214930,13.781243126418373,3.3591780120644787,17.140421138482850,37.302872882256345,0.50831299463665490,205.68505366179420,171.40421138482850,false
op=4,8,0,0,1,0,0.0000000000000000,9.5000000000000000,32.662451743773495,32.662451743773495,0.0000000000000000,0.28564675725415790,0.28564675725415790,11.111111111111110,2.5000000000000000,13.611111111111110,1.1087482911910302,12.319425457678113,2.7718707279775760,15.091296185655690,47.753747929429180,0.52407154602612390,174.07541360033040,459.04497515315020,false
op=5,9,1,0,0,3,9.5000000000000000,0.0000000000000000,0.0000000000000000,9.5000000000000000,0.0000000000000000,0.0000000000000000,0.0000000000000000,6.8181818181818175,0.90909090909090910,7.7272727272727270,1.0000000000000000,6.8181818181818175,0.90909090909090910,7.7272727272727270,17.227272727272727,0.17258136014992723,69.545454545454530,85.000000000000000,false
op=6,3,1,0,1,3,20.162451743773495,0.0000000000000000,17.227272727272727,20.162451743773495,2.9351790165007685,0.17258136014992723,0.15194128802964582,11.570247933884296,2.7272727272727270,14.297520661157023,1.0612201562770336,12.278580320560717,2.8942367898464550,15.172817110407173,35.335268854180670,0.41537663172146200,121.38253688325739,166.90098821447890,false
op=7,6,1,0,0,2,32.662451743773495,17.227272727272727,0.0000000000000000,32.662451743773495,0.0000000000000000,0.0000000000000000,0.0000000000000000,16.666666666666664,1.1111111111111112,17.777777777777775,1.0000000000000000,16.666666666666664,1.1111111111111112,17.777777777777775,50.440229521551274,0.20252065514618817,175.43517901650074,298.91661114850683,false
op=8,1,1,0,1,3,37.302872882256345,35.335268854180670,35.335268854180670,37.302872882256345,1.9676040280756766,0.41537663172146200,0.38138135306023163,9.0909090909090900,1.8181818181818181,10.909090909090908,1.1398334962884722,10.362122693531564,2.0724245387063130,12.434547232237877,49.737420114494220,0.54393318041578250,101.44398188597870,158.42366386344910,false
op=9,8,1,0,1,3,47.753747929429180,49.737420114494220,49.737420114494220,49.737420114494220,0.0000000000000000,0.54393318041578250,0.54393318041578250,8.2644628099173540,0.90909090909090910,9.1735537190082630,1.1879830947515910,9.8180421053850480,1.0799846315923554,10.898026736977403,60.635446851471630,0.65086469814739020,87.184213895819230,119.87829410675144,false
op=10,5,0,1,1,1,0.0000000000000000,0.0000000000000000,0.0000000000000000,0.0000000000000000,0.0000000000000000,0.0000000000000000,0.0000000000000000,6.0606060606060606,1.6666666666666667,7.7272727272727275,1.0000000000000000,6.0606060606060606,1.6666666666666667,7.7272727272727275,7.7272727272727275,0.10259063820572127,61.818181818181820,92.727272727272730,false
op=11,4,0,1,1,0,0.0000000000000000,7.7272727272727275,0.0000000000000000,7.7272727272727275,0.0000000000000000,0.0000000000000000,0.0000000000000000,8.2644628099173540,1.8181818181818181,10.082644628099173,1.0000000000000000,8.2644628099173540,1.8181818181818181,10.082644628099173,17.809917355371900,0.12227862609479728,80.661157024793380,110.90909090909090,false
op=12,7,0,1,0,0,0.0000000000000000,0.0000000000000000,17.809917355371900,17.809917355371900,0.0000000000000000,0.12227862609479728,0.12227862609479728,12.727272727272727,1.8181818181818181,14.545454545454545,1.0499292687151890,13.362736147284224,1.9089623067548893,15.271698454039113,33.081615809411010,0.27961983865342150,106.90188917827379,167.98868299443023,false
op=13,2,0,1,0,1,0.0000000000000000,33.081615809411010,7.7272727272727275,33.081615809411010,25.354343082138286,0.10259063820572127,0.018620899755449213,10.000000000000000,1.6666666666666667,11.666666666666666,1.0079851670296410,10.079851670296410,1.6799752783827349,11.759826948679144,44.841442758090150,0.16767090729428352,82.318788640754010,141.11792338414972,false
op=14,0,0,1,1,1,0.0000000000000000,17.809917355371900,44.841442758090150,44.841442758090150,0.0000000000000000,0.16767090729428352,0.16767090729428352,7.5757575757575750,0.83333333333333340,8.4090909090909080,1.0670901180581298,8.0840160458949220,0.88924176504844150,8.9732578109433630,53.814700569033520,0.26598381983192820,98.817587890265140,432.05739856393933,false
op=15,5,1,1,0,2,7.7272727272727275,0.0000000000000000,0.0000000000000000,7.7272727272727275,0.0000000000000000,0.0000000000000000,0.0000000000000000,12.500000000000000,1.6666666666666667,14.166666666666666,1.0000000000000000,12.500000000000000,1.6666666666666667,14.166666666666666,21.893939393939394,0.32078194362399800,99.166666666666660,170.00000000000000,false
op=16,4,1,1,1,3,17.809917355371900,0.0000000000000000,0.0000000000000000,17.809917355371900,0.0000000000000000,0.0000000000000000,0.0000000000000000,14.814814814814813,3.3333333333333330,18.148148148148145,1.0000000000000000,14.814814814814813,3.3333333333333330,18.148148148148145,35.958065503520050,0.21842115079133337,145.18518518518516,163.33333333333331,false
op=17,7,1,1,2,2,33.081615809411010,0.0000000000000000,21.893939393939394,33.081615809411010,11.187676415471618,0.32078194362399800,0.14942830140058228,11.111111111111110,1.6666666666666667,12.777777777777777,1.0602749430948015,11.780832701053350,1.7671249051580027,13.547957606211353,46.629573415622370,0.41243365822902890,81.287745637268120,162.57549127453623,false
op=18,2,1,1,0,2,44.841442758090150,21.893939393939394,46.629573415622370,46.629573415622370,0.0000000000000000,0.41243365822902890,0.41243365822902890,10.000000000000000,2.5000000000000000,12.500000000000000,1.1494549317928513,11.494549317928513,2.8736373294821282,14.368186647410642,60.997760063033010,0.60310422697975490,125.31294055355747,469.24584802912340,false
op=19,0,1,1,1,3,53.814700569033520,35.958065503520050,35.958065503520050,53.814700569033520,17.856635065513473,0.21842115079133337,0.067048173335223850,7.4074074074074066,1.1111111111111112,8.5185185185185170,1.0280875930163630,7.6154636519730590,1.1423195477959591,8.7577831997690170,62.572483768802535,0.17165564360484670,87.918900663665610,239.52976438754240,false
