generatedByRunId,sourceJarSha256,configurationHash,instanceHash,seed,arm,telemetryMode,nominalCheckpointFE,actualSnapshotFE,overshootFE,generation,formalOuterCycle,qRound,frontType,unobservableReason,solutionFingerprint,Cmax,TEC,TWC,atomicBoundary
A4-20k-100_2_4_1-ON-v1,27684CE3CC3849711712536BE645E2039C413615C19A1C463F5330C6FD43F405,7baaca4ebca147f46d380677fd3ae6583cc238f741220325646b44d42c0bffd9,10B57D8C0C8EC590DD9AE0CE3EB265FC0E50C7FA52196EFE2FF7FB085060B8D3,20260901,A4,ON,5000,5000,0,1,1,48,workingPopulationND,NONE,bce30732fd8bed87ed73912c053e8365177f30c146df8230b0968925d16d3107,646.0168507484036,51539.00990328949,86280.06123885096,COMPLETE_QG_QP_GLOBAL_OFFSPRING_BATCH
A4-20k-100_2_4_1-ON-v1,27684CE3CC3849711712536BE645E2039C413615C19A1C463F5330C6FD43F405,7baaca4ebca147f46d380677fd3ae6583cc238f741220325646b44d42c0bffd9,10B57D8C0C8EC590DD9AE0CE3EB265FC0E50C7FA52196EFE2FF7FB085060B8D3,20260901,A4,ON,5000,5000,0,1,1,48,workingPopulationND,NONE,538d785a9099b5dfc66736fff2af4670dc8bfd5160b08d6cb81a2c50ae443da7,656.9965911190749,50864.68721238106,84184.685010919,COMPLETE_QG_QP_GLOBAL_OFFSPRING_BATCH
A4-20k-100_2_4_1-ON-v1,27684CE3CC3849711712536BE645E2039C413615C19A1C463F5330C6FD43F405,7baaca4ebca147f46d380677fd3ae6583cc238f741220325646b44d42c0bffd9,10B57D8C0C8EC590DD9AE0CE3EB265FC0E50C7FA52196EFE2FF7FB085060B8D3,20260901,A4,ON,5000,5000,0,1,1,48,workingPopulationND,NONE,378a76ff6ce4b8cf07bb2b94f8226d71fa1709273dfdd544e4380a7ede7ee6e6,678.7402432193203,50666.14612207086,89282.34259214198,COMPLETE_QG_QP_GLOBAL_OFFSPRING_BATCH
A4-20k-100_2_4_1-ON-v1,27684CE3CC3849711712536BE645E2039C413615C19A1C463F5330C6FD43F405,7baaca4ebca147f46d380677fd3ae6583cc238f741220325646b44d42c0bffd9,10B57D8C0C8EC590DD9AE0CE3EB265FC0E50C7FA52196EFE2FF7FB085060B8D3,20260901,A4,ON,5000,5000,0,1,1,48,workingPopulationND,NONE,daf67798bd481e703ed7c8df5c06147962cc8b0137f5050c8a64f024f1dbcf1f,680.4325353744491,50693.65870866074,82495.06803314309,COMPLETE_QG_QP_GLOBAL_OFFSPRING_BATCH
A4-20k-100_2_4_1-ON-v1,27684CE3CC3849711712536BE645E2039C413615C19A1C463F5330C6FD43F405,7baaca4ebca147f46d380677fd3ae6583cc238f741220325646b44d42c0bffd9,10B57D8C0C8EC590DD9AE0CE3EB265FC0E50C7FA52196EFE2FF7FB085060B8D3,20260901,A4,ON,5000,5000,0,1,1,48,workingPopulationND,NONE,ae52c9a144a308f6778dfd8f8acf5c6546850269c3f14b6a6867d721e873159f,708.1903657352973,50363.821753961856,94185.09082731453,COMPLETE_QG_QP_GLOBAL_OFFSPRING_BATCH
A4-20k-100_2_4_1-ON-v1,27684CE3CC3849711712536BE645E2039C413615C19A1C463F5330C6FD43F405,7baaca4ebca147f46d380677fd3ae6583cc238f741220325646b44d42c0bffd9,10B57D8C0C8EC590DD9AE0CE3EB265FC0E50C7FA52196EFE2FF7FB085060B8D3,20260901,A4,ON,5000,5000,0,1,1,48,workingPopulationND,NONE,1533c54841745f1718024077ea774bd40f6d02a7b146c90aa7f5a0789f0e9e9a,711.0666848475117,49541.1616167539,89143.73455063454,COMPLETE_QG_QP_GLOBAL_OFFSPRING_BATCH
A4-20k-100_2_4_1-ON-v1,27684CE3CC3849711712536BE645E2039C413615C19A1C463F5330C6FD43F405,7baaca4ebca147f46d380677fd3ae6583cc238f741220325646b44d42c0bffd9,10B57D8C0C8EC590DD9AE0CE3EB265FC0E50C7FA52196EFE2FF7FB085060B8D3,20260901,A4,ON,5000,5000,0,1,1,48,workingPopulationND,NONE,27011c4e3bd20cec0b814678e3da866690fee226cccd412eb59535bd209a658d,726.2394281219233,50691.73459343689,86934.59237875084,COMPLETE_QG_QP_GLOBAL_OFFSPRING_BATCH
A4-20k-100_2_4_1-ON-v1,27684CE3CC3849711712536BE645E2039C413615C19A1C463F5330C6FD43F405,7baaca4ebca147f46d380677fd3ae6583cc238f741220325646b44d42c0bffd9,10B57D8C0C8EC590DD9AE0CE3EB265FC0E50C7FA52196EFE2FF7FB085060B8D3,20260901,A4,ON,5000,5000,0,1,1,48,workingPopulationND,NONE,c2119cb0abec7ba53487f142c9013e7cc2aab31bd28348fd54ce1e9daa31f1d5,727.3526822326785,49195.272030901266,88660.49505937214,COMPLETE_QG_QP_GLOBAL_OFFSPRING_BATCH
A4-20k-100_2_4_1-ON-v1,27684CE3CC3849711712536BE645E2039C413615C19A1C463F5330C6FD43F405,7baaca4ebca147f46d380677fd3ae6583cc238f741220325646b44d42c0bffd9,10B57D8C0C8EC590DD9AE0CE3EB265FC0E50C7FA52196EFE2FF7FB085060B8D3,20260901,A4,ON,5000,5000,0,1,1,48,workingPopulationND,NONE,be80a4ddd5b8128547baef0fa6196ac128123979644d40ae7115511bb038a057,735.7811735440154,50064.61997530068,88074.49942058827,COMPLETE_QG_QP_GLOBAL_OFFSPRING_BATCH
A4-20k-100_2_4_1-ON-v1,27684CE3CC3849711712536BE645E2039C413615C19A1C463F5330C6FD43F405,7baaca4ebca147f46d380677fd3ae6583cc238f741220325646b44d42c0bffd9,10B57D8C0C8EC590DD9AE0CE3EB265FC0E50C7FA52196EFE2FF7FB085060B8D3,20260901,A4,ON,5000,5000,0,1,1,48,workingPopulationND,NONE,07345df37b28adafb4d4cb5bb8c70b290667d75598a504b68a5fea275575a052,760.3828523364778,49957.30006039602,86518.39332527065,COMPLETE_QG_QP_GLOBAL_OFFSPRING_BATCH
A4-20k-100_2_4_1-ON-v1,27684CE3CC3849711712536BE645E2039C413615C19A1C463F5330C6FD43F405,7baaca4ebca147f46d380677fd3ae6583cc238f741220325646b44d42c0bffd9,10B57D8C0C8EC590DD9AE0CE3EB265FC0E50C7FA52196EFE2FF7FB085060B8D3,20260901,A4,ON,5000,5000,0,1,1,48,decisionArchiveFront,NONE,28b1b756dfca7515a59d6ec12a30daeb9f1bb4c3212b9885dd9cff6d06830653,632.5177245710078,50981.51458574294,85971.43581529192,COMPLETE_QG_QP_GLOBAL_OFFSPRING_BATCH
A4-20k-100_2_4_1-ON-v1,27684CE3CC3849711712536BE645E2039C413615C19A1C463F5330C6FD43F405,7baaca4ebca147f46d380677fd3ae6583cc238f741220325646b44d42c0bffd9,10B57D8C0C8EC590DD9AE0CE3EB265FC0E50C7FA52196EFE2FF7FB085060B8D3,20260901,A4,ON,5000,5000,0,1,1,48,decisionArchiveFront,NONE,f6c785465e059ee82f1efbb19051794695b2dbf1a586a6559e54b64c9959fe2c,632.8343660731072,50239.6451371236,85750.99717630481,COMPLETE_QG_QP_GLOBAL_OFFSPRING_BATCH
A4-20k-100_2_4_1-ON-v1,27684CE3CC3849711712536BE645E2039C413615C19A1C463F5330C6FD43F405,7baaca4ebca147f46d380677fd3ae6583cc238f741220325646b44d42c0bffd9,10B57D8C0C8EC590DD9AE0CE3EB265FC0E50C7FA52196EFE2FF7FB085060B8D3,20260901,A4,ON,5000,5000,0,1,1,48,decisionArchiveFront,NONE,5ed75b247614e296d4c5bdc98630783dadf0c7d5c90edd5a414abb806b7826ad,639.1968930660362,50136.96180169727,84344.0270573196,COMPLETE_QG_QP_GLOBAL_OFFSPRING_BATCH
A4-20k-100_2_4_1-ON-v1,27684CE3CC3849711712536BE645E2039C413615C19A1C463F5330C6FD43F405,7baaca4ebca147f46d380677fd3ae6583cc238f741220325646b44d42c0bffd9,10B57D8C0C8EC590DD9AE0CE3EB265FC0E50C7FA52196EFE2FF7FB085060B8D3,20260901,A4,ON,5000,5000,0,1,1,48,decisionArchiveFront,NONE,75fc71b2d8ca277c91bae393eadf3191c0bc3c18aae6a0e8c14a03e606e1d672,653.6716888925829,51290.07029773953,84306.28592721124,COMPLETE_QG_QP_GLOBAL_OFFSPRING_BATCH
A4-20k-100_2_4_1-ON-v1,27684CE3CC3849711712536BE645E2039C413615C19A1C463F5330C6FD43F405,7baaca4ebca147f46d380677fd3ae6583cc238f741220325646b44d42c0bffd9,10B57D8C0C8EC590DD9AE0CE3EB265FC0E50C7FA52196EFE2FF7FB085060B8D3,20260901,A4,ON,5000,5000,0,1,1,48,decisionArchiveFront,NONE,cee7eeab1471f1d32be4bb6a7b7bc92e129c1f8e3cdaad5174af001285c7c0ef,655.7528505906204,49759.00228419309,85964.64048170722,COMPLETE_QG_QP_GLOBAL_OFFSPRING_BATCH
A4-20k-100_2_4_1-ON-v1,27684CE3CC3849711712536BE645E2039C413615C19A1C463F5330C6FD43F405,7baaca4ebca147f46d380677fd3ae6583cc238f741220325646b44d42c0bffd9,10B57D8C0C8EC590DD9AE0CE3EB265FC0E50C7FA52196EFE2FF7FB085060B8D3,20260901,A4,ON,5000,5000,0,1,1,48,decisionArchiveFront,NONE,538d785a9099b5dfc66736fff2af4670dc8bfd5160b08d6cb81a2c50ae443da7,656.9965911190749,50864.68721238106,84184.685010919,COMPLETE_QG_QP_GLOBAL_OFFSPRING_BATCH
A4-20k-100_2_4_1-ON-v1,27684CE3CC3849711712536BE645E2039C413615C19A1C463F5330C6FD43F405,7baaca4ebca147f46d380677fd3ae6583cc238f741220325646b44d42c0bffd9,10B57D8C0C8EC590DD9AE0CE3EB265FC0E50C7FA52196EFE2FF7FB085060B8D3,20260901,A4,ON,5000,5000,0,1,1,48,decisionArchiveFront,NONE,74d2ff5952ebe8405820ade2eb04293edb81f948be54d2f8411083e8aba02738,657.643397204124,50517.95289107152,80438.68287849806,COMPLETE_QG_QP_GLOBAL_OFFSPRING_BATCH
A4-20k-100_2_4_1-ON-v1,27684CE3CC3849711712536BE645E2039C413615C19A1C463F5330C6FD43F405,7baaca4ebca147f46d380677fd3ae6583cc238f741220325646b44d42c0bffd9,10B57D8C0C8EC590DD9AE0CE3EB265FC0E50C7FA52196EFE2FF7FB085060B8D3,20260901,A4,ON,5000,5000,0,1,1,48,decisionArchiveFront,NONE,ae8e346283601f64af9ada4ef39f0d668625518db4eace2027aef6460a32effb,658.1311275412758,50073.05910786855,85390.12564522175,COMPLETE_QG_QP_GLOBAL_OFFSPRING_BATCH
A4-20k-100_2_4_1-ON-v1,27684CE3CC3849711712536BE645E2039C413615C19A1C463F5330C6FD43F405,7baaca4ebca147f46d380677fd3ae6583cc238f741220325646b44d42c0bffd9,10B57D8C0C8EC590DD9AE0CE3EB265FC0E50C7FA52196EFE2FF7FB085060B8D3,20260901,A4,ON,5000,5000,0,1,1,48,decisionArchiveFront,NONE,b4923e4c8afecb56ff7ea73059a73acfb6da774acc932fd37a51b4cf19da6e03,670.14630724996,49850.887308002406,83021.07621469744,COMPLETE_QG_QP_GLOBAL_OFFSPRING_BATCH
A4-20k-100_2_4_1-ON-v1,27684CE3CC3849711712536BE645E2039C413615C19A1C463F5330C6FD43F405,7baaca4ebca147f46d380677fd3ae6583cc238f741220325646b44d42c0bffd9,10B57D8C0C8EC590DD9AE0CE3EB265FC0E50C7FA52196EFE2FF7FB085060B8D3,20260901,A4,ON,5000,5000,0,1,1,48,decisionArchiveFront,NONE,5dd202b9b9c63969fd922202abbb37746830c191ae64e613e44946a4e9e99bab,680.3388708065834,49641.75562772206,89233.69975622135,COMPLETE_QG_QP_GLOBAL_OFFSPRING_BATCH
A4-20k-100_2_4_1-ON-v1,27684CE3CC3849711712536BE645E2039C413615C19A1C463F5330C6FD43F405,7baaca4ebca147f46d380677fd3ae6583cc238f741220325646b44d42c0bffd9,10B57D8C0C8EC590DD9AE0CE3EB265FC0E50C7FA52196EFE2FF7FB085060B8D3,20260901,A4,ON,5000,5000,0,1,1,48,decisionArchiveFront,NONE,3dc3eb73963474430e7af4a0e551fda2860ea74ddeef17dd52801d9cba86d995,683.7483199665602,49717.649990665304,83617.48724202116,COMPLETE_QG_QP_GLOBAL_OFFSPRING_BATCH
A4-20k-100_2_4_1-ON-v1,27684CE3CC3849711712536BE645E2039C413615C19A1C463F5330C6FD43F405,7baaca4ebca147f46d380677fd3ae6583cc238f741220325646b44d42c0bffd9,10B57D8C0C8EC590DD9AE0CE3EB265FC0E50C7FA52196EFE2FF7FB085060B8D3,20260901,A4,ON,5000,5000,0,1,1,48,decisionArchiveFront,NONE,7d402391005311a6882c391b093518c53b4f27bdd6dc79d74a9b303bfe0cbe3e,686.639701901534,49563.989797357906,87670.69897968843,COMPLETE_QG_QP_GLOBAL_OFFSPRING_BATCH
A4-20k-100_2_4_1-ON-v1,27684CE3CC3849711712536BE645E2039C413615C19A1C463F5330C6FD43F405,7baaca4ebca147f46d380677fd3ae6583cc238f741220325646b44d42c0bffd9,10B57D8C0C8EC590DD9AE0CE3EB265FC0E50C7FA52196EFE2FF7FB085060B8D3,20260901,A4,ON,5000,5000,0,1,1,48,decisionArchiveFront,NONE,ee5381e3ef259388313e1bd277598c41567cc1970b5819c24debd8af804dacdd,687.224763731171,50249.02230035869,82817.40091221541,COMPLETE_QG_QP_GLOBAL_OFFSPRING_BATCH
A4-20k-100_2_4_1-ON-v1,27684CE3CC3849711712536BE645E2039C413615C19A1C463F5330C6FD43F405,7baaca4ebca147f46d380677fd3ae6583cc238f741220325646b44d42c0bffd9,10B57D8C0C8EC590DD9AE0CE3EB265FC0E50C7FA52196EFE2FF7FB085060B8D3,20260901,A4,ON,5000,5000,0,1,1,48,decisionArchiveFront,NONE,4a198ed80bb79775d8e66478a274d6d0e7405f41f637cb3a71b8bd3bc116f4cd,687.2863131691038,50393.439318673285,82387.94191728748,COMPLETE_QG_QP_GLOBAL_OFFSPRING_BATCH
A4-20k-100_2_4_1-ON-v1,27684CE3CC3849711712536BE645E2039C413615C19A1C463F5330C6FD43F405,7baaca4ebca147f46d380677fd3ae6583cc238f741220325646b44d42c0bffd9,10B57D8C0C8EC590DD9AE0CE3EB265FC0E50C7FA52196EFE2FF7FB085060B8D3,20260901,A4,ON,5000,5000,0,1,1,48,decisionArchiveFront,NONE,6b7a625a3b0ee912ede94abf1d38de7c51d851acaf4982042caef1e53b6f30bc,707.3528080984443,49402.53235740476,86392.39817028138,COMPLETE_QG_QP_GLOBAL_OFFSPRING_BATCH
A4-20k-100_2_4_1-ON-v1,27684CE3CC3849711712536BE645E2039C413615C19A1C463F5330C6FD43F405,7baaca4ebca147f46d380677fd3ae6583cc238f741220325646b44d42c0bffd9,10B57D8C0C8EC590DD9AE0CE3EB265FC0E50C7FA52196EFE2FF7FB085060B8D3,20260901,A4,ON,5000,5000,0,1,1,48,decisionArchiveFront,NONE,c38074b85f9b7f6e729204ad28058fa48edf1b6fb420802f4b91a14b5da73147,708.1254827578188,49691.13897273986,85125.0795753078,COMPLETE_QG_QP_GLOBAL_OFFSPRING_BATCH
A4-20k-100_2_4_1-ON-v1,27684CE3CC3849711712536BE645E2039C413615C19A1C463F5330C6FD43F405,7baaca4ebca147f46d380677fd3ae6583cc238f741220325646b44d42c0bffd9,10B57D8C0C8EC590DD9AE0CE3EB265FC0E50C7FA52196EFE2FF7FB085060B8D3,20260901,A4,ON,5000,5000,0,1,1,48,decisionArchiveFront,NONE,f2aed26fda4e645f163badb979a477459bd88757ff7ea8ede024e76d99f31a58,712.4283918455433,49971.71067451862,81995.54253454432,COMPLETE_QG_QP_GLOBAL_OFFSPRING_BATCH
A4-20k-100_2_4_1-ON-v1,27684CE3CC3849711712536BE645E2039C413615C19A1C463F5330C6FD43F405,7baaca4ebca147f46d380677fd3ae6583cc238f741220325646b44d42c0bffd9,10B57D8C0C8EC590DD9AE0CE3EB265FC0E50C7FA52196EFE2FF7FB085060B8D3,20260901,A4,ON,5000,5000,0,1,1,48,decisionArchiveFront,NONE,f08ac1ffff3e15ec477ceb8c290cfa76fe5b02b4a2f9faf0604a82724c39b59c,721.4872169547004,49674.52681993476,86276.15177634261,COMPLETE_QG_QP_GLOBAL_OFFSPRING_BATCH
A4-20k-100_2_4_1-ON-v1,27684CE3CC3849711712536BE645E2039C413615C19A1C463F5330C6FD43F405,7baaca4ebca147f46d380677fd3ae6583cc238f741220325646b44d42c0bffd9,10B57D8C0C8EC590DD9AE0CE3EB265FC0E50C7FA52196EFE2FF7FB085060B8D3,20260901,A4,ON,5000,5000,0,1,1,48,decisionArchiveFront,NONE,c2119cb0abec7ba53487f142c9013e7cc2aab31bd28348fd54ce1e9daa31f1d5,727.3526822326785,49195.272030901266,88660.49505937214,COMPLETE_QG_QP_GLOBAL_OFFSPRING_BATCH
A4-20k-100_2_4_1-ON-v1,27684CE3CC3849711712536BE645E2039C413615C19A1C463F5330C6FD43F405,7baaca4ebca147f46d380677fd3ae6583cc238f741220325646b44d42c0bffd9,10B57D8C0C8EC590DD9AE0CE3EB265FC0E50C7FA52196EFE2FF7FB085060B8D3,20260901,A4,ON,5000,5000,0,1,1,48,decisionArchiveFront,NONE,12a267f6e5fe96b7db71d05f5fdacd4078b9c189eaede1ebd5236302a3d9887f,738.6158826355515,50102.01024511305,81785.1691914198,COMPLETE_QG_QP_GLOBAL_OFFSPRING_BATCH
A4-20k-100_2_4_1-ON-v1,27684CE3CC3849711712536BE645E2039C413615C19A1C463F5330C6FD43F405,7baaca4ebca147f46d380677fd3ae6583cc238f741220325646b44d42c0bffd9,10B57D8C0C8EC590DD9AE0CE3EB265FC0E50C7FA52196EFE2FF7FB085060B8D3,20260901,A4,ON,5000,5000,0,1,1,48,decisionArchiveFront,NONE,59faeea11cd891954bd1a0deee715e946dd89509102c518f286b253f519e4cee,740.6258550552138,49584.37700602461,85128.46761382208,COMPLETE_QG_QP_GLOBAL_OFFSPRING_BATCH
A4-20k-100_2_4_1-ON-v1,27684CE3CC3849711712536BE645E2039C413615C19A1C463F5330C6FD43F405,7baaca4ebca147f46d380677fd3ae6583cc238f741220325646b44d42c0bffd9,10B57D8C0C8EC590DD9AE0CE3EB265FC0E50C7FA52196EFE2FF7FB085060B8D3,20260901,A4,ON,5000,5000,0,1,1,48,decisionArchiveFront,NONE,1db00fe12cb6be3f8857a964676695c4a009d93336ee4137749a1c878aa37610,775.0400021984756,50452.82167195241,81779.55713547111,COMPLETE_QG_QP_GLOBAL_OFFSPRING_BATCH
A4-20k-100_2_4_1-ON-v1,27684CE3CC3849711712536BE645E2039C413615C19A1C463F5330C6FD43F405,7baaca4ebca147f46d380677fd3ae6583cc238f741220325646b44d42c0bffd9,10B57D8C0C8EC590DD9AE0CE3EB265FC0E50C7FA52196EFE2FF7FB085060B8D3,20260901,A4,ON,5000,5000,0,1,1,48,decisionArchiveFront,NONE,d00339064a05d93166cb91d12a45822d33367afcfa48350a4e69aafbebef396d,784.4985357937227,49654.86268353458,83561.75344514476,COMPLETE_QG_QP_GLOBAL_OFFSPRING_BATCH
A4-20k-100_2_4_1-ON-v1,27684CE3CC3849711712536BE645E2039C413615C19A1C463F5330C6FD43F405,7baaca4ebca147f46d380677fd3ae6583cc238f741220325646b44d42c0bffd9,10B57D8C0C8EC590DD9AE0CE3EB265FC0E50C7FA52196EFE2FF7FB085060B8D3,20260901,A4,ON,5000,5000,0,1,1,48,decisionArchiveFront,NONE,ddea572448963ccd21e88bc31ef19e7ca7c6b915f38f85a3fefa31e447aa5973,797.823219622278,50490.02942613407,80154.96110778715,COMPLETE_QG_QP_GLOBAL_OFFSPRING_BATCH
A4-20k-100_2_4_1-ON-v1,27684CE3CC3849711712536BE645E2039C413615C19A1C463F5330C6FD43F405,7baaca4ebca147f46d380677fd3ae6583cc238f741220325646b44d42c0bffd9,10B57D8C0C8EC590DD9AE0CE3EB265FC0E50C7FA52196EFE2FF7FB085060B8D3,20260901,A4,ON,5000,5000,0,1,1,48,observedFullFront,NONE,28b1b756dfca7515a59d6ec12a30daeb9f1bb4c3212b9885dd9cff6d06830653,632.5177245710078,50981.51458574294,85971.43581529192,COMPLETE_QG_QP_GLOBAL_OFFSPRING_BATCH
A4-20k-100_2_4_1-ON-v1,27684CE3CC3849711712536BE645E2039C413615C19A1C463F5330C6FD43F405,7baaca4ebca147f46d380677fd3ae6583cc238f741220325646b44d42c0bffd9,10B57D8C0C8EC590DD9AE0CE3EB265FC0E50C7FA52196EFE2FF7FB085060B8D3,20260901,A4,ON,5000,5000,0,1,1,48,observedFullFront,NONE,f6c785465e059ee82f1efbb19051794695b2dbf1a586a6559e54b64c9959fe2c,632.8343660731072,50239.6451371236,85750.99717630481,COMPLETE_QG_QP_GLOBAL_OFFSPRING_BATCH
A4-20k-100_2_4_1-ON-v1,27684CE3CC3849711712536BE645E2039C413615C19A1C463F5330C6FD43F405,7baaca4ebca147f46d380677fd3ae6583cc238f741220325646b44d42c0bffd9,10B57D8C0C8EC590DD9AE0CE3EB265FC0E50C7FA52196EFE2FF7FB085060B8D3,20260901,A4,ON,5000,5000,0,1,1,48,observedFullFront,NONE,5ed75b247614e296d4c5bdc98630783dadf0c7d5c90edd5a414abb806b7826ad,639.1968930660362,50136.96180169727,84344.0270573196,COMPLETE_QG_QP_GLOBAL_OFFSPRING_BATCH
A4-20k-100_2_4_1-ON-v1,27684CE3CC3849711712536BE645E2039C413615C19A1C463F5330C6FD43F405,7baaca4ebca147f46d380677fd3ae6583cc238f741220325646b44d42c0bffd9,10B57D8C0C8EC590DD9AE0CE3EB265FC0E50C7FA52196EFE2FF7FB085060B8D3,20260901,A4,ON,5000,5000,0,1,1,48,observedFullFront,NONE,75fc71b2d8ca277c91bae393eadf3191c0bc3c18aae6a0e8c14a03e606e1d672,653.6716888925829,51290.07029773953,84306.28592721124,COMPLETE_QG_QP_GLOBAL_OFFSPRING_BATCH
A4-20k-100_2_4_1-ON-v1,27684CE3CC3849711712536BE645E2039C413615C19A1C463F5330C6FD43F405,7baaca4ebca147f46d380677fd3ae6583cc238f741220325646b44d42c0bffd9,10B57D8C0C8EC590DD9AE0CE3EB265FC0E50C7FA52196EFE2FF7FB085060B8D3,20260901,A4,ON,5000,5000,0,1,1,48,observedFullFront,NONE,cee7eeab1471f1d32be4bb6a7b7bc92e129c1f8e3cdaad5174af001285c7c0ef,655.7528505906204,49759.00228419309,85964.64048170722,COMPLETE_QG_QP_GLOBAL_OFFSPRING_BATCH
A4-20k-100_2_4_1-ON-v1,27684CE3CC3849711712536BE645E2039C413615C19A1C463F5330C6FD43F405,7baaca4ebca147f46d380677fd3ae6583cc238f741220325646b44d42c0bffd9,10B57D8C0C8EC590DD9AE0CE3EB265FC0E50C7FA52196EFE2FF7FB085060B8D3,20260901,A4,ON,5000,5000,0,1,1,48,observedFullFront,NONE,538d785a9099b5dfc66736fff2af4670dc8bfd5160b08d6cb81a2c50ae443da7,656.9965911190749,50864.68721238106,84184.685010919,COMPLETE_QG_QP_GLOBAL_OFFSPRING_BATCH
A4-20k-100_2_4_1-ON-v1,27684CE3CC3849711712536BE645E2039C413615C19A1C463F5330C6FD43F405,7baaca4ebca147f46d380677fd3ae6583cc238f741220325646b44d42c0bffd9,10B57D8C0C8EC590DD9AE0CE3EB265FC0E50C7FA52196EFE2FF7FB085060B8D3,20260901,A4,ON,5000,5000,0,1,1,48,observedFullFront,NONE,74d2ff5952ebe8405820ade2eb04293edb81f948be54d2f8411083e8aba02738,657.643397204124,50517.95289107152,80438.68287849806,COMPLETE_QG_QP_GLOBAL_OFFSPRING_BATCH
A4-20k-100_2_4_1-ON-v1,27684CE3CC3849711712536BE645E2039C413615C19A1C463F5330C6FD43F405,7baaca4ebca147f46d380677fd3ae6583cc238f741220325646b44d42c0bffd9,10B57D8C0C8EC590DD9AE0CE3EB265FC0E50C7FA52196EFE2FF7FB085060B8D3,20260901,A4,ON,5000,5000,0,1,1,48,observedFullFront,NONE,ae8e346283601f64af9ada4ef39f0d668625518db4eace2027aef6460a32effb,658.1311275412758,50073.05910786855,85390.12564522175,COMPLETE_QG_QP_GLOBAL_OFFSPRING_BATCH
A4-20k-100_2_4_1-ON-v1,27684CE3CC3849711712536BE645E2039C413615C19A1C463F5330C6FD43F405,7baaca4ebca147f46d380677fd3ae6583cc238f741220325646b44d42c0bffd9,10B57D8C0C8EC590DD9AE0CE3EB265FC0E50C7FA52196EFE2FF7FB085060B8D3,20260901,A4,ON,5000,5000,0,1,1,48,observedFullFront,NONE,b4923e4c8afecb56ff7ea73059a73acfb6da774acc932fd37a51b4cf19da6e03,670.14630724996,49850.887308002406,83021.07621469744,COMPLETE_QG_QP_GLOBAL_OFFSPRING_BATCH
A4-20k-100_2_4_1-ON-v1,27684CE3CC3849711712536BE645E2039C413615C19A1C463F5330C6FD43F405,7baaca4ebca147f46d380677fd3ae6583cc238f741220325646b44d42c0bffd9,10B57D8C0C8EC590DD9AE0CE3EB265FC0E50C7FA52196EFE2FF7FB085060B8D3,20260901,A4,ON,5000,5000,0,1,1,48,observedFullFront,NONE,5dd202b9b9c63969fd922202abbb37746830c191ae64e613e44946a4e9e99bab,680.3388708065834,49641.75562772206,89233.69975622135,COMPLETE_QG_QP_GLOBAL_OFFSPRING_BATCH
A4-20k-100_2_4_1-ON-v1,27684CE3CC3849711712536BE645E2039C413615C19A1C463F5330C6FD43F405,7baaca4ebca147f46d380677fd3ae6583cc238f741220325646b44d42c0bffd9,10B57D8C0C8EC590DD9AE0CE3EB265FC0E50C7FA52196EFE2FF7FB085060B8D3,20260901,A4,ON,5000,5000,0,1,1,48,observedFullFront,NONE,3dc3eb73963474430e7af4a0e551fda2860ea74ddeef17dd52801d9cba86d995,683.7483199665602,49717.649990665304,83617.48724202116,COMPLETE_QG_QP_GLOBAL_OFFSPRING_BATCH
A4-20k-100_2_4_1-ON-v1,27684CE3CC3849711712536BE645E2039C413615C19A1C463F5330C6FD43F405,7baaca4ebca147f46d380677fd3ae6583cc238f741220325646b44d42c0bffd9,10B57D8C0C8EC590DD9AE0CE3EB265FC0E50C7FA52196EFE2FF7FB085060B8D3,20260901,A4,ON,5000,5000,0,1,1,48,observedFullFront,NONE,7d402391005311a6882c391b093518c53b4f27bdd6dc79d74a9b303bfe0cbe3e,686.639701901534,49563.989797357906,87670.69897968843,COMPLETE_QG_QP_GLOBAL_OFFSPRING_BATCH
A4-20k-100_2_4_1-ON-v1,27684CE3CC3849711712536BE645E2039C413615C19A1C463F5330C6FD43F405,7baaca4ebca147f46d380677fd3ae6583cc238f741220325646b44d42c0bffd9,10B57D8C0C8EC590DD9AE0CE3EB265FC0E50C7FA52196EFE2FF7FB085060B8D3,20260901,A4,ON,5000,5000,0,1,1,48,observedFullFront,NONE,ee5381e3ef259388313e1bd277598c41567cc1970b5819c24debd8af804dacdd,687.224763731171,50249.02230035869,82817.40091221541,COMPLETE_QG_QP_GLOBAL_OFFSPRING_BATCH
A4-20k-100_2_4_1-ON-v1,27684CE3CC3849711712536BE645E2039C413615C19A1C463F5330C6FD43F405,7baaca4ebca147f46d380677fd3ae6583cc238f741220325646b44d42c0bffd9,10B57D8C0C8EC590DD9AE0CE3EB265FC0E50C7FA52196EFE2FF7FB085060B8D3,20260901,A4,ON,5000,5000,0,1,1,48,observedFullFront,NONE,4a198ed80bb79775d8e66478a274d6d0e7405f41f637cb3a71b8bd3bc116f4cd,687.2863131691038,50393.439318673285,82387.94191728748,COMPLETE_QG_QP_GLOBAL_OFFSPRING_BATCH
A4-20k-100_2_4_1-ON-v1,27684CE3CC3849711712536BE645E2039C413615C19A1C463F5330C6FD43F405,7baaca4ebca147f46d380677fd3ae6583cc238f741220325646b44d42c0bffd9,10B57D8C0C8EC590DD9AE0CE3EB265FC0E50C7FA52196EFE2FF7FB085060B8D3,20260901,A4,ON,5000,5000,0,1,1,48,observedFullFront,NONE,6b7a625a3b0ee912ede94abf1d38de7c51d851acaf4982042caef1e53b6f30bc,707.3528080984443,49402.53235740476,86392.39817028138,COMPLETE_QG_QP_GLOBAL_OFFSPRING_BATCH
A4-20k-100_2_4_1-ON-v1,27684CE3CC3849711712536BE645E2039C413615C19A1C463F5330C6FD43F405,7baaca4ebca147f46d380677fd3ae6583cc238f741220325646b44d42c0bffd9,10B57D8C0C8EC590DD9AE0CE3EB265FC0E50C7FA52196EFE2FF7FB085060B8D3,20260901,A4,ON,5000,5000,0,1,1,48,observedFullFront,NONE,c38074b85f9b7f6e729204ad28058fa48edf1b6fb420802f4b91a14b5da73147,708.1254827578188,49691.13897273986,85125.0795753078,COMPLETE_QG_QP_GLOBAL_OFFSPRING_BATCH
A4-20k-100_2_4_1-ON-v1,27684CE3CC3849711712536BE645E2039C413615C19A1C463F5330C6FD43F405,7baaca4ebca147f46d380677fd3ae6583cc238f741220325646b44d42c0bffd9,10B57D8C0C8EC590DD9AE0CE3EB265FC0E50C7FA52196EFE2FF7FB085060B8D3,20260901,A4,ON,5000,5000,0,1,1,48,observedFullFront,NONE,f2aed26fda4e645f163badb979a477459bd88757ff7ea8ede024e76d99f31a58,712.4283918455433,49971.71067451862,81995.54253454432,COMPLETE_QG_QP_GLOBAL_OFFSPRING_BATCH
A4-20k-100_2_4_1-ON-v1,27684CE3CC3849711712536BE645E2039C413615C19A1C463F5330C6FD43F405,7baaca4ebca147f46d380677fd3ae6583cc238f741220325646b44d42c0bffd9,10B57D8C0C8EC590DD9AE0CE3EB265FC0E50C7FA52196EFE2FF7FB085060B8D3,20260901,A4,ON,5000,5000,0,1,1,48,observedFullFront,NONE,f08ac1ffff3e15ec477ceb8c290cfa76fe5b02b4a2f9faf0604a82724c39b59c,721.4872169547004,49674.52681993476,86276.15177634261,COMPLETE_QG_QP_GLOBAL_OFFSPRING_BATCH
A4-20k-100_2_4_1-ON-v1,27684CE3CC3849711712536BE645E2039C413615C19A1C463F5330C6FD43F405,7baaca4ebca147f46d380677fd3ae6583cc238f741220325646b44d42c0bffd9,10B57D8C0C8EC590DD9AE0CE3EB265FC0E50C7FA52196EFE2FF7FB085060B8D3,20260901,A4,ON,5000,5000,0,1,1,48,observedFullFront,NONE,c2119cb0abec7ba53487f142c9013e7cc2aab31bd28348fd54ce1e9daa31f1d5,727.3526822326785,49195.272030901266,88660.49505937214,COMPLETE_QG_QP_GLOBAL_OFFSPRING_BATCH
A4-20k-100_2_4_1-ON-v1,27684CE3CC3849711712536BE645E2039C413615C19A1C463F5330C6FD43F405,7baaca4ebca147f46d380677fd3ae6583cc238f741220325646b44d42c0bffd9,10B57D8C0C8EC590DD9AE0CE3EB265FC0E50C7FA52196EFE2FF7FB085060B8D3,20260901,A4,ON,5000,5000,0,1,1,48,observedFullFront,NONE,12a267f6e5fe96b7db71d05f5fdacd4078b9c189eaede1ebd5236302a3d9887f,738.6158826355515,50102.01024511305,81785.1691914198,COMPLETE_QG_QP_GLOBAL_OFFSPRING_BATCH
A4-20k-100_2_4_1-ON-v1,27684CE3CC3849711712536BE645E2039C413615C19A1C463F5330C6FD43F405,7baaca4ebca147f46d380677fd3ae6583cc238f741220325646b44d42c0bffd9,10B57D8C0C8EC590DD9AE0CE3EB265FC0E50C7FA52196EFE2FF7FB085060B8D3,20260901,A4,ON,5000,5000,0,1,1,48,observedFullFront,NONE,59faeea11cd891954bd1a0deee715e946dd89509102c518f286b253f519e4cee,740.6258550552138,49584.37700602461,85128.46761382208,COMPLETE_QG_QP_GLOBAL_OFFSPRING_BATCH
A4-20k-100_2_4_1-ON-v1,27684CE3CC3849711712536BE645E2039C413615C19A1C463F5330C6FD43F405,7baaca4ebca147f46d380677fd3ae6583cc238f741220325646b44d42c0bffd9,10B57D8C0C8EC590DD9AE0CE3EB265FC0E50C7FA52196EFE2FF7FB085060B8D3,20260901,A4,ON,5000,5000,0,1,1,48,observedFullFront,NONE,1db00fe12cb6be3f8857a964676695c4a009d93336ee4137749a1c878aa37610,775.0400021984756,50452.82167195241,81779.55713547111,COMPLETE_QG_QP_GLOBAL_OFFSPRING_BATCH
A4-20k-100_2_4_1-ON-v1,27684CE3CC3849711712536BE645E2039C413615C19A1C463F5330C6FD43F405,7baaca4ebca147f46d380677fd3ae6583cc238f741220325646b44d42c0bffd9,10B57D8C0C8EC590DD9AE0CE3EB265FC0E50C7FA52196EFE2FF7FB085060B8D3,20260901,A4,ON,5000,5000,0,1,1,48,observedFullFront,NONE,d00339064a05d93166cb91d12a45822d33367afcfa48350a4e69aafbebef396d,784.4985357937227,49654.86268353458,83561.75344514476,COMPLETE_QG_QP_GLOBAL_OFFSPRING_BATCH
A4-20k-100_2_4_1-ON-v1,27684CE3CC3849711712536BE645E2039C413615C19A1C463F5330C6FD43F405,7baaca4ebca147f46d380677fd3ae6583cc238f741220325646b44d42c0bffd9,10B57D8C0C8EC590DD9AE0CE3EB265FC0E50C7FA52196EFE2FF7FB085060B8D3,20260901,A4,ON,5000,5000,0,1,1,48,observedFullFront,NONE,ddea572448963ccd21e88bc31ef19e7ca7c6b915f38f85a3fefa31e447aa5973,797.823219622278,50490.02942613407,80154.96110778715,COMPLETE_QG_QP_GLOBAL_OFFSPRING_BATCH
A4-20k-100_2_4_1-ON-v1,27684CE3CC3849711712536BE645E2039C413615C19A1C463F5330C6FD43F405,7baaca4ebca147f46d380677fd3ae6583cc238f741220325646b44d42c0bffd9,10B57D8C0C8EC590DD9AE0CE3EB265FC0E50C7FA52196EFE2FF7FB085060B8D3,20260901,A4,ON,10000,10099,99,2,2,30,workingPopulationND,NONE,b25bf0e29dc1703db955a0bdfd093278450e8addd5d1151022f81991a9c4555b,640.2938356660684,49868.16842573362,81390.4980097322,COMPLETE_QG_QP_GLOBAL_OFFSPRING_BATCH
A4-20k-100_2_4_1-ON-v1,27684CE3CC3849711712536BE645E2039C413615C19A1C463F5330C6FD43F405,7baaca4ebca147f46d380677fd3ae6583cc238f741220325646b44d42c0bffd9,10B57D8C0C8EC590DD9AE0CE3EB265FC0E50C7FA52196EFE2FF7FB085060B8D3,20260901,A4,ON,10000,10099,99,2,2,30,workingPopulationND,NONE,9c2dcd165d1fe4b77d93ca9f8f0fcafb4473c271c01c33e9b6914529b6a9210e,643.1581229775995,49670.00060076499,81985.93915781104,COMPLETE_QG_QP_GLOBAL_OFFSPRING_BATCH
A4-20k-100_2_4_1-ON-v1,27684CE3CC3849711712536BE645E2039C413615C19A1C463F5330C6FD43F405,7baaca4ebca147f46d380677fd3ae6583cc238f741220325646b44d42c0bffd9,10B57D8C0C8EC590DD9AE0CE3EB265FC0E50C7FA52196EFE2FF7FB085060B8D3,20260901,A4,ON,10000,10099,99,2,2,30,workingPopulationND,NONE,ff625f9f9c6d33f7df6e6a5f7ebc548acf5117bdef176451d8554e994fbc1909,643.4468823587208,49735.89886797761,81379.11105769331,COMPLETE_QG_QP_GLOBAL_OFFSPRING_BATCH
A4-20k-100_2_4_1-ON-v1,27684CE3CC3849711712536BE645E2039C413615C19A1C463F5330C6FD43F405,7baaca4ebca147f46d380677fd3ae6583cc238f741220325646b44d42c0bffd9,10B57D8C0C8EC590DD9AE0CE3EB265FC0E50C7FA52196EFE2FF7FB085060B8D3,20260901,A4,ON,10000,10099,99,2,2,30,workingPopulationND,NONE,1b0390e186d1edf00a30517aaac66981a0b352edac73c61956d75cfdd3edeca6,668.2321435277325,49875.91405592322,79668.61395148817,COMPLETE_QG_QP_GLOBAL_OFFSPRING_BATCH
A4-20k-100_2_4_1-ON-v1,27684CE3CC3849711712536BE645E2039C413615C19A1C463F5330C6FD43F405,7baaca4ebca147f46d380677fd3ae6583cc238f741220325646b44d42c0bffd9,10B57D8C0C8EC590DD9AE0CE3EB265FC0E50C7FA52196EFE2FF7FB085060B8D3,20260901,A4,ON,10000,10099,99,2,2,30,workingPopulationND,NONE,d22cebead1a67324d6ece9afc9eaa5a94ffaccd0bee52d9976361888309762b3,671.6320232864787,49161.51439117323,81083.20199101312,COMPLETE_QG_QP_GLOBAL_OFFSPRING_BATCH
A4-20k-100_2_4_1-ON-v1,27684CE3CC3849711712536BE645E2039C413615C19A1C463F5330C6FD43F405,7baaca4ebca147f46d380677fd3ae6583cc238f741220325646b44d42c0bffd9,10B57D8C0C8EC590DD9AE0CE3EB265FC0E50C7FA52196EFE2FF7FB085060B8D3,20260901,A4,ON,10000,10099,99,2,2,30,workingPopulationND,NONE,4a9c8a578672d16f2ac84be8e1a09283148862b3ef2482502cb66e20265a3133,675.3157698414133,49832.69012815968,78694.91923863375,COMPLETE_QG_QP_GLOBAL_OFFSPRING_BATCH
A4-20k-100_2_4_1-ON-v1,27684CE3CC3849711712536BE645E2039C413615C19A1C463F5330C6FD43F405,7baaca4ebca147f46d380677fd3ae6583cc238f741220325646b44d42c0bffd9,10B57D8C0C8EC590DD9AE0CE3EB265FC0E50C7FA52196EFE2FF7FB085060B8D3,20260901,A4,ON,10000,10099,99,2,2,30,workingPopulationND,NONE,3d3cd43afc12bcd4851feb705b03a05b3cf45681a925bcae6b26801b7376b34c,680.2721129497164,48890.756985043394,81730.65470523435,COMPLETE_QG_QP_GLOBAL_OFFSPRING_BATCH
A4-20k-100_2_4_1-ON-v1,27684CE3CC3849711712536BE645E2039C413615C19A1C463F5330C6FD43F405,7baaca4ebca147f46d380677fd3ae6583cc238f741220325646b44d42c0bffd9,10B57D8C0C8EC590DD9AE0CE3EB265FC0E50C7FA52196EFE2FF7FB085060B8D3,20260901,A4,ON,10000,10099,99,2,2,30,workingPopulationND,NONE,cd2ff61c1c99dc7b8efd98abcb5d1c8361249ffaca808a05e1fc2aa3a8941017,689.460600394302,49415.89247117648,78562.25256950845,COMPLETE_QG_QP_GLOBAL_OFFSPRING_BATCH
A4-20k-100_2_4_1-ON-v1,27684CE3CC3849711712536BE645E2039C413615C19A1C463F5330C6FD43F405,7baaca4ebca147f46d380677fd3ae6583cc238f741220325646b44d42c0bffd9,10B57D8C0C8EC590DD9AE0CE3EB265FC0E50C7FA52196EFE2FF7FB085060B8D3,20260901,A4,ON,10000,10099,99,2,2,30,workingPopulationND,NONE,193aa05362e1966d770f252a56298768b747a8d21c1948945637373e3699027b,696.83594979093,48863.810633698115,87579.56071437761,COMPLETE_QG_QP_GLOBAL_OFFSPRING_BATCH
A4-20k-100_2_4_1-ON-v1,27684CE3CC3849711712536BE645E2039C413615C19A1C463F5330C6FD43F405,7baaca4ebca147f46d380677fd3ae6583cc238f741220325646b44d42c0bffd9,10B57D8C0C8EC590DD9AE0CE3EB265FC0E50C7FA52196EFE2FF7FB085060B8D3,20260901,A4,ON,10000,10099,99,2,2,30,workingPopulationND,NONE,edfdf5854acf9a30dda1b5628f6bc357deba5ad8f1ccbdb966fa8ecc1c9cd416,702.7741956036521,48780.140663069345,80010.85168150574,COMPLETE_QG_QP_GLOBAL_OFFSPRING_BATCH
A4-20k-100_2_4_1-ON-v1,27684CE3CC3849711712536BE645E2039C413615C19A1C463F5330C6FD43F405,7baaca4ebca147f46d380677fd3ae6583cc238f741220325646b44d42c0bffd9,10B57D8C0C8EC590DD9AE0CE3EB265FC0E50C7FA52196EFE2FF7FB085060B8D3,20260901,A4,ON,10000,10099,99,2,2,30,workingPopulationND,NONE,7221ba1c5037eb2158f2098dc4bae79960858672a52a6cae4ec6946029b8ddcb,741.9974282227172,48742.37476619883,83647.41120716557,COMPLETE_QG_QP_GLOBAL_OFFSPRING_BATCH
A4-20k-100_2_4_1-ON-v1,27684CE3CC3849711712536BE645E2039C413615C19A1C463F5330C6FD43F405,7baaca4ebca147f46d380677fd3ae6583cc238f741220325646b44d42c0bffd9,10B57D8C0C8EC590DD9AE0CE3EB265FC0E50C7FA52196EFE2FF7FB085060B8D3,20260901,A4,ON,10000,10099,99,2,2,30,workingPopulationND,NONE,18bb81619bfe7053efac58813d90bf5618de4674fa574b67891e063768f72152,776.7387228338213,48641.42032208694,82672.38652591502,COMPLETE_QG_QP_GLOBAL_OFFSPRING_BATCH
A4-20k-100_2_4_1-ON-v1,27684CE3CC3849711712536BE645E2039C413615C19A1C463F5330C6FD43F405,7baaca4ebca147f46d380677fd3ae6583cc238f741220325646b44d42c0bffd9,10B57D8C0C8EC590DD9AE0CE3EB265FC0E50C7FA52196EFE2FF7FB085060B8D3,20260901,A4,ON,10000,10099,99,2,2,30,decisionArchiveFront,NONE,3e092a7ff25ba356f266036e6b5ff2fcd6ae7daa0fe2874718bd24c0fdc834ac,622.5414970133597,51377.01876550208,87536.14239064205,COMPLETE_QG_QP_GLOBAL_OFFSPRING_BATCH
A4-20k-100_2_4_1-ON-v1,27684CE3CC3849711712536BE645E2039C413615C19A1C463F5330C6FD43F405,7baaca4ebca147f46d380677fd3ae6583cc238f741220325646b44d42c0bffd9,10B57D8C0C8EC590DD9AE0CE3EB265FC0E50C7FA52196EFE2FF7FB085060B8D3,20260901,A4,ON,10000,10099,99,2,2,30,decisionArchiveFront,NONE,8771cf3e81c337796d20533768a582484112418fd2d5bd45a25940d4d75ca25e,630.4728492199108,49894.467051422,81778.55688660736,COMPLETE_QG_QP_GLOBAL_OFFSPRING_BATCH
A4-20k-100_2_4_1-ON-v1,27684CE3CC3849711712536BE645E2039C413615C19A1C463F5330C6FD43F405,7baaca4ebca147f46d380677fd3ae6583cc238f741220325646b44d42c0bffd9,10B57D8C0C8EC590DD9AE0CE3EB265FC0E50C7FA52196EFE2FF7FB085060B8D3,20260901,A4,ON,10000,10099,99,2,2,30,decisionArchiveFront,NONE,ec96be7c995afc6aa40c3cc436b9eab7d497df3f51459d1df86b9ae9522e2caf,635.65765282231,49185.18616428753,80187.54087657754,COMPLETE_QG_QP_GLOBAL_OFFSPRING_BATCH
A4-20k-100_2_4_1-ON-v1,27684CE3CC3849711712536BE645E2039C413615C19A1C463F5330C6FD43F405,7baaca4ebca147f46d380677fd3ae6583cc238f741220325646b44d42c0bffd9,10B57D8C0C8EC590DD9AE0CE3EB265FC0E50C7FA52196EFE2FF7FB085060B8D3,20260901,A4,ON,10000,10099,99,2,2,30,decisionArchiveFront,NONE,c828dafd15e8cb2e13840eccba9238b549f8750d16c1af4de5710525dc744d9b,635.6820603778342,50030.70990339812,79670.11390258891,COMPLETE_QG_QP_GLOBAL_OFFSPRING_BATCH
A4-20k-100_2_4_1-ON-v1,27684CE3CC3849711712536BE645E2039C413615C19A1C463F5330C6FD43F405,7baaca4ebca147f46d380677fd3ae6583cc238f741220325646b44d42c0bffd9,10B57D8C0C8EC590DD9AE0CE3EB265FC0E50C7FA52196EFE2FF7FB085060B8D3,20260901,A4,ON,10000,10099,99,2,2,30,decisionArchiveFront,NONE,00a7df2bf8257912fa0dcba3c8d6a88277d70be608b6a9faa0da6df250ac43f2,636.1611124059849,49577.7662490291,79540.66445181574,COMPLETE_QG_QP_GLOBAL_OFFSPRING_BATCH
A4-20k-100_2_4_1-ON-v1,27684CE3CC3849711712536BE645E2039C413615C19A1C463F5330C6FD43F405,7baaca4ebca147f46d380677fd3ae6583cc238f741220325646b44d42c0bffd9,10B57D8C0C8EC590DD9AE0CE3EB265FC0E50C7FA52196EFE2FF7FB085060B8D3,20260901,A4,ON,10000,10099,99,2,2,30,decisionArchiveFront,NONE,66de6c396db0e4d945b150c2bf1c49ad4535b08ae5003d760a32e5172290a7de,643.5446367712566,49209.27757294993,79170.85214489927,COMPLETE_QG_QP_GLOBAL_OFFSPRING_BATCH
A4-20k-100_2_4_1-ON-v1,27684CE3CC3849711712536BE645E2039C413615C19A1C463F5330C6FD43F405,7baaca4ebca147f46d380677fd3ae6583cc238f741220325646b44d42c0bffd9,10B57D8C0C8EC590DD9AE0CE3EB265FC0E50C7FA52196EFE2FF7FB085060B8D3,20260901,A4,ON,10000,10099,99,2,2,30,decisionArchiveFront,NONE,fa9365bda0f285024b8e3534cd5fcb04de7108e6e3023929b1f983b2d2100281,643.5933181325406,48977.58002790057,80514.1832469083,COMPLETE_QG_QP_GLOBAL_OFFSPRING_BATCH
A4-20k-100_2_4_1-ON-v1,27684CE3CC3849711712536BE645E2039C413615C19A1C463F5330C6FD43F405,7baaca4ebca147f46d380677fd3ae6583cc238f741220325646b44d42c0bffd9,10B57D8C0C8EC590DD9AE0CE3EB265FC0E50C7FA52196EFE2FF7FB085060B8D3,20260901,A4,ON,10000,10099,99,2,2,30,decisionArchiveFront,NONE,187cd901af429a32e82e042134da10344212ba9783f207f78fbca5b0977b2134,650.0170191856284,49351.34727580719,79078.81475215616,COMPLETE_QG_QP_GLOBAL_OFFSPRING_BATCH
A4-20k-100_2_4_1-ON-v1,27684CE3CC3849711712536BE645E2039C413615C19A1C463F5330C6FD43F405,7baaca4ebca147f46d380677fd3ae6583cc238f741220325646b44d42c0bffd9,10B57D8C0C8EC590DD9AE0CE3EB265FC0E50C7FA52196EFE2FF7FB085060B8D3,20260901,A4,ON,10000,10099,99,2,2,30,decisionArchiveFront,NONE,ccc89622014f74f9439bd9cea83290552055214679d53d26b54e6aeffce6bb4a,650.3139826286321,49529.81388983893,78833.11135355684,COMPLETE_QG_QP_GLOBAL_OFFSPRING_BATCH
A4-20k-100_2_4_1-ON-v1,27684CE3CC3849711712536BE645E2039C413615C19A1C463F5330C6FD43F405,7baaca4ebca147f46d380677fd3ae6583cc238f741220325646b44d42c0bffd9,10B57D8C0C8EC590DD9AE0CE3EB265FC0E50C7FA52196EFE2FF7FB085060B8D3,20260901,A4,ON,10000,10099,99,2,2,30,decisionArchiveFront,NONE,2e91c7c706df09dbef8242dc0826743a1097b80dac51031806a9092864ba15bb,654.1910300276774,48889.91123263362,83247.10458915788,COMPLETE_QG_QP_GLOBAL_OFFSPRING_BATCH
A4-20k-100_2_4_1-ON-v1,27684CE3CC3849711712536BE645E2039C413615C19A1C463F5330C6FD43F405,7baaca4ebca147f46d380677fd3ae6583cc238f741220325646b44d42c0bffd9,10B57D8C0C8EC590DD9AE0CE3EB265FC0E50C7FA52196EFE2FF7FB085060B8D3,20260901,A4,ON,10000,10099,99,2,2,30,decisionArchiveFront,NONE,957f7eb12e8e5aa809568e2f847584f70e790b725fcd2cb72a01aa683eba7de4,660.8624173657026,48565.2248297391,81330.19190758766,COMPLETE_QG_QP_GLOBAL_OFFSPRING_BATCH
A4-20k-100_2_4_1-ON-v1,27684CE3CC3849711712536BE645E2039C413615C19A1C463F5330C6FD43F405,7baaca4ebca147f46d380677fd3ae6583cc238f741220325646b44d42c0bffd9,10B57D8C0C8EC590DD9AE0CE3EB265FC0E50C7FA52196EFE2FF7FB085060B8D3,20260901,A4,ON,10000,10099,99,2,2,30,decisionArchiveFront,NONE,9d2a8ff1bf4490d1991d2bfcb76e0fabca1cde3114f98fa548f38cafad5ddb1d,664.0758881791679,49413.02234057756,79040.35678193539,COMPLETE_QG_QP_GLOBAL_OFFSPRING_BATCH
A4-20k-100_2_4_1-ON-v1,27684CE3CC3849711712536BE645E2039C413615C19A1C463F5330C6FD43F405,7baaca4ebca147f46d380677fd3ae6583cc238f741220325646b44d42c0bffd9,10B57D8C0C8EC590DD9AE0CE3EB265FC0E50C7FA52196EFE2FF7FB085060B8D3,20260901,A4,ON,10000,10099,99,2,2,30,decisionArchiveFront,NONE,1b43f857717e813074cd1c4cb439d886ea3d1d59c890ca9c1f973ed03d95b3a5,669.1907124027321,48513.87651266795,80067.18421008952,COMPLETE_QG_QP_GLOBAL_OFFSPRING_BATCH
A4-20k-100_2_4_1-ON-v1,27684CE3CC3849711712536BE645E2039C413615C19A1C463F5330C6FD43F405,7baaca4ebca147f46d380677fd3ae6583cc238f741220325646b44d42c0bffd9,10B57D8C0C8EC590DD9AE0CE3EB265FC0E50C7FA52196EFE2FF7FB085060B8D3,20260901,A4,ON,10000,10099,99,2,2,30,decisionArchiveFront,NONE,6863349dc4098cb0d6aca2dec606d2348137973fa4102687e293b0a485689a69,671.5763448224077,48344.64393625602,82025.58160426588,COMPLETE_QG_QP_GLOBAL_OFFSPRING_BATCH
A4-20k-100_2_4_1-ON-v1,27684CE3CC3849711712536BE645E2039C413615C19A1C463F5330C6FD43F405,7baaca4ebca147f46d380677fd3ae6583cc238f741220325646b44d42c0bffd9,10B57D8C0C8EC590DD9AE0CE3EB265FC0E50C7FA52196EFE2FF7FB085060B8D3,20260901,A4,ON,10000,10099,99,2,2,30,decisionArchiveFront,NONE,4a9c8a578672d16f2ac84be8e1a09283148862b3ef2482502cb66e20265a3133,675.3157698414133,49832.69012815968,78694.91923863375,COMPLETE_QG_QP_GLOBAL_OFFSPRING_BATCH
A4-20k-100_2_4_1-ON-v1,27684CE3CC3849711712536BE645E2039C413615C19A1C463F5330C6FD43F405,7baaca4ebca147f46d380677fd3ae6583cc238f741220325646b44d42c0bffd9,10B57D8C0C8EC590DD9AE0CE3EB265FC0E50C7FA52196EFE2FF7FB085060B8D3,20260901,A4,ON,10000,10099,99,2,2,30,decisionArchiveFront,NONE,d037f13f9adb4de241e600b673d36bba261bb2e9bacbed0ab853ff3dca8bea2a,684.8959461262817,49482.19806581616,78433.50093902057,COMPLETE_QG_QP_GLOBAL_OFFSPRING_BATCH
A4-20k-100_2_4_1-ON-v1,27684CE3CC3849711712536BE645E2039C413615C19A1C463F5330C6FD43F405,7baaca4ebca147f46d380677fd3ae6583cc238f741220325646b44d42c0bffd9,10B57D8C0C8EC590DD9AE0CE3EB265FC0E50C7FA52196EFE2FF7FB085060B8D3,20260901,A4,ON,10000,10099,99,2,2,30,decisionArchiveFront,NONE,cd2ff61c1c99dc7b8efd98abcb5d1c8361249ffaca808a05e1fc2aa3a8941017,689.460600394302,49415.89247117648,78562.25256950845,COMPLETE_QG_QP_GLOBAL_OFFSPRING_BATCH
A4-20k-100_2_4_1-ON-v1,27684CE3CC3849711712536BE645E2039C413615C19A1C463F5330C6FD43F405,7baaca4ebca147f46d380677fd3ae6583cc238f741220325646b44d42c0bffd9,10B57D8C0C8EC590DD9AE0CE3EB265FC0E50C7FA52196EFE2FF7FB085060B8D3,20260901,A4,ON,10000,10099,99,2,2,30,decisionArchiveFront,NONE,eff1a08407b031d7a70f5bb150b326006444e154a946ba20fc73e0ee5f949c26,691.6133292182163,49384.56298287168,78320.81002857786,COMPLETE_QG_QP_GLOBAL_OFFSPRING_BATCH
A4-20k-100_2_4_1-ON-v1,27684CE3CC3849711712536BE645E2039C413615C19A1C463F5330C6FD43F405,7baaca4ebca147f46d380677fd3ae6583cc238f741220325646b44d42c0bffd9,10B57D8C0C8EC590DD9AE0CE3EB265FC0E50C7FA52196EFE2FF7FB085060B8D3,20260901,A4,ON,10000,10099,99,2,2,30,decisionArchiveFront,NONE,21b70ca350b28282c4dac50da4232e30f31525aed77669582c9b90b886421275,697.962588486097,49208.050456087985,79846.55647827973,COMPLETE_QG_QP_GLOBAL_OFFSPRING_BATCH
A4-20k-100_2_4_1-ON-v1,27684CE3CC3849711712536BE645E2039C413615C19A1C463F5330C6FD43F405,7baaca4ebca147f46d380677fd3ae6583cc238f741220325646b44d42c0bffd9,10B57D8C0C8EC590DD9AE0CE3EB265FC0E50C7FA52196EFE2FF7FB085060B8D3,20260901,A4,ON,10000,10099,99,2,2,30,decisionArchiveFront,NONE,edfdf5854acf9a30dda1b5628f6bc357deba5ad8f1ccbdb966fa8ecc1c9cd416,702.7741956036521,48780.140663069345,80010.85168150574,COMPLETE_QG_QP_GLOBAL_OFFSPRING_BATCH
A4-20k-100_2_4_1-ON-v1,27684CE3CC3849711712536BE645E2039C413615C19A1C463F5330C6FD43F405,7baaca4ebca147f46d380677fd3ae6583cc238f741220325646b44d42c0bffd9,10B57D8C0C8EC590DD9AE0CE3EB265FC0E50C7FA52196EFE2FF7FB085060B8D3,20260901,A4,ON,10000,10099,99,2,2,30,decisionArchiveFront,NONE,80b85973c5dee46d87ddc638799d6c7be0d9a16283683bba7b3f0fc9942a9698,713.6847399660879,48774.714024752335,78838.89135988889,COMPLETE_QG_QP_GLOBAL_OFFSPRING_BATCH
A4-20k-100_2_4_1-ON-v1,27684CE3CC3849711712536BE645E2039C413615C19A1C463F5330C6FD43F405,7baaca4ebca147f46d380677fd3ae6583cc238f741220325646b44d42c0bffd9,10B57D8C0C8EC590DD9AE0CE3EB265FC0E50C7FA52196EFE2FF7FB085060B8D3,20260901,A4,ON,10000,10099,99,2,2,30,decisionArchiveFront,NONE,78a83e6be840060f9ed4fd4d9808495ce724110ad158d1a2bf890c5b4d80fe72,715.9395133925685,48330.20080105678,89436.76828981552,COMPLETE_QG_QP_GLOBAL_OFFSPRING_BATCH
A4-20k-100_2_4_1-ON-v1,27684CE3CC3849711712536BE645E2039C413615C19A1C463F5330C6FD43F405,7baaca4ebca147f46d380677fd3ae6583cc238f741220325646b44d42c0bffd9,10B57D8C0C8EC590DD9AE0CE3EB265FC0E50C7FA52196EFE2FF7FB085060B8D3,20260901,A4,ON,10000,10099,99,2,2,30,decisionArchiveFront,NONE,7da0582a4ae44087a3107ae2100ed69e5e1acf3dd4a0a8e9e318a01994e935fb,744.0047267919821,48293.81761322028,82041.63755308102,COMPLETE_QG_QP_GLOBAL_OFFSPRING_BATCH
A4-20k-100_2_4_1-ON-v1,27684CE3CC3849711712536BE645E2039C413615C19A1C463F5330C6FD43F405,7baaca4ebca147f46d380677fd3ae6583cc238f741220325646b44d42c0bffd9,10B57D8C0C8EC590DD9AE0CE3EB265FC0E50C7FA52196EFE2FF7FB085060B8D3,20260901,A4,ON,10000,10099,99,2,2,30,decisionArchiveFront,NONE,c29cc366ac6bb9836fba0c30e9e83f6b7386c7501fe5c60f0afb0a0f82240d14,745.2790649620011,48425.08953568458,82004.05198016812,COMPLETE_QG_QP_GLOBAL_OFFSPRING_BATCH
A4-20k-100_2_4_1-ON-v1,27684CE3CC3849711712536BE645E2039C413615C19A1C463F5330C6FD43F405,7baaca4ebca147f46d380677fd3ae6583cc238f741220325646b44d42c0bffd9,10B57D8C0C8EC590DD9AE0CE3EB265FC0E50C7FA52196EFE2FF7FB085060B8D3,20260901,A4,ON,10000,10099,99,2,2,30,decisionArchiveFront,NONE,13929e9e92f2803b579ff3da86cc2232b4a6ba19220ee89d9360e0d35b90beb2,817.9096630030357,48082.150336635015,88056.56314921904,COMPLETE_QG_QP_GLOBAL_OFFSPRING_BATCH
A4-20k-100_2_4_1-ON-v1,27684CE3CC3849711712536BE645E2039C413615C19A1C463F5330C6FD43F405,7baaca4ebca147f46d380677fd3ae6583cc238f741220325646b44d42c0bffd9,10B57D8C0C8EC590DD9AE0CE3EB265FC0E50C7FA52196EFE2FF7FB085060B8D3,20260901,A4,ON,10000,10099,99,2,2,30,observedFullFront,NONE,3e092a7ff25ba356f266036e6b5ff2fcd6ae7daa0fe2874718bd24c0fdc834ac,622.5414970133597,51377.01876550208,87536.14239064205,COMPLETE_QG_QP_GLOBAL_OFFSPRING_BATCH
A4-20k-100_2_4_1-ON-v1,27684CE3CC3849711712536BE645E2039C413615C19A1C463F5330C6FD43F405,7baaca4ebca147f46d380677fd3ae6583cc238f741220325646b44d42c0bffd9,10B57D8C0C8EC590DD9AE0CE3EB265FC0E50C7FA52196EFE2FF7FB085060B8D3,20260901,A4,ON,10000,10099,99,2,2,30,observedFullFront,NONE,2ead62189be2fcef77187b331ec8a70739081c3169458d860951761f8dba6ab3,622.6742196201753,51373.12709787014,87577.14235843938,COMPLETE_QG_QP_GLOBAL_OFFSPRING_BATCH
A4-20k-100_2_4_1-ON-v1,27684CE3CC3849711712536BE645E2039C413615C19A1C463F5330C6FD43F405,7baaca4ebca147f46d380677fd3ae6583cc238f741220325646b44d42c0bffd9,10B57D8C0C8EC590DD9AE0CE3EB265FC0E50C7FA52196EFE2FF7FB085060B8D3,20260901,A4,ON,10000,10099,99,2,2,30,observedFullFront,NONE,13759bb18d83dd570d3ee0d78ca17cc14693e18448fcfb78ebdcfecd3249ec58,623.463932794148,51442.68865254045,87518.86282881306,COMPLETE_QG_QP_GLOBAL_OFFSPRING_BATCH
A4-20k-100_2_4_1-ON-v1,27684CE3CC3849711712536BE645E2039C413615C19A1C463F5330C6FD43F405,7baaca4ebca147f46d380677fd3ae6583cc238f741220325646b44d42c0bffd9,10B57D8C0C8EC590DD9AE0CE3EB265FC0E50C7FA52196EFE2FF7FB085060B8D3,20260901,A4,ON,10000,10099,99,2,2,30,observedFullFront,NONE,116385bdfc2e8ebd4477fef718cf1b2512052e30b0fe230300660cb224ad6bc0,623.8640091733253,51384.503936376736,87334.84096958108,COMPLETE_QG_QP_GLOBAL_OFFSPRING_BATCH
A4-20k-100_2_4_1-ON-v1,27684CE3CC3849711712536BE645E2039C413615C19A1C463F5330C6FD43F405,7baaca4ebca147f46d380677fd3ae6583cc238f741220325646b44d42c0bffd9,10B57D8C0C8EC590DD9AE0CE3EB265FC0E50C7FA52196EFE2FF7FB085060B8D3,20260901,A4,ON,10000,10099,99,2,2,30,observedFullFront,NONE,e0f9bac64961e63821b1509f343b67e98b00159ce953b7497fb96a915cb5f2e7,624.236526133026,51367.728283122226,87309.10400369875,COMPLETE_QG_QP_GLOBAL_OFFSPRING_BATCH
A4-20k-100_2_4_1-ON-v1,27684CE3CC3849711712536BE645E2039C413615C19A1C463F5330C6FD43F405,7baaca4ebca147f46d380677fd3ae6583cc238f741220325646b44d42c0bffd9,10B57D8C0C8EC590DD9AE0CE3EB265FC0E50C7FA52196EFE2FF7FB085060B8D3,20260901,A4,ON,10000,10099,99,2,2,30,observedFullFront,NONE,8a16a87883e926431420e42b54c38b27cee9dbdedc140f1d22601048d0a6bd85,624.3925698330287,51372.138609622234,87308.41403024389,COMPLETE_QG_QP_GLOBAL_OFFSPRING_BATCH
A4-20k-100_2_4_1-ON-v1,27684CE3CC3849711712536BE645E2039C413615C19A1C463F5330C6FD43F405,7baaca4ebca147f46d380677fd3ae6583cc238f741220325646b44d42c0bffd9,10B57D8C0C8EC590DD9AE0CE3EB265FC0E50C7FA52196EFE2FF7FB085060B8D3,20260901,A4,ON,10000,10099,99,2,2,30,observedFullFront,NONE,b4fd531247d6b5e370c747af9217e96326bf3e48716cd0ab7de798219f35f811,624.4650921445773,51370.28929847187,87304.00066741923,COMPLETE_QG_QP_GLOBAL_OFFSPRING_BATCH
A4-20k-100_2_4_1-ON-v1,27684CE3CC3849711712536BE645E2039C413615C19A1C463F5330C6FD43F405,7baaca4ebca147f46d380677fd3ae6583cc238f741220325646b44d42c0bffd9,10B57D8C0C8EC590DD9AE0CE3EB265FC0E50C7FA52196EFE2FF7FB085060B8D3,20260901,A4,ON,10000,10099,99,2,2,30,observedFullFront,NONE,6b7d3dda7f533be966c89f8f367c846fd34d5bc27614695add0da2455c105efa,624.6580860591147,51352.6247493307,87271.63566352516,COMPLETE_QG_QP_GLOBAL_OFFSPRING_BATCH
A4-20k-100_2_4_1-ON-v1,27684CE3CC3849711712536BE645E2039C413615C19A1C463F5330C6FD43F405,7baaca4ebca147f46d380677fd3ae6583cc238f741220325646b44d42c0bffd9,10B57D8C0C8EC590DD9AE0CE3EB265FC0E50C7FA52196EFE2FF7FB085060B8D3,20260901,A4,ON,10000,10099,99,2,2,30,observedFullFront,NONE,0b7f524c84c63397c9271c16aaa506a53435a37ad197a789582ff127ed4bc5e4,625.2368852575644,51325.52328415256,87661.67698710522,COMPLETE_QG_QP_GLOBAL_OFFSPRING_BATCH
A4-20k-100_2_4_1-ON-v1,27684CE3CC3849711712536BE645E2039C413615C19A1C463F5330C6FD43F405,7baaca4ebca147f46d380677fd3ae6583cc238f741220325646b44d42c0bffd9,10B57D8C0C8EC590DD9AE0CE3EB265FC0E50C7FA52196EFE2FF7FB085060B8D3,20260901,A4,ON,10000,10099,99,2,2,30,observedFullFront,NONE,4e74e0cdca011058bab02060b04b9ad32ffe3cbe6fe60c468d5d6dbf9c8209e6,625.747551259676,51246.95346018025,88013.15463883983,COMPLETE_QG_QP_GLOBAL_OFFSPRING_BATCH
A4-20k-100_2_4_1-ON-v1,27684CE3CC3849711712536BE645E2039C413615C19A1C463F5330C6FD43F405,7baaca4ebca147f46d380677fd3ae6583cc238f741220325646b44d42c0bffd9,10B57D8C0C8EC590DD9AE0CE3EB265FC0E50C7FA52196EFE2FF7FB085060B8D3,20260901,A4,ON,10000,10099,99,2,2,30,observedFullFront,NONE,5a09a9a8b829ab07e362660a51bb5adc43c8fd1ccf3b37101d28c4ab198765ef,626.0353935851923,51299.23812827703,87518.08738973657,COMPLETE_QG_QP_GLOBAL_OFFSPRING_BATCH
A4-20k-100_2_4_1-ON-v1,27684CE3CC3849711712536BE645E2039C413615C19A1C463F5330C6FD43F405,7baaca4ebca147f46d380677fd3ae6583cc238f741220325646b44d42c0bffd9,10B57D8C0C8EC590DD9AE0CE3EB265FC0E50C7FA52196EFE2FF7FB085060B8D3,20260901,A4,ON,10000,10099,99,2,2,30,observedFullFront,NONE,7c32e056fc88b5bc3c7fea96e7474436aded18862ed7cba3bee1451268ef1a41,626.5286397396258,51274.430392704155,87991.62418214904,COMPLETE_QG_QP_GLOBAL_OFFSPRING_BATCH
A4-20k-100_2_4_1-ON-v1,27684CE3CC3849711712536BE645E2039C413615C19A1C463F5330C6FD43F405,7baaca4ebca147f46d380677fd3ae6583cc238f741220325646b44d42c0bffd9,10B57D8C0C8EC590DD9AE0CE3EB265FC0E50C7FA52196EFE2FF7FB085060B8D3,20260901,A4,ON,10000,10099,99,2,2,30,observedFullFront,NONE,07177f78b55fef447b1caeff2ba30d1887fc501ff2b84b96d15ee260af65987b,626.529176933625,51324.20303108874,87486.33815357929,COMPLETE_QG_QP_GLOBAL_OFFSPRING_BATCH
A4-20k-100_2_4_1-ON-v1,27684CE3CC3849711712536BE645E2039C413615C19A1C463F5330C6FD43F405,7baaca4ebca147f46d380677fd3ae6583cc238f741220325646b44d42c0bffd9,10B57D8C0C8EC590DD9AE0CE3EB265FC0E50C7FA52196EFE2FF7FB085060B8D3,20260901,A4,ON,10000,10099,99,2,2,30,observedFullFront,NONE,67ebfd548880d3cf876af85cf257cb0a1357f420ee6f74f55570a90fe0885a22,626.9488218311952,51194.394250193356,86358.95878638435,COMPLETE_QG_QP_GLOBAL_OFFSPRING_BATCH
A4-20k-100_2_4_1-ON-v1,27684CE3CC3849711712536BE645E2039C413615C19A1C463F5330C6FD43F405,7baaca4ebca147f46d380677fd3ae6583cc238f741220325646b44d42c0bffd9,10B57D8C0C8EC590DD9AE0CE3EB265FC0E50C7FA52196EFE2FF7FB085060B8D3,20260901,A4,ON,10000,10099,99,2,2,30,observedFullFront,NONE,3a461c9a7046d352a95d97d7a8519681c5db746275afcd710f20ac6409bbb64a,627.2638042269624,51145.72636132896,86198.23025572667,COMPLETE_QG_QP_GLOBAL_OFFSPRING_BATCH
A4-20k-100_2_4_1-ON-v1,27684CE3CC3849711712536BE645E2039C413615C19A1C463F5330C6FD43F405,7baaca4ebca147f46d380677fd3ae6583cc238f741220325646b44d42c0bffd9,10B57D8C0C8EC590DD9AE0CE3EB265FC0E50C7FA52196EFE2FF7FB085060B8D3,20260901,A4,ON,10000,10099,99,2,2,30,observedFullFront,NONE,93735bbab47bed7d46cc7e9a43a413621a5f7ce4dd9474e23f5739e5769103a3,628.9748133064573,51220.09581006505,86120.22831990664,COMPLETE_QG_QP_GLOBAL_OFFSPRING_BATCH
A4-20k-100_2_4_1-ON-v1,27684CE3CC3849711712536BE645E2039C413615C19A1C463F5330C6FD43F405,7baaca4ebca147f46d380677fd3ae6583cc238f741220325646b44d42c0bffd9,10B57D8C0C8EC590DD9AE0CE3EB265FC0E50C7FA52196EFE2FF7FB085060B8D3,20260901,A4,ON,10000,10099,99,2,2,30,observedFullFront,NONE,5faebed5ce105a04477854de8f358f5554bd8ccaa300a948400bfcabd2a4d268,629.0149286396193,51184.21982348507,85811.73354207654,COMPLETE_QG_QP_GLOBAL_OFFSPRING_BATCH
A4-20k-100_2_4_1-ON-v1,27684CE3CC3849711712536BE645E2039C413615C19A1C463F5330C6FD43F405,7baaca4ebca147f46d380677fd3ae6583cc238f741220325646b44d42c0bffd9,10B57D8C0C8EC590DD9AE0CE3EB265FC0E50C7FA52196EFE2FF7FB085060B8D3,20260901,A4,ON,10000,10099,99,2,2,30,observedFullFront,NONE,82c785ce4ac12782b86b14adc474f3752adf9362994b3549e7c8b96eb983ceed,629.6526967060855,51074.78489916905,86460.59013573457,COMPLETE_QG_QP_GLOBAL_OFFSPRING_BATCH
A4-20k-100_2_4_1-ON-v1,27684CE3CC3849711712536BE645E2039C413615C19A1C463F5330C6FD43F405,7baaca4ebca147f46d380677fd3ae6583cc238f741220325646b44d42c0bffd9,10B57D8C0C8EC590DD9AE0CE3EB265FC0E50C7FA52196EFE2FF7FB085060B8D3,20260901,A4,ON,10000,10099,99,2,2,30,observedFullFront,NONE,8771cf3e81c337796d20533768a582484112418fd2d5bd45a25940d4d75ca25e,630.4728492199108,49894.467051422,81778.55688660736,COMPLETE_QG_QP_GLOBAL_OFFSPRING_BATCH
A4-20k-100_2_4_1-ON-v1,27684CE3CC3849711712536BE645E2039C413615C19A1C463F5330C6FD43F405,7baaca4ebca147f46d380677fd3ae6583cc238f741220325646b44d42c0bffd9,10B57D8C0C8EC590DD9AE0CE3EB265FC0E50C7FA52196EFE2FF7FB085060B8D3,20260901,A4,ON,10000,10099,99,2,2,30,observedFullFront,NONE,ec96be7c995afc6aa40c3cc436b9eab7d497df3f51459d1df86b9ae9522e2caf,635.65765282231,49185.18616428753,80187.54087657754,COMPLETE_QG_QP_GLOBAL_OFFSPRING_BATCH
A4-20k-100_2_4_1-ON-v1,27684CE3CC3849711712536BE645E2039C413615C19A1C463F5330C6FD43F405,7baaca4ebca147f46d380677fd3ae6583cc238f741220325646b44d42c0bffd9,10B57D8C0C8EC590DD9AE0CE3EB265FC0E50C7FA52196EFE2FF7FB085060B8D3,20260901,A4,ON,10000,10099,99,2,2,30,observedFullFront,NONE,c828dafd15e8cb2e13840eccba9238b549f8750d16c1af4de5710525dc744d9b,635.6820603778342,50030.70990339812,79670.11390258891,COMPLETE_QG_QP_GLOBAL_OFFSPRING_BATCH
A4-20k-100_2_4_1-ON-v1,27684CE3CC3849711712536BE645E2039C413615C19A1C463F5330C6FD43F405,7baaca4ebca147f46d380677fd3ae6583cc238f741220325646b44d42c0bffd9,10B57D8C0C8EC590DD9AE0CE3EB265FC0E50C7FA52196EFE2FF7FB085060B8D3,20260901,A4,ON,10000,10099,99,2,2,30,observedFullFront,NONE,00a7df2bf8257912fa0dcba3c8d6a88277d70be608b6a9faa0da6df250ac43f2,636.1611124059849,49577.7662490291,79540.66445181574,COMPLETE_QG_QP_GLOBAL_OFFSPRING_BATCH
A4-20k-100_2_4_1-ON-v1,27684CE3CC3849711712536BE645E2039C413615C19A1C463F5330C6FD43F405,7baaca4ebca147f46d380677fd3ae6583cc238f741220325646b44d42c0bffd9,10B57D8C0C8EC590DD9AE0CE3EB265FC0E50C7FA52196EFE2FF7FB085060B8D3,20260901,A4,ON,10000,10099,99,2,2,30,observedFullFront,NONE,66de6c396db0e4d945b150c2bf1c49ad4535b08ae5003d760a32e5172290a7de,643.5446367712566,49209.27757294993,79170.85214489927,COMPLETE_QG_QP_GLOBAL_OFFSPRING_BATCH
A4-20k-100_2_4_1-ON-v1,27684CE3CC3849711712536BE645E2039C413615C19A1C463F5330C6FD43F405,7baaca4ebca147f46d380677fd3ae6583cc238f741220325646b44d42c0bffd9,10B57D8C0C8EC590DD9AE0CE3EB265FC0E50C7FA52196EFE2FF7FB085060B8D3,20260901,A4,ON,10000,10099,99,2,2,30,observedFullFront,NONE,fa9365bda0f285024b8e3534cd5fcb04de7108e6e3023929b1f983b2d2100281,643.5933181325406,48977.58002790057,80514.1832469083,COMPLETE_QG_QP_GLOBAL_OFFSPRING_BATCH
A4-20k-100_2_4_1-ON-v1,27684CE3CC3849711712536BE645E2039C413615C19A1C463F5330C6FD43F405,7baaca4ebca147f46d380677fd3ae6583cc238f741220325646b44d42c0bffd9,10B57D8C0C8EC590DD9AE0CE3EB265FC0E50C7FA52196EFE2FF7FB085060B8D3,20260901,A4,ON,10000,10099,99,2,2,30,observedFullFront,NONE,187cd901af429a32e82e042134da10344212ba9783f207f78fbca5b0977b2134,650.0170191856284,49351.34727580719,79078.81475215616,COMPLETE_QG_QP_GLOBAL_OFFSPRING_BATCH
A4-20k-100_2_4_1-ON-v1,27684CE3CC3849711712536BE645E2039C413615C19A1C463F5330C6FD43F405,7baaca4ebca147f46d380677fd3ae6583cc238f741220325646b44d42c0bffd9,10B57D8C0C8EC590DD9AE0CE3EB265FC0E50C7FA52196EFE2FF7FB085060B8D3,20260901,A4,ON,10000,10099,99,2,2,30,observedFullFront,NONE,ccc89622014f74f9439bd9cea83290552055214679d53d26b54e6aeffce6bb4a,650.3139826286321,49529.81388983893,78833.11135355684,COMPLETE_QG_QP_GLOBAL_OFFSPRING_BATCH
A4-20k-100_2_4_1-ON-v1,27684CE3CC3849711712536BE645E2039C413615C19A1C463F5330C6FD43F405,7baaca4ebca147f46d380677fd3ae6583cc238f741220325646b44d42c0bffd9,10B57D8C0C8EC590DD9AE0CE3EB265FC0E50C7FA52196EFE2FF7FB085060B8D3,20260901,A4,ON,10000,10099,99,2,2,30,observedFullFront,NONE,2e91c7c706df09dbef8242dc0826743a1097b80dac51031806a9092864ba15bb,654.1910300276774,48889.91123263362,83247.10458915788,COMPLETE_QG_QP_GLOBAL_OFFSPRING_BATCH
A4-20k-100_2_4_1-ON-v1,27684CE3CC3849711712536BE645E2039C413615C19A1C463F5330C6FD43F405,7baaca4ebca147f46d380677fd3ae6583cc238f741220325646b44d42c0bffd9,10B57D8C0C8EC590DD9AE0CE3EB265FC0E50C7FA52196EFE2FF7FB085060B8D3,20260901,A4,ON,10000,10099,99,2,2,30,observedFullFront,NONE,957f7eb12e8e5aa809568e2f847584f70e790b725fcd2cb72a01aa683eba7de4,660.8624173657026,48565.2248297391,81330.19190758766,COMPLETE_QG_QP_GLOBAL_OFFSPRING_BATCH
A4-20k-100_2_4_1-ON-v1,27684CE3CC3849711712536BE645E2039C413615C19A1C463F5330C6FD43F405,7baaca4ebca147f46d380677fd3ae6583cc238f741220325646b44d42c0bffd9,10B57D8C0C8EC590DD9AE0CE3EB265FC0E50C7FA52196EFE2FF7FB085060B8D3,20260901,A4,ON,10000,10099,99,2,2,30,observedFullFront,NONE,9d2a8ff1bf4490d1991d2bfcb76e0fabca1cde3114f98fa548f38cafad5ddb1d,664.0758881791679,49413.02234057756,79040.35678193539,COMPLETE_QG_QP_GLOBAL_OFFSPRING_BATCH
A4-20k-100_2_4_1-ON-v1,27684CE3CC3849711712536BE645E2039C413615C19A1C463F5330C6FD43F405,7baaca4ebca147f46d380677fd3ae6583cc238f741220325646b44d42c0bffd9,10B57D8C0C8EC590DD9AE0CE3EB265FC0E50C7FA52196EFE2FF7FB085060B8D3,20260901,A4,ON,10000,10099,99,2,2,30,observedFullFront,NONE,1b43f857717e813074cd1c4cb439d886ea3d1d59c890ca9c1f973ed03d95b3a5,669.1907124027321,48513.87651266795,80067.18421008952,COMPLETE_QG_QP_GLOBAL_OFFSPRING_BATCH
A4-20k-100_2_4_1-ON-v1,27684CE3CC3849711712536BE645E2039C413615C19A1C463F5330C6FD43F405,7baaca4ebca147f46d380677fd3ae6583cc238f741220325646b44d42c0bffd9,10B57D8C0C8EC590DD9AE0CE3EB265FC0E50C7FA52196EFE2FF7FB085060B8D3,20260901,A4,ON,10000,10099,99,2,2,30,observedFullFront,NONE,6863349dc4098cb0d6aca2dec606d2348137973fa4102687e293b0a485689a69,671.5763448224077,48344.64393625602,82025.58160426588,COMPLETE_QG_QP_GLOBAL_OFFSPRING_BATCH
A4-20k-100_2_4_1-ON-v1,27684CE3CC3849711712536BE645E2039C413615C19A1C463F5330C6FD43F405,7baaca4ebca147f46d380677fd3ae6583cc238f741220325646b44d42c0bffd9,10B57D8C0C8EC590DD9AE0CE3EB265FC0E50C7FA52196EFE2FF7FB085060B8D3,20260901,A4,ON,10000,10099,99,2,2,30,observedFullFront,NONE,4a9c8a578672d16f2ac84be8e1a09283148862b3ef2482502cb66e20265a3133,675.3157698414133,49832.69012815968,78694.91923863375,COMPLETE_QG_QP_GLOBAL_OFFSPRING_BATCH
A4-20k-100_2_4_1-ON-v1,27684CE3CC3849711712536BE645E2039C413615C19A1C463F5330C6FD43F405,7baaca4ebca147f46d380677fd3ae6583cc238f741220325646b44d42c0bffd9,10B57D8C0C8EC590DD9AE0CE3EB265FC0E50C7FA52196EFE2FF7FB085060B8D3,20260901,A4,ON,10000,10099,99,2,2,30,observedFullFront,NONE,d037f13f9adb4de241e600b673d36bba261bb2e9bacbed0ab853ff3dca8bea2a,684.8959461262817,49482.19806581616,78433.50093902057,COMPLETE_QG_QP_GLOBAL_OFFSPRING_BATCH
A4-20k-100_2_4_1-ON-v1,27684CE3CC3849711712536BE645E2039C413615C19A1C463F5330C6FD43F405,7baaca4ebca147f46d380677fd3ae6583cc238f741220325646b44d42c0bffd9,10B57D8C0C8EC590DD9AE0CE3EB265FC0E50C7FA52196EFE2FF7FB085060B8D3,20260901,A4,ON,10000,10099,99,2,2,30,observedFullFront,NONE,cd2ff61c1c99dc7b8efd98abcb5d1c8361249ffaca808a05e1fc2aa3a8941017,689.460600394302,49415.89247117648,78562.25256950845,COMPLETE_QG_QP_GLOBAL_OFFSPRING_BATCH
A4-20k-100_2_4_1-ON-v1,27684CE3CC3849711712536BE645E2039C413615C19A1C463F5330C6FD43F405,7baaca4ebca147f46d380677fd3ae6583cc238f741220325646b44d42c0bffd9,10B57D8C0C8EC590DD9AE0CE3EB265FC0E50C7FA52196EFE2FF7FB085060B8D3,20260901,A4,ON,10000,10099,99,2,2,30,observedFullFront,NONE,eff1a08407b031d7a70f5bb150b326006444e154a946ba20fc73e0ee5f949c26,691.6133292182163,49384.56298287168,78320.81002857786,COMPLETE_QG_QP_GLOBAL_OFFSPRING_BATCH
A4-20k-100_2_4_1-ON-v1,27684CE3CC3849711712536BE645E2039C413615C19A1C463F5330C6FD43F405,7baaca4ebca147f46d380677fd3ae6583cc238f741220325646b44d42c0bffd9,10B57D8C0C8EC590DD9AE0CE3EB265FC0E50C7FA52196EFE2FF7FB085060B8D3,20260901,A4,ON,10000,10099,99,2,2,30,observedFullFront,NONE,21b70ca350b28282c4dac50da4232e30f31525aed77669582c9b90b886421275,697.962588486097,49208.050456087985,79846.55647827973,COMPLETE_QG_QP_GLOBAL_OFFSPRING_BATCH
A4-20k-100_2_4_1-ON-v1,27684CE3CC3849711712536BE645E2039C413615C19A1C463F5330C6FD43F405,7baaca4ebca147f46d380677fd3ae6583cc238f741220325646b44d42c0bffd9,10B57D8C0C8EC590DD9AE0CE3EB265FC0E50C7FA52196EFE2FF7FB085060B8D3,20260901,A4,ON,10000,10099,99,2,2,30,observedFullFront,NONE,edfdf5854acf9a30dda1b5628f6bc357deba5ad8f1ccbdb966fa8ecc1c9cd416,702.7741956036521,48780.140663069345,80010.85168150574,COMPLETE_QG_QP_GLOBAL_OFFSPRING_BATCH
A4-20k-100_2_4_1-ON-v1,27684CE3CC3849711712536BE645E2039C413615C19A1C463F5330C6FD43F405,7baaca4ebca147f46d380677fd3ae6583cc238f741220325646b44d42c0bffd9,10B57D8C0C8EC590DD9AE0CE3EB265FC0E50C7FA52196EFE2FF7FB085060B8D3,20260901,A4,ON,10000,10099,99,2,2,30,observedFullFront,NONE,80b85973c5dee46d87ddc638799d6c7be0d9a16283683bba7b3f0fc9942a9698,713.6847399660879,48774.714024752335,78838.89135988889,COMPLETE_QG_QP_GLOBAL_OFFSPRING_BATCH
A4-20k-100_2_4_1-ON-v1,27684CE3CC3849711712536BE645E2039C413615C19A1C463F5330C6FD43F405,7baaca4ebca147f46d380677fd3ae6583cc238f741220325646b44d42c0bffd9,10B57D8C0C8EC590DD9AE0CE3EB265FC0E50C7FA52196EFE2FF7FB085060B8D3,20260901,A4,ON,10000,10099,99,2,2,30,observedFullFront,NONE,78a83e6be840060f9ed4fd4d9808495ce724110ad158d1a2bf890c5b4d80fe72,715.9395133925685,48330.20080105678,89436.76828981552,COMPLETE_QG_QP_GLOBAL_OFFSPRING_BATCH
A4-20k-100_2_4_1-ON-v1,27684CE3CC3849711712536BE645E2039C413615C19A1C463F5330C6FD43F405,7baaca4ebca147f46d380677fd3ae6583cc238f741220325646b44d42c0bffd9,10B57D8C0C8EC590DD9AE0CE3EB265FC0E50C7FA52196EFE2FF7FB085060B8D3,20260901,A4,ON,10000,10099,99,2,2,30,observedFullFront,NONE,7da0582a4ae44087a3107ae2100ed69e5e1acf3dd4a0a8e9e318a01994e935fb,744.0047267919821,48293.81761322028,82041.63755308102,COMPLETE_QG_QP_GLOBAL_OFFSPRING_BATCH
A4-20k-100_2_4_1-ON-v1,27684CE3CC3849711712536BE645E2039C413615C19A1C463F5330C6FD43F405,7baaca4ebca147f46d380677fd3ae6583cc238f741220325646b44d42c0bffd9,10B57D8C0C8EC590DD9AE0CE3EB265FC0E50C7FA52196EFE2FF7FB085060B8D3,20260901,A4,ON,10000,10099,99,2,2,30,observedFullFront,NONE,c29cc366ac6bb9836fba0c30e9e83f6b7386c7501fe5c60f0afb0a0f82240d14,745.2790649620011,48425.08953568458,82004.05198016812,COMPLETE_QG_QP_GLOBAL_OFFSPRING_BATCH
A4-20k-100_2_4_1-ON-v1,27684CE3CC3849711712536BE645E2039C413615C19A1C463F5330C6FD43F405,7baaca4ebca147f46d380677fd3ae6583cc238f741220325646b44d42c0bffd9,10B57D8C0C8EC590DD9AE0CE3EB265FC0E50C7FA52196EFE2FF7FB085060B8D3,20260901,A4,ON,10000,10099,99,2,2,30,observedFullFront,NONE,13929e9e92f2803b579ff3da86cc2232b4a6ba19220ee89d9360e0d35b90beb2,817.9096630030357,48082.150336635015,88056.56314921904,COMPLETE_QG_QP_GLOBAL_OFFSPRING_BATCH
A4-20k-100_2_4_1-ON-v1,27684CE3CC3849711712536BE645E2039C413615C19A1C463F5330C6FD43F405,7baaca4ebca147f46d380677fd3ae6583cc238f741220325646b44d42c0bffd9,10B57D8C0C8EC590DD9AE0CE3EB265FC0E50C7FA52196EFE2FF7FB085060B8D3,20260901,A4,ON,15000,15026,26,2,2,-1,workingPopulationND,NONE,ce6f8cb24fce51e450df6fabc805879441a733ded10d760ed5e81cb2f89a9cae,636.1493136826944,50993.08647706648,87544.15162300851,COMPLETE_INHERITED_LS_BATCH
A4-20k-100_2_4_1-ON-v1,27684CE3CC3849711712536BE645E2039C413615C19A1C463F5330C6FD43F405,7baaca4ebca147f46d380677fd3ae6583cc238f741220325646b44d42c0bffd9,10B57D8C0C8EC590DD9AE0CE3EB265FC0E50C7FA52196EFE2FF7FB085060B8D3,20260901,A4,ON,15000,15026,26,2,2,-1,workingPopulationND,NONE,857d22902fe79569b28517a79ed1e0a0e4282178d4aae0653e499a5fe6b394ec,637.4611357188679,49889.94513870816,85199.4348567373,COMPLETE_INHERITED_LS_BATCH
A4-20k-100_2_4_1-ON-v1,27684CE3CC3849711712536BE645E2039C413615C19A1C463F5330C6FD43F405,7baaca4ebca147f46d380677fd3ae6583cc238f741220325646b44d42c0bffd9,10B57D8C0C8EC590DD9AE0CE3EB265FC0E50C7FA52196EFE2FF7FB085060B8D3,20260901,A4,ON,15000,15026,26,2,2,-1,workingPopulationND,NONE,b63c0ce9e2e73c17421b6d44aa6746b8a64fc2b5f5aac47adf7287544c8c9202,645.3534309539534,50033.51663072399,83500.34462134422,COMPLETE_INHERITED_LS_BATCH
A4-20k-100_2_4_1-ON-v1,27684CE3CC3849711712536BE645E2039C413615C19A1C463F5330C6FD43F405,7baaca4ebca147f46d380677fd3ae6583cc238f741220325646b44d42c0bffd9,10B57D8C0C8EC590DD9AE0CE3EB265FC0E50C7FA52196EFE2FF7FB085060B8D3,20260901,A4,ON,15000,15026,26,2,2,-1,workingPopulationND,NONE,cf8011534667c5d26c1b7bc70de5785a0d8972100da684e67f2f5fa0b32cbc63,647.3522014246167,49430.94875921825,82042.27450287118,COMPLETE_INHERITED_LS_BATCH
A4-20k-100_2_4_1-ON-v1,27684CE3CC3849711712536BE645E2039C413615C19A1C463F5330C6FD43F405,7baaca4ebca147f46d380677fd3ae6583cc238f741220325646b44d42c0bffd9,10B57D8C0C8EC590DD9AE0CE3EB265FC0E50C7FA52196EFE2FF7FB085060B8D3,20260901,A4,ON,15000,15026,26,2,2,-1,workingPopulationND,NONE,a1c6b28723d7401c72acfcabcfca18fc2d70a84db73336617db942d3b7bb9d07,651.9094143518897,49838.89167428974,81840.15551624975,COMPLETE_INHERITED_LS_BATCH
A4-20k-100_2_4_1-ON-v1,27684CE3CC3849711712536BE645E2039C413615C19A1C463F5330C6FD43F405,7baaca4ebca147f46d380677fd3ae6583cc238f741220325646b44d42c0bffd9,10B57D8C0C8EC590DD9AE0CE3EB265FC0E50C7FA52196EFE2FF7FB085060B8D3,20260901,A4,ON,15000,15026,26,2,2,-1,workingPopulationND,NONE,e7171b815c03727f593e6ff28a0b389fea3f326d840680819361c39c58c1fca8,663.4409160225288,49917.667453584894,80433.5390958533,COMPLETE_INHERITED_LS_BATCH
A4-20k-100_2_4_1-ON-v1,27684CE3CC3849711712536BE645E2039C413615C19A1C463F5330C6FD43F405,7baaca4ebca147f46d380677fd3ae6583cc238f741220325646b44d42c0bffd9,10B57D8C0C8EC590DD9AE0CE3EB265FC0E50C7FA52196EFE2FF7FB085060B8D3,20260901,A4,ON,15000,15026,26,2,2,-1,workingPopulationND,NONE,4ecc0d3d392b0355c24151ccf28ea6f2014c87e3bbf4c8a5e0b0f9d0cdc416ae,665.5326398004491,49768.62180097665,80161.06396630981,COMPLETE_INHERITED_LS_BATCH
A4-20k-100_2_4_1-ON-v1,27684CE3CC3849711712536BE645E2039C413615C19A1C463F5330C6FD43F405,7baaca4ebca147f46d380677fd3ae6583cc238f741220325646b44d42c0bffd9,10B57D8C0C8EC590DD9AE0CE3EB265FC0E50C7FA52196EFE2FF7FB085060B8D3,20260901,A4,ON,15000,15026,26,2,2,-1,workingPopulationND,NONE,7c7542306fef482d924f98edb9cc4f8c59b6f40ead2accee1e62af2bb503defe,667.504707920143,50037.20776073387,79968.76646088621,COMPLETE_INHERITED_LS_BATCH
A4-20k-100_2_4_1-ON-v1,27684CE3CC3849711712536BE645E2039C413615C19A1C463F5330C6FD43F405,7baaca4ebca147f46d380677fd3ae6583cc238f741220325646b44d42c0bffd9,10B57D8C0C8EC590DD9AE0CE3EB265FC0E50C7FA52196EFE2FF7FB085060B8D3,20260901,A4,ON,15000,15026,26,2,2,-1,workingPopulationND,NONE,761b8f7ab0e4ea5510ef37c93f0f67f727282358a1492691a60120b4faa17dca,675.8896543191438,48505.26754897788,79314.92121081465,COMPLETE_INHERITED_LS_BATCH
A4-20k-100_2_4_1-ON-v1,27684CE3CC3849711712536BE645E2039C413615C19A1C463F5330C6FD43F405,7baaca4ebca147f46d380677fd3ae6583cc238f741220325646b44d42c0bffd9,10B57D8C0C8EC590DD9AE0CE3EB265FC0E50C7FA52196EFE2FF7FB085060B8D3,20260901,A4,ON,15000,15026,26,2,2,-1,workingPopulationND,NONE,189f333cdc2e82ee4c0fad258880ecf55dde4646576853985625fea74e24901b,685.8118865195977,48409.330817877526,82016.45435107253,COMPLETE_INHERITED_LS_BATCH
A4-20k-100_2_4_1-ON-v1,27684CE3CC3849711712536BE645E2039C413615C19A1C463F5330C6FD43F405,7baaca4ebca147f46d380677fd3ae6583cc238f741220325646b44d42c0bffd9,10B57D8C0C8EC590DD9AE0CE3EB265FC0E50C7FA52196EFE2FF7FB085060B8D3,20260901,A4,ON,15000,15026,26,2,2,-1,workingPopulationND,NONE,2735269cc4ff0646211b4a5da8e18752d5f5b55820982f3e94bb157c2e1621f4,699.1420672848948,49630.69356406003,78075.18103495918,COMPLETE_INHERITED_LS_BATCH
A4-20k-100_2_4_1-ON-v1,27684CE3CC3849711712536BE645E2039C413615C19A1C463F5330C6FD43F405,7baaca4ebca147f46d380677fd3ae6583cc238f741220325646b44d42c0bffd9,10B57D8C0C8EC590DD9AE0CE3EB265FC0E50C7FA52196EFE2FF7FB085060B8D3,20260901,A4,ON,15000,15026,26,2,2,-1,workingPopulationND,NONE,ccbcfaa074a97d2275acbd46477dd58193643dde3d0a73b7fb1cda89a9c55b5d,707.6792847194373,49419.46851665517,79151.84456154938,COMPLETE_INHERITED_LS_BATCH
A4-20k-100_2_4_1-ON-v1,27684CE3CC3849711712536BE645E2039C413615C19A1C463F5330C6FD43F405,7baaca4ebca147f46d380677fd3ae6583cc238f741220325646b44d42c0bffd9,10B57D8C0C8EC590DD9AE0CE3EB265FC0E50C7FA52196EFE2FF7FB085060B8D3,20260901,A4,ON,15000,15026,26,2,2,-1,workingPopulationND,NONE,738ad0efdfcdaab358353d478d09137c21e0ed7cd6f5e4e1cc0b3aeed69c064f,709.9959255841358,48585.61453756502,78432.01842360396,COMPLETE_INHERITED_LS_BATCH
A4-20k-100_2_4_1-ON-v1,27684CE3CC3849711712536BE645E2039C413615C19A1C463F5330C6FD43F405,7baaca4ebca147f46d380677fd3ae6583cc238f741220325646b44d42c0bffd9,10B57D8C0C8EC590DD9AE0CE3EB265FC0E50C7FA52196EFE2FF7FB085060B8D3,20260901,A4,ON,15000,15026,26,2,2,-1,workingPopulationND,NONE,b534f8e7258cccc4d696e47526676758c14b85b6338fab6dd985e5e99ac0bc98,713.3852799313603,48233.2368095291,81834.54833218522,COMPLETE_INHERITED_LS_BATCH
A4-20k-100_2_4_1-ON-v1,27684CE3CC3849711712536BE645E2039C413615C19A1C463F5330C6FD43F405,7baaca4ebca147f46d380677fd3ae6583cc238f741220325646b44d42c0bffd9,10B57D8C0C8EC590DD9AE0CE3EB265FC0E50C7FA52196EFE2FF7FB085060B8D3,20260901,A4,ON,15000,15026,26,2,2,-1,workingPopulationND,NONE,2ed156530dfac9ccbeeda26e55d2c1037cd59f03a51c2628a39371cf8257629a,752.0120443037795,48575.5990011746,78514.02655336147,COMPLETE_INHERITED_LS_BATCH
A4-20k-100_2_4_1-ON-v1,27684CE3CC3849711712536BE645E2039C413615C19A1C463F5330C6FD43F405,7baaca4ebca147f46d380677fd3ae6583cc238f741220325646b44d42c0bffd9,10B57D8C0C8EC590DD9AE0CE3EB265FC0E50C7FA52196EFE2FF7FB085060B8D3,20260901,A4,ON,15000,15026,26,2,2,-1,workingPopulationND,NONE,c942de3f986bafa28de295fd5f4b620fc00f8134829f1b3a05228d3f5ddc5e1f,753.249209934515,48359.85130309834,81706.20822600706,COMPLETE_INHERITED_LS_BATCH
A4-20k-100_2_4_1-ON-v1,27684CE3CC3849711712536BE645E2039C413615C19A1C463F5330C6FD43F405,7baaca4ebca147f46d380677fd3ae6583cc238f741220325646b44d42c0bffd9,10B57D8C0C8EC590DD9AE0CE3EB265FC0E50C7FA52196EFE2FF7FB085060B8D3,20260901,A4,ON,15000,15026,26,2,2,-1,workingPopulationND,NONE,55b200eb1ddfb25033ae9646511adfc21dca237c4a2ddb328fb90fec0fafdd9c,756.2120531122396,48340.99422616248,81561.8411610114,COMPLETE_INHERITED_LS_BATCH
A4-20k-100_2_4_1-ON-v1,27684CE3CC3849711712536BE645E2039C413615C19A1C463F5330C6FD43F405,7baaca4ebca147f46d380677fd3ae6583cc238f741220325646b44d42c0bffd9,10B57D8C0C8EC590DD9AE0CE3EB265FC0E50C7FA52196EFE2FF7FB085060B8D3,20260901,A4,ON,15000,15026,26,2,2,-1,workingPopulationND,NONE,758bfc7291fc35e42552ffdec70c32fbe98181cb2e5a4b8112ee21dc35403dad,792.0195671634527,47816.673749088426,87285.47477708283,COMPLETE_INHERITED_LS_BATCH
A4-20k-100_2_4_1-ON-v1,27684CE3CC3849711712536BE645E2039C413615C19A1C463F5330C6FD43F405,7baaca4ebca147f46d380677fd3ae6583cc238f741220325646b44d42c0bffd9,10B57D8C0C8EC590DD9AE0CE3EB265FC0E50C7FA52196EFE2FF7FB085060B8D3,20260901,A4,ON,15000,15026,26,2,2,-1,decisionArchiveFront,NONE,3e092a7ff25ba356f266036e6b5ff2fcd6ae7daa0fe2874718bd24c0fdc834ac,622.5414970133597,51377.01876550208,87536.14239064205,COMPLETE_INHERITED_LS_BATCH
A4-20k-100_2_4_1-ON-v1,27684CE3CC3849711712536BE645E2039C413615C19A1C463F5330C6FD43F405,7baaca4ebca147f46d380677fd3ae6583cc238f741220325646b44d42c0bffd9,10B57D8C0C8EC590DD9AE0CE3EB265FC0E50C7FA52196EFE2FF7FB085060B8D3,20260901,A4,ON,15000,15026,26,2,2,-1,decisionArchiveFront,NONE,72eada89c4164b936d4cd6fe3ec5e750c100f8ece713372fdcf64ff87067aaee,626.8850835503131,50090.85588751301,77892.87424877925,COMPLETE_INHERITED_LS_BATCH
A4-20k-100_2_4_1-ON-v1,27684CE3CC3849711712536BE645E2039C413615C19A1C463F5330C6FD43F405,7baaca4ebca147f46d380677fd3ae6583cc238f741220325646b44d42c0bffd9,10B57D8C0C8EC590DD9AE0CE3EB265FC0E50C7FA52196EFE2FF7FB085060B8D3,20260901,A4,ON,15000,15026,26,2,2,-1,decisionArchiveFront,NONE,7891a9f8a596cfd7bfada8b49c71dd8b913e402b32dcfbf7acd20831b8a29f2e,628.7648525682268,49762.70769662595,79522.28892544945,COMPLETE_INHERITED_LS_BATCH
A4-20k-100_2_4_1-ON-v1,27684CE3CC3849711712536BE645E2039C413615C19A1C463F5330C6FD43F405,7baaca4ebca147f46d380677fd3ae6583cc238f741220325646b44d42c0bffd9,10B57D8C0C8EC590DD9AE0CE3EB265FC0E50C7FA52196EFE2FF7FB085060B8D3,20260901,A4,ON,15000,15026,26,2,2,-1,decisionArchiveFront,NONE,ec96be7c995afc6aa40c3cc436b9eab7d497df3f51459d1df86b9ae9522e2caf,635.65765282231,49185.18616428753,80187.54087657754,COMPLETE_INHERITED_LS_BATCH
A4-20k-100_2_4_1-ON-v1,27684CE3CC3849711712536BE645E2039C413615C19A1C463F5330C6FD43F405,7baaca4ebca147f46d380677fd3ae6583cc238f741220325646b44d42c0bffd9,10B57D8C0C8EC590DD9AE0CE3EB265FC0E50C7FA52196EFE2FF7FB085060B8D3,20260901,A4,ON,15000,15026,26,2,2,-1,decisionArchiveFront,NONE,00a7df2bf8257912fa0dcba3c8d6a88277d70be608b6a9faa0da6df250ac43f2,636.1611124059849,49577.7662490291,79540.66445181574,COMPLETE_INHERITED_LS_BATCH
A4-20k-100_2_4_1-ON-v1,27684CE3CC3849711712536BE645E2039C413615C19A1C463F5330C6FD43F405,7baaca4ebca147f46d380677fd3ae6583cc238f741220325646b44d42c0bffd9,10B57D8C0C8EC590DD9AE0CE3EB265FC0E50C7FA52196EFE2FF7FB085060B8D3,20260901,A4,ON,15000,15026,26,2,2,-1,decisionArchiveFront,NONE,b7e75ae23db323fc420bf3c51a8c2bf73a3fdc622323b59d6ae1ff7c59c6e81b,636.7421852246196,49374.164336372196,78249.68644366866,COMPLETE_INHERITED_LS_BATCH
A4-20k-100_2_4_1-ON-v1,27684CE3CC3849711712536BE645E2039C413615C19A1C463F5330C6FD43F405,7baaca4ebca147f46d380677fd3ae6583cc238f741220325646b44d42c0bffd9,10B57D8C0C8EC590DD9AE0CE3EB265FC0E50C7FA52196EFE2FF7FB085060B8D3,20260901,A4,ON,15000,15026,26,2,2,-1,decisionArchiveFront,NONE,7737f8d4f8aa159f7bd66e448fe744221eecf32dfd1fa332bb29777cdbdcda1d,638.3601884860593,49043.38668214014,78575.73716817421,COMPLETE_INHERITED_LS_BATCH
A4-20k-100_2_4_1-ON-v1,27684CE3CC3849711712536BE645E2039C413615C19A1C463F5330C6FD43F405,7baaca4ebca147f46d380677fd3ae6583cc238f741220325646b44d42c0bffd9,10B57D8C0C8EC590DD9AE0CE3EB265FC0E50C7FA52196EFE2FF7FB085060B8D3,20260901,A4,ON,15000,15026,26,2,2,-1,decisionArchiveFront,NONE,fa9365bda0f285024b8e3534cd5fcb04de7108e6e3023929b1f983b2d2100281,643.5933181325406,48977.58002790057,80514.1832469083,COMPLETE_INHERITED_LS_BATCH
A4-20k-100_2_4_1-ON-v1,27684CE3CC3849711712536BE645E2039C413615C19A1C463F5330C6FD43F405,7baaca4ebca147f46d380677fd3ae6583cc238f741220325646b44d42c0bffd9,10B57D8C0C8EC590DD9AE0CE3EB265FC0E50C7FA52196EFE2FF7FB085060B8D3,20260901,A4,ON,15000,15026,26,2,2,-1,decisionArchiveFront,NONE,2ae37cf063c8b5674f7c5e3ceb466d4dcbcef86dfd4dc69cc0e990614834a5fa,651.9148481660424,48971.56301913111,82244.04355910509,COMPLETE_INHERITED_LS_BATCH
A4-20k-100_2_4_1-ON-v1,27684CE3CC3849711712536BE645E2039C413615C19A1C463F5330C6FD43F405,7baaca4ebca147f46d380677fd3ae6583cc238f741220325646b44d42c0bffd9,10B57D8C0C8EC590DD9AE0CE3EB265FC0E50C7FA52196EFE2FF7FB085060B8D3,20260901,A4,ON,15000,15026,26,2,2,-1,decisionArchiveFront,NONE,d958cf0e7219aec65211d8d52d844bd5798028655179b2d0f300bddce015840e,654.0990897051612,48958.40582297828,79641.37976951066,COMPLETE_INHERITED_LS_BATCH
A4-20k-100_2_4_1-ON-v1,27684CE3CC3849711712536BE645E2039C413615C19A1C463F5330C6FD43F405,7baaca4ebca147f46d380677fd3ae6583cc238f741220325646b44d42c0bffd9,10B57D8C0C8EC590DD9AE0CE3EB265FC0E50C7FA52196EFE2FF7FB085060B8D3,20260901,A4,ON,15000,15026,26,2,2,-1,decisionArchiveFront,NONE,2e91c7c706df09dbef8242dc0826743a1097b80dac51031806a9092864ba15bb,654.1910300276774,48889.91123263362,83247.10458915788,COMPLETE_INHERITED_LS_BATCH
A4-20k-100_2_4_1-ON-v1,27684CE3CC3849711712536BE645E2039C413615C19A1C463F5330C6FD43F405,7baaca4ebca147f46d380677fd3ae6583cc238f741220325646b44d42c0bffd9,10B57D8C0C8EC590DD9AE0CE3EB265FC0E50C7FA52196EFE2FF7FB085060B8D3,20260901,A4,ON,15000,15026,26,2,2,-1,decisionArchiveFront,NONE,55c8a65bbc8de07d4edc19bf973e464d72909908e4da3b2c370e0126d1936e92,655.3923831185452,49333.90359411165,78055.96238638226,COMPLETE_INHERITED_LS_BATCH
A4-20k-100_2_4_1-ON-v1,27684CE3CC3849711712536BE645E2039C413615C19A1C463F5330C6FD43F405,7baaca4ebca147f46d380677fd3ae6583cc238f741220325646b44d42c0bffd9,10B57D8C0C8EC590DD9AE0CE3EB265FC0E50C7FA52196EFE2FF7FB085060B8D3,20260901,A4,ON,15000,15026,26,2,2,-1,decisionArchiveFront,NONE,28fb43b656f00bb6abc847c779a39b74dace37e52d42e729e670d792d8e2f065,656.5267705954079,48550.859784878056,82856.72729929976,COMPLETE_INHERITED_LS_BATCH
A4-20k-100_2_4_1-ON-v1,27684CE3CC3849711712536BE645E2039C413615C19A1C463F5330C6FD43F405,7baaca4ebca147f46d380677fd3ae6583cc238f741220325646b44d42c0bffd9,10B57D8C0C8EC590DD9AE0CE3EB265FC0E50C7FA52196EFE2FF7FB085060B8D3,20260901,A4,ON,15000,15026,26,2,2,-1,decisionArchiveFront,NONE,6abaf60ae7fa4fd9e94533b8f56455013dec4af1a1cb972e2b6446311e4e6623,657.927319216391,48799.399360427684,81815.5998223704,COMPLETE_INHERITED_LS_BATCH
A4-20k-100_2_4_1-ON-v1,27684CE3CC3849711712536BE645E2039C413615C19A1C463F5330C6FD43F405,7baaca4ebca147f46d380677fd3ae6583cc238f741220325646b44d42c0bffd9,10B57D8C0C8EC590DD9AE0CE3EB265FC0E50C7FA52196EFE2FF7FB085060B8D3,20260901,A4,ON,15000,15026,26,2,2,-1,decisionArchiveFront,NONE,0854bb3d87a10aac3f54470081e5f9c86f90222d1205c7344a039f8787a67089,659.4246528735998,48880.74191157336,80981.84158226027,COMPLETE_INHERITED_LS_BATCH
A4-20k-100_2_4_1-ON-v1,27684CE3CC3849711712536BE645E2039C413615C19A1C463F5330C6FD43F405,7baaca4ebca147f46d380677fd3ae6583cc238f741220325646b44d42c0bffd9,10B57D8C0C8EC590DD9AE0CE3EB265FC0E50C7FA52196EFE2FF7FB085060B8D3,20260901,A4,ON,15000,15026,26,2,2,-1,decisionArchiveFront,NONE,141c0dbcc5d0e8badf3a60532cafabe35247267f98c49ddc35304f6176e266fb,660.4228293737743,48391.31704818981,80500.55733291106,COMPLETE_INHERITED_LS_BATCH
A4-20k-100_2_4_1-ON-v1,27684CE3CC3849711712536BE645E2039C413615C19A1C463F5330C6FD43F405,7baaca4ebca147f46d380677fd3ae6583cc238f741220325646b44d42c0bffd9,10B57D8C0C8EC590DD9AE0CE3EB265FC0E50C7FA52196EFE2FF7FB085060B8D3,20260901,A4,ON,15000,15026,26,2,2,-1,decisionArchiveFront,NONE,e16a522fc5192a693353b1cf1696cc920e67feb8dde5e2229cef30f35a7b2383,662.095086520535,48896.40627560779,80250.69169502099,COMPLETE_INHERITED_LS_BATCH
A4-20k-100_2_4_1-ON-v1,27684CE3CC3849711712536BE645E2039C413615C19A1C463F5330C6FD43F405,7baaca4ebca147f46d380677fd3ae6583cc238f741220325646b44d42c0bffd9,10B57D8C0C8EC590DD9AE0CE3EB265FC0E50C7FA52196EFE2FF7FB085060B8D3,20260901,A4,ON,15000,15026,26,2,2,-1,decisionArchiveFront,NONE,ef2dc7a5bf648be39cc1822758926e71aaf66f62e1a0bf1b5d1aba99d5ce63ea,665.6880379956513,48422.10014198314,80434.93451831695,COMPLETE_INHERITED_LS_BATCH
A4-20k-100_2_4_1-ON-v1,27684CE3CC3849711712536BE645E2039C413615C19A1C463F5330C6FD43F405,7baaca4ebca147f46d380677fd3ae6583cc238f741220325646b44d42c0bffd9,10B57D8C0C8EC590DD9AE0CE3EB265FC0E50C7FA52196EFE2FF7FB085060B8D3,20260901,A4,ON,15000,15026,26,2,2,-1,decisionArchiveFront,NONE,961e9fa136d73fb84bb9d6beeaf2d95d9d2ddc4778b95d2efff471a3ba99656e,666.1199138697018,48758.417607194475,78847.6156832861,COMPLETE_INHERITED_LS_BATCH
A4-20k-100_2_4_1-ON-v1,27684CE3CC3849711712536BE645E2039C413615C19A1C463F5330C6FD43F405,7baaca4ebca147f46d380677fd3ae6583cc238f741220325646b44d42c0bffd9,10B57D8C0C8EC590DD9AE0CE3EB265FC0E50C7FA52196EFE2FF7FB085060B8D3,20260901,A4,ON,15000,15026,26,2,2,-1,decisionArchiveFront,NONE,fb485bfa79a7c880c4f2a6aa9bc981555f95529b7168bccfcd8d91a0316928fe,667.0254794061966,49233.80760717186,78408.20258780492,COMPLETE_INHERITED_LS_BATCH
A4-20k-100_2_4_1-ON-v1,27684CE3CC3849711712536BE645E2039C413615C19A1C463F5330C6FD43F405,7baaca4ebca147f46d380677fd3ae6583cc238f741220325646b44d42c0bffd9,10B57D8C0C8EC590DD9AE0CE3EB265FC0E50C7FA52196EFE2FF7FB085060B8D3,20260901,A4,ON,15000,15026,26,2,2,-1,decisionArchiveFront,NONE,1b43f857717e813074cd1c4cb439d886ea3d1d59c890ca9c1f973ed03d95b3a5,669.1907124027321,48513.87651266795,80067.18421008952,COMPLETE_INHERITED_LS_BATCH
A4-20k-100_2_4_1-ON-v1,27684CE3CC3849711712536BE645E2039C413615C19A1C463F5330C6FD43F405,7baaca4ebca147f46d380677fd3ae6583cc238f741220325646b44d42c0bffd9,10B57D8C0C8EC590DD9AE0CE3EB265FC0E50C7FA52196EFE2FF7FB085060B8D3,20260901,A4,ON,15000,15026,26,2,2,-1,decisionArchiveFront,NONE,6863349dc4098cb0d6aca2dec606d2348137973fa4102687e293b0a485689a69,671.5763448224077,48344.64393625602,82025.58160426588,COMPLETE_INHERITED_LS_BATCH
A4-20k-100_2_4_1-ON-v1,27684CE3CC3849711712536BE645E2039C413615C19A1C463F5330C6FD43F405,7baaca4ebca147f46d380677fd3ae6583cc238f741220325646b44d42c0bffd9,10B57D8C0C8EC590DD9AE0CE3EB265FC0E50C7FA52196EFE2FF7FB085060B8D3,20260901,A4,ON,15000,15026,26,2,2,-1,decisionArchiveFront,NONE,a64c8a68ec6b419e96258f24aa7a8ad3c08ff8334344ec648592a305b317f3d8,672.6229396814308,48966.935035747054,78377.57729883213,COMPLETE_INHERITED_LS_BATCH
A4-20k-100_2_4_1-ON-v1,27684CE3CC3849711712536BE645E2039C413615C19A1C463F5330C6FD43F405,7baaca4ebca147f46d380677fd3ae6583cc238f741220325646b44d42c0bffd9,10B57D8C0C8EC590DD9AE0CE3EB265FC0E50C7FA52196EFE2FF7FB085060B8D3,20260901,A4,ON,15000,15026,26,2,2,-1,decisionArchiveFront,NONE,761b8f7ab0e4ea5510ef37c93f0f67f727282358a1492691a60120b4faa17dca,675.8896543191438,48505.26754897788,79314.92121081465,COMPLETE_INHERITED_LS_BATCH
A4-20k-100_2_4_1-ON-v1,27684CE3CC3849711712536BE645E2039C413615C19A1C463F5330C6FD43F405,7baaca4ebca147f46d380677fd3ae6583cc238f741220325646b44d42c0bffd9,10B57D8C0C8EC590DD9AE0CE3EB265FC0E50C7FA52196EFE2FF7FB085060B8D3,20260901,A4,ON,15000,15026,26,2,2,-1,decisionArchiveFront,NONE,73b319ce2327878a72424829dc03690dde568e18b0958277a72a69c25488cd7f,677.6210486701748,48298.34264558942,82032.56682629866,COMPLETE_INHERITED_LS_BATCH
A4-20k-100_2_4_1-ON-v1,27684CE3CC3849711712536BE645E2039C413615C19A1C463F5330C6FD43F405,7baaca4ebca147f46d380677fd3ae6583cc238f741220325646b44d42c0bffd9,10B57D8C0C8EC590DD9AE0CE3EB265FC0E50C7FA52196EFE2FF7FB085060B8D3,20260901,A4,ON,15000,15026,26,2,2,-1,decisionArchiveFront,NONE,3373d8383358198e183949e4a6e1ddf5e8a62c10609fff535a5d43a91c3c52d5,680.3585057400946,49704.28818866275,77307.23816378746,COMPLETE_INHERITED_LS_BATCH
A4-20k-100_2_4_1-ON-v1,27684CE3CC3849711712536BE645E2039C413615C19A1C463F5330C6FD43F405,7baaca4ebca147f46d380677fd3ae6583cc238f741220325646b44d42c0bffd9,10B57D8C0C8EC590DD9AE0CE3EB265FC0E50C7FA52196EFE2FF7FB085060B8D3,20260901,A4,ON,15000,15026,26,2,2,-1,decisionArchiveFront,NONE,9bc42705bc3ea992dbe5b8b6acdbf3ed9031647b1e0ea69d45a64db6f79585c9,683.8819993711553,48886.21106013292,78786.65309735849,COMPLETE_INHERITED_LS_BATCH
A4-20k-100_2_4_1-ON-v1,27684CE3CC3849711712536BE645E2039C413615C19A1C463F5330C6FD43F405,7baaca4ebca147f46d380677fd3ae6583cc238f741220325646b44d42c0bffd9,10B57D8C0C8EC590DD9AE0CE3EB265FC0E50C7FA52196EFE2FF7FB085060B8D3,20260901,A4,ON,15000,15026,26,2,2,-1,decisionArchiveFront,NONE,3de7f1e420084e851402a41c656226d2bb7ade4883786d82224de635ae3d9207,686.0200939514351,49165.97987613117,77520.79203762364,COMPLETE_INHERITED_LS_BATCH
A4-20k-100_2_4_1-ON-v1,27684CE3CC3849711712536BE645E2039C413615C19A1C463F5330C6FD43F405,7baaca4ebca147f46d380677fd3ae6583cc238f741220325646b44d42c0bffd9,10B57D8C0C8EC590DD9AE0CE3EB265FC0E50C7FA52196EFE2FF7FB085060B8D3,20260901,A4,ON,15000,15026,26,2,2,-1,decisionArchiveFront,NONE,b75978bb77dc234490568bdbfded2a2ff4257006bde8c6e6a2e8cc3927523ef4,686.458377084961,48892.378564468694,78673.70732283806,COMPLETE_INHERITED_LS_BATCH
A4-20k-100_2_4_1-ON-v1,27684CE3CC3849711712536BE645E2039C413615C19A1C463F5330C6FD43F405,7baaca4ebca147f46d380677fd3ae6583cc238f741220325646b44d42c0bffd9,10B57D8C0C8EC590DD9AE0CE3EB265FC0E50C7FA52196EFE2FF7FB085060B8D3,20260901,A4,ON,15000,15026,26,2,2,-1,decisionArchiveFront,NONE,40ce30452b9f50b1777db91225b1e023312410e17d39b8a5b9191bfd361a74eb,687.153204661281,48082.070313263735,79898.1212688463,COMPLETE_INHERITED_LS_BATCH
A4-20k-100_2_4_1-ON-v1,27684CE3CC3849711712536BE645E2039C413615C19A1C463F5330C6FD43F405,7baaca4ebca147f46d380677fd3ae6583cc238f741220325646b44d42c0bffd9,10B57D8C0C8EC590DD9AE0CE3EB265FC0E50C7FA52196EFE2FF7FB085060B8D3,20260901,A4,ON,15000,15026,26,2,2,-1,decisionArchiveFront,NONE,1bccd3d9227307107a61f3c22f1104f3315ef315b94e2ffdeff2d13898e703dc,687.557277360327,48816.41239369781,77325.34925645907,COMPLETE_INHERITED_LS_BATCH
A4-20k-100_2_4_1-ON-v1,27684CE3CC3849711712536BE645E2039C413615C19A1C463F5330C6FD43F405,7baaca4ebca147f46d380677fd3ae6583cc238f741220325646b44d42c0bffd9,10B57D8C0C8EC590DD9AE0CE3EB265FC0E50C7FA52196EFE2FF7FB085060B8D3,20260901,A4,ON,15000,15026,26,2,2,-1,decisionArchiveFront,NONE,689b972b84462171b0826df7c9fcf58bd783c3138a2e257d19eb6c638dfc7aa7,693.1234641551565,48082.81268446668,79447.34455273554,COMPLETE_INHERITED_LS_BATCH
A4-20k-100_2_4_1-ON-v1,27684CE3CC3849711712536BE645E2039C413615C19A1C463F5330C6FD43F405,7baaca4ebca147f46d380677fd3ae6583cc238f741220325646b44d42c0bffd9,10B57D8C0C8EC590DD9AE0CE3EB265FC0E50C7FA52196EFE2FF7FB085060B8D3,20260901,A4,ON,15000,15026,26,2,2,-1,decisionArchiveFront,NONE,37b28419a844074c5efb69b6f4ce30e7c15896fe9ec8eb1c09c4dba50d759e1d,696.1450578440911,47956.80546426107,81057.66907279014,COMPLETE_INHERITED_LS_BATCH
A4-20k-100_2_4_1-ON-v1,27684CE3CC3849711712536BE645E2039C413615C19A1C463F5330C6FD43F405,7baaca4ebca147f46d380677fd3ae6583cc238f741220325646b44d42c0bffd9,10B57D8C0C8EC590DD9AE0CE3EB265FC0E50C7FA52196EFE2FF7FB085060B8D3,20260901,A4,ON,15000,15026,26,2,2,-1,decisionArchiveFront,NONE,f9d6fc77fbb28ddb5d6ac9365a92325bc276faf18f93a83dbdad8d6e7236659e,709.6203932256062,48680.19650971864,77417.94753460329,COMPLETE_INHERITED_LS_BATCH
A4-20k-100_2_4_1-ON-v1,27684CE3CC3849711712536BE645E2039C413615C19A1C463F5330C6FD43F405,7baaca4ebca147f46d380677fd3ae6583cc238f741220325646b44d42c0bffd9,10B57D8C0C8EC590DD9AE0CE3EB265FC0E50C7FA52196EFE2FF7FB085060B8D3,20260901,A4,ON,15000,15026,26,2,2,-1,decisionArchiveFront,NONE,738ad0efdfcdaab358353d478d09137c21e0ed7cd6f5e4e1cc0b3aeed69c064f,709.9959255841358,48585.61453756502,78432.01842360396,COMPLETE_INHERITED_LS_BATCH
A4-20k-100_2_4_1-ON-v1,27684CE3CC3849711712536BE645E2039C413615C19A1C463F5330C6FD43F405,7baaca4ebca147f46d380677fd3ae6583cc238f741220325646b44d42c0bffd9,10B57D8C0C8EC590DD9AE0CE3EB265FC0E50C7FA52196EFE2FF7FB085060B8D3,20260901,A4,ON,15000,15026,26,2,2,-1,decisionArchiveFront,NONE,4d5590500571797aa8fb7e5e9b87827c601e60617449a37dcacac07bae9eb07c,710.7961910430065,48189.478146420384,77640.24025245663,COMPLETE_INHERITED_LS_BATCH
A4-20k-100_2_4_1-ON-v1,27684CE3CC3849711712536BE645E2039C413615C19A1C463F5330C6FD43F405,7baaca4ebca147f46d380677fd3ae6583cc238f741220325646b44d42c0bffd9,10B57D8C0C8EC590DD9AE0CE3EB265FC0E50C7FA52196EFE2FF7FB085060B8D3,20260901,A4,ON,15000,15026,26,2,2,-1,decisionArchiveFront,NONE,56a64d592ec63bab4b38073a5db02be8f02d6a3f97d565c9c9a6b5c8de1d3991,731.2400719321356,47933.64920220802,79773.32315691354,COMPLETE_INHERITED_LS_BATCH
A4-20k-100_2_4_1-ON-v1,27684CE3CC3849711712536BE645E2039C413615C19A1C463F5330C6FD43F405,7baaca4ebca147f46d380677fd3ae6583cc238f741220325646b44d42c0bffd9,10B57D8C0C8EC590DD9AE0CE3EB265FC0E50C7FA52196EFE2FF7FB085060B8D3,20260901,A4,ON,15000,15026,26,2,2,-1,decisionArchiveFront,NONE,e05853332077a605a62ad990a2dd3e24c279d573bf35b005af545e6b4a7dabe9,735.206649630552,48180.20883703428,77538.66107615095,COMPLETE_INHERITED_LS_BATCH
A4-20k-100_2_4_1-ON-v1,27684CE3CC3849711712536BE645E2039C413615C19A1C463F5330C6FD43F405,7baaca4ebca147f46d380677fd3ae6583cc238f741220325646b44d42c0bffd9,10B57D8C0C8EC590DD9AE0CE3EB265FC0E50C7FA52196EFE2FF7FB085060B8D3,20260901,A4,ON,15000,15026,26,2,2,-1,decisionArchiveFront,NONE,f275e0251d09acbd375850ad4138ec651ce45dfad7a6cd5347252eb15349e876,746.4948211558083,47914.84958734177,81977.06750807568,COMPLETE_INHERITED_LS_BATCH
A4-20k-100_2_4_1-ON-v1,27684CE3CC3849711712536BE645E2039C413615C19A1C463F5330C6FD43F405,7baaca4ebca147f46d380677fd3ae6583cc238f741220325646b44d42c0bffd9,10B57D8C0C8EC590DD9AE0CE3EB265FC0E50C7FA52196EFE2FF7FB085060B8D3,20260901,A4,ON,15000,15026,26,2,2,-1,decisionArchiveFront,NONE,9c272e250b985100887bb699c6cf79d01d9f70373fa78ff65cb0546249b1401f,756.3375535374047,48093.59597908018,79375.08684503334,COMPLETE_INHERITED_LS_BATCH
A4-20k-100_2_4_1-ON-v1,27684CE3CC3849711712536BE645E2039C413615C19A1C463F5330C6FD43F405,7baaca4ebca147f46d380677fd3ae6583cc238f741220325646b44d42c0bffd9,10B57D8C0C8EC590DD9AE0CE3EB265FC0E50C7FA52196EFE2FF7FB085060B8D3,20260901,A4,ON,15000,15026,26,2,2,-1,decisionArchiveFront,NONE,2a9ddb24eaf96a534ff4de362c2e27ad2732b990dda1f8b4d75aeb57ff8721c4,791.2299303500344,48067.52478430027,79397.30517559164,COMPLETE_INHERITED_LS_BATCH
A4-20k-100_2_4_1-ON-v1,27684CE3CC3849711712536BE645E2039C413615C19A1C463F5330C6FD43F405,7baaca4ebca147f46d380677fd3ae6583cc238f741220325646b44d42c0bffd9,10B57D8C0C8EC590DD9AE0CE3EB265FC0E50C7FA52196EFE2FF7FB085060B8D3,20260901,A4,ON,15000,15026,26,2,2,-1,decisionArchiveFront,NONE,758bfc7291fc35e42552ffdec70c32fbe98181cb2e5a4b8112ee21dc35403dad,792.0195671634527,47816.673749088426,87285.47477708283,COMPLETE_INHERITED_LS_BATCH
A4-20k-100_2_4_1-ON-v1,27684CE3CC3849711712536BE645E2039C413615C19A1C463F5330C6FD43F405,7baaca4ebca147f46d380677fd3ae6583cc238f741220325646b44d42c0bffd9,10B57D8C0C8EC590DD9AE0CE3EB265FC0E50C7FA52196EFE2FF7FB085060B8D3,20260901,A4,ON,15000,15026,26,2,2,-1,observedFullFront,NONE,a00bf4f2c5d3cfe3d4d4268a982eda1628cb280beffbee3fb6f3dd72d7dd7ad6,622.431864312122,50665.5876513047,88765.01197898084,COMPLETE_INHERITED_LS_BATCH
A4-20k-100_2_4_1-ON-v1,27684CE3CC3849711712536BE645E2039C413615C19A1C463F5330C6FD43F405,7baaca4ebca147f46d380677fd3ae6583cc238f741220325646b44d42c0bffd9,10B57D8C0C8EC590DD9AE0CE3EB265FC0E50C7FA52196EFE2FF7FB085060B8D3,20260901,A4,ON,15000,15026,26,2,2,-1,observedFullFront,NONE,5be1900be4d74e30bb8ce3b3ef2c94affa50c1876702725f467ba56776cdaaf1,622.4318749377045,50642.618674075704,88431.9318474699,COMPLETE_INHERITED_LS_BATCH
A4-20k-100_2_4_1-ON-v1,27684CE3CC3849711712536BE645E2039C413615C19A1C463F5330C6FD43F405,7baaca4ebca147f46d380677fd3ae6583cc238f741220325646b44d42c0bffd9,10B57D8C0C8EC590DD9AE0CE3EB265FC0E50C7FA52196EFE2FF7FB085060B8D3,20260901,A4,ON,15000,15026,26,2,2,-1,observedFullFront,NONE,24a7905ff5f69e6dd7e328ad64b234cbe2f75bff8d423ed2ac1389fc998e3a63,622.433737072656,50613.59871059923,88226.59544065721,COMPLETE_INHERITED_LS_BATCH
A4-20k-100_2_4_1-ON-v1,27684CE3CC3849711712536BE645E2039C413615C19A1C463F5330C6FD43F405,7baaca4ebca147f46d380677fd3ae6583cc238f741220325646b44d42c0bffd9,10B57D8C0C8EC590DD9AE0CE3EB265FC0E50C7FA52196EFE2FF7FB085060B8D3,20260901,A4,ON,15000,15026,26,2,2,-1,observedFullFront,NONE,3e092a7ff25ba356f266036e6b5ff2fcd6ae7daa0fe2874718bd24c0fdc834ac,622.5414970133597,51377.01876550208,87536.14239064205,COMPLETE_INHERITED_LS_BATCH
A4-20k-100_2_4_1-ON-v1,27684CE3CC3849711712536BE645E2039C413615C19A1C463F5330C6FD43F405,7baaca4ebca147f46d380677fd3ae6583cc238f741220325646b44d42c0bffd9,10B57D8C0C8EC590DD9AE0CE3EB265FC0E50C7FA52196EFE2FF7FB085060B8D3,20260901,A4,ON,15000,15026,26,2,2,-1,observedFullFront,NONE,2ead62189be2fcef77187b331ec8a70739081c3169458d860951761f8dba6ab3,622.6742196201753,51373.12709787014,87577.14235843938,COMPLETE_INHERITED_LS_BATCH
A4-20k-100_2_4_1-ON-v1,27684CE3CC3849711712536BE645E2039C413615C19A1C463F5330C6FD43F405,7baaca4ebca147f46d380677fd3ae6583cc238f741220325646b44d42c0bffd9,10B57D8C0C8EC590DD9AE0CE3EB265FC0E50C7FA52196EFE2FF7FB085060B8D3,20260901,A4,ON,15000,15026,26,2,2,-1,observedFullFront,NONE,5fd41d6fb0ad606ccb9abcb8f714396de0b19afb135cb7cdd403cbf2ab694fee,623.0582303874152,51131.944803163045,86339.50534555223,COMPLETE_INHERITED_LS_BATCH
A4-20k-100_2_4_1-ON-v1,27684CE3CC3849711712536BE645E2039C413615C19A1C463F5330C6FD43F405,7baaca4ebca147f46d380677fd3ae6583cc238f741220325646b44d42c0bffd9,10B57D8C0C8EC590DD9AE0CE3EB265FC0E50C7FA52196EFE2FF7FB085060B8D3,20260901,A4,ON,15000,15026,26,2,2,-1,observedFullFront,NONE,776428f80b9f96e6b8f19c3b361adae55d8a1e21e9c618b6bcd08430018da19a,623.0582305623391,51131.561874688705,86338.73948737909,COMPLETE_INHERITED_LS_BATCH
A4-20k-100_2_4_1-ON-v1,27684CE3CC3849711712536BE645E2039C413615C19A1C463F5330C6FD43F405,7baaca4ebca147f46d380677fd3ae6583cc238f741220325646b44d42c0bffd9,10B57D8C0C8EC590DD9AE0CE3EB265FC0E50C7FA52196EFE2FF7FB085060B8D3,20260901,A4,ON,15000,15026,26,2,2,-1,observedFullFront,NONE,8c458cad31fd491331b44da35b43e719d6054d91f40f1d74caf794796a25ceb1,623.0582383319534,51025.124728959614,86143.95173067966,COMPLETE_INHERITED_LS_BATCH
A4-20k-100_2_4_1-ON-v1,27684CE3CC3849711712536BE645E2039C413615C19A1C463F5330C6FD43F405,7baaca4ebca147f46d380677fd3ae6583cc238f741220325646b44d42c0bffd9,10B57D8C0C8EC590DD9AE0CE3EB265FC0E50C7FA52196EFE2FF7FB085060B8D3,20260901,A4,ON,15000,15026,26,2,2,-1,observedFullFront,NONE,e3c750c2867480600f2bdaf503cd4084c05f8fd7fe7b019fd3e323397256794e,623.0582870356693,51025.047578270074,86143.8231709472,COMPLETE_INHERITED_LS_BATCH
A4-20k-100_2_4_1-ON-v1,27684CE3CC3849711712536BE645E2039C413615C19A1C463F5330C6FD43F405,7baaca4ebca147f46d380677fd3ae6583cc238f741220325646b44d42c0bffd9,10B57D8C0C8EC590DD9AE0CE3EB265FC0E50C7FA52196EFE2FF7FB085060B8D3,20260901,A4,ON,15000,15026,26,2,2,-1,observedFullFront,NONE,f3457e3ea6c436bc2948cf7f620e2905caef98e5f1c444c099700ef0071528d2,623.0583230273246,51025.00182885326,86143.7469107589,COMPLETE_INHERITED_LS_BATCH
A4-20k-100_2_4_1-ON-v1,27684CE3CC3849711712536BE645E2039C413615C19A1C463F5330C6FD43F405,7baaca4ebca147f46d380677fd3ae6583cc238f741220325646b44d42c0bffd9,10B57D8C0C8EC590DD9AE0CE3EB265FC0E50C7FA52196EFE2FF7FB085060B8D3,20260901,A4,ON,15000,15026,26,2,2,-1,observedFullFront,NONE,3d80d89444f70bfa51755a95615817c641fa43ac59b87ed002c414c03f3568ee,623.0583660695752,50970.16511497832,86048.90582765231,COMPLETE_INHERITED_LS_BATCH
A4-20k-100_2_4_1-ON-v1,27684CE3CC3849711712536BE645E2039C413615C19A1C463F5330C6FD43F405,7baaca4ebca147f46d380677fd3ae6583cc238f741220325646b44d42c0bffd9,10B57D8C0C8EC590DD9AE0CE3EB265FC0E50C7FA52196EFE2FF7FB085060B8D3,20260901,A4,ON,15000,15026,26,2,2,-1,observedFullFront,NONE,b6e27610fd191ccd9f7affba28f8c4805bfece6f856a796ecb69776aa9d236f0,623.5155291579885,49766.9397347496,86523.91917929114,COMPLETE_INHERITED_LS_BATCH
A4-20k-100_2_4_1-ON-v1,27684CE3CC3849711712536BE645E2039C413615C19A1C463F5330C6FD43F405,7baaca4ebca147f46d380677fd3ae6583cc238f741220325646b44d42c0bffd9,10B57D8C0C8EC590DD9AE0CE3EB265FC0E50C7FA52196EFE2FF7FB085060B8D3,20260901,A4,ON,15000,15026,26,2,2,-1,observedFullFront,NONE,3e778109cf77440a5854f5b79de2724813108a9bb4fe1cb217a7d882abef704a,623.5155369683705,49738.70525200613,86287.15140559216,COMPLETE_INHERITED_LS_BATCH
A4-20k-100_2_4_1-ON-v1,27684CE3CC3849711712536BE645E2039C413615C19A1C463F5330C6FD43F405,7baaca4ebca147f46d380677fd3ae6583cc238f741220325646b44d42c0bffd9,10B57D8C0C8EC590DD9AE0CE3EB265FC0E50C7FA52196EFE2FF7FB085060B8D3,20260901,A4,ON,15000,15026,26,2,2,-1,observedFullFront,NONE,cf085801bca9d9fdc51ce4601c9a7838261f89dff62669b2ebb9a356c6bf96fb,624.8170159597564,50730.37937524774,86180.70394857675,COMPLETE_INHERITED_LS_BATCH
A4-20k-100_2_4_1-ON-v1,27684CE3CC3849711712536BE645E2039C413615C19A1C463F5330C6FD43F405,7baaca4ebca147f46d380677fd3ae6583cc238f741220325646b44d42c0bffd9,10B57D8C0C8EC590DD9AE0CE3EB265FC0E50C7FA52196EFE2FF7FB085060B8D3,20260901,A4,ON,15000,15026,26,2,2,-1,observedFullFront,NONE,72eada89c4164b936d4cd6fe3ec5e750c100f8ece713372fdcf64ff87067aaee,626.8850835503131,50090.85588751301,77892.87424877925,COMPLETE_INHERITED_LS_BATCH
A4-20k-100_2_4_1-ON-v1,27684CE3CC3849711712536BE645E2039C413615C19A1C463F5330C6FD43F405,7baaca4ebca147f46d380677fd3ae6583cc238f741220325646b44d42c0bffd9,10B57D8C0C8EC590DD9AE0CE3EB265FC0E50C7FA52196EFE2FF7FB085060B8D3,20260901,A4,ON,15000,15026,26,2,2,-1,observedFullFront,NONE,2b63b2e5052135c75932923b0e842e1329a4ffae4c51a8b1a536634cd292cbac,627.2703837298596,49929.31334469959,86256.92077790012,COMPLETE_INHERITED_LS_BATCH
A4-20k-100_2_4_1-ON-v1,27684CE3CC3849711712536BE645E2039C413615C19A1C463F5330C6FD43F405,7baaca4ebca147f46d380677fd3ae6583cc238f741220325646b44d42c0bffd9,10B57D8C0C8EC590DD9AE0CE3EB265FC0E50C7FA52196EFE2FF7FB085060B8D3,20260901,A4,ON,15000,15026,26,2,2,-1,observedFullFront,NONE,7891a9f8a596cfd7bfada8b49c71dd8b913e402b32dcfbf7acd20831b8a29f2e,628.7648525682268,49762.70769662595,79522.28892544945,COMPLETE_INHERITED_LS_BATCH
A4-20k-100_2_4_1-ON-v1,27684CE3CC3849711712536BE645E2039C413615C19A1C463F5330C6FD43F405,7baaca4ebca147f46d380677fd3ae6583cc238f741220325646b44d42c0bffd9,10B57D8C0C8EC590DD9AE0CE3EB265FC0E50C7FA52196EFE2FF7FB085060B8D3,20260901,A4,ON,15000,15026,26,2,2,-1,observedFullFront,NONE,16e4a0e1e73f20acdad273551123e0a04aa00992e6aad08129d2f49d70e015e0,629.8288353357962,49609.51804223446,84164.79948488981,COMPLETE_INHERITED_LS_BATCH
A4-20k-100_2_4_1-ON-v1,27684CE3CC3849711712536BE645E2039C413615C19A1C463F5330C6FD43F405,7baaca4ebca147f46d380677fd3ae6583cc238f741220325646b44d42c0bffd9,10B57D8C0C8EC590DD9AE0CE3EB265FC0E50C7FA52196EFE2FF7FB085060B8D3,20260901,A4,ON,15000,15026,26,2,2,-1,observedFullFront,NONE,7710c1a481205d0728630e6c41a0362518a59522cbe8fba163b462a8eb398f9c,632.9629120562627,49608.44374839831,83045.2469400009,COMPLETE_INHERITED_LS_BATCH
A4-20k-100_2_4_1-ON-v1,27684CE3CC3849711712536BE645E2039C413615C19A1C463F5330C6FD43F405,7baaca4ebca147f46d380677fd3ae6583cc238f741220325646b44d42c0bffd9,10B57D8C0C8EC590DD9AE0CE3EB265FC0E50C7FA52196EFE2FF7FB085060B8D3,20260901,A4,ON,15000,15026,26,2,2,-1,observedFullFront,NONE,3346fdbca3462a758ca1d1b010c4c16b45267cd452313fe79f25ac5cf30efde7,634.3888081059569,49586.5740847836,84058.47604703807,COMPLETE_INHERITED_LS_BATCH
A4-20k-100_2_4_1-ON-v1,27684CE3CC3849711712536BE645E2039C413615C19A1C463F5330C6FD43F405,7baaca4ebca147f46d380677fd3ae6583cc238f741220325646b44d42c0bffd9,10B57D8C0C8EC590DD9AE0CE3EB265FC0E50C7FA52196EFE2FF7FB085060B8D3,20260901,A4,ON,15000,15026,26,2,2,-1,observedFullFront,NONE,ec96be7c995afc6aa40c3cc436b9eab7d497df3f51459d1df86b9ae9522e2caf,635.65765282231,49185.18616428753,80187.54087657754,COMPLETE_INHERITED_LS_BATCH
A4-20k-100_2_4_1-ON-v1,27684CE3CC3849711712536BE645E2039C413615C19A1C463F5330C6FD43F405,7baaca4ebca147f46d380677fd3ae6583cc238f741220325646b44d42c0bffd9,10B57D8C0C8EC590DD9AE0CE3EB265FC0E50C7FA52196EFE2FF7FB085060B8D3,20260901,A4,ON,15000,15026,26,2,2,-1,observedFullFront,NONE,00a7df2bf8257912fa0dcba3c8d6a88277d70be608b6a9faa0da6df250ac43f2,636.1611124059849,49577.7662490291,79540.66445181574,COMPLETE_INHERITED_LS_BATCH
A4-20k-100_2_4_1-ON-v1,27684CE3CC3849711712536BE645E2039C413615C19A1C463F5330C6FD43F405,7baaca4ebca147f46d380677fd3ae6583cc238f741220325646b44d42c0bffd9,10B57D8C0C8EC590DD9AE0CE3EB265FC0E50C7FA52196EFE2FF7FB085060B8D3,20260901,A4,ON,15000,15026,26,2,2,-1,observedFullFront,NONE,b7e75ae23db323fc420bf3c51a8c2bf73a3fdc622323b59d6ae1ff7c59c6e81b,636.7421852246196,49374.164336372196,78249.68644366866,COMPLETE_INHERITED_LS_BATCH
A4-20k-100_2_4_1-ON-v1,27684CE3CC3849711712536BE645E2039C413615C19A1C463F5330C6FD43F405,7baaca4ebca147f46d380677fd3ae6583cc238f741220325646b44d42c0bffd9,10B57D8C0C8EC590DD9AE0CE3EB265FC0E50C7FA52196EFE2FF7FB085060B8D3,20260901,A4,ON,15000,15026,26,2,2,-1,observedFullFront,NONE,7737f8d4f8aa159f7bd66e448fe744221eecf32dfd1fa332bb29777cdbdcda1d,638.3601884860593,49043.38668214014,78575.73716817421,COMPLETE_INHERITED_LS_BATCH
A4-20k-100_2_4_1-ON-v1,27684CE3CC3849711712536BE645E2039C413615C19A1C463F5330C6FD43F405,7baaca4ebca147f46d380677fd3ae6583cc238f741220325646b44d42c0bffd9,10B57D8C0C8EC590DD9AE0CE3EB265FC0E50C7FA52196EFE2FF7FB085060B8D3,20260901,A4,ON,15000,15026,26,2,2,-1,observedFullFront,NONE,fa9365bda0f285024b8e3534cd5fcb04de7108e6e3023929b1f983b2d2100281,643.5933181325406,48977.58002790057,80514.1832469083,COMPLETE_INHERITED_LS_BATCH
A4-20k-100_2_4_1-ON-v1,27684CE3CC3849711712536BE645E2039C413615C19A1C463F5330C6FD43F405,7baaca4ebca147f46d380677fd3ae6583cc238f741220325646b44d42c0bffd9,10B57D8C0C8EC590DD9AE0CE3EB265FC0E50C7FA52196EFE2FF7FB085060B8D3,20260901,A4,ON,15000,15026,26,2,2,-1,observedFullFront,NONE,2ae37cf063c8b5674f7c5e3ceb466d4dcbcef86dfd4dc69cc0e990614834a5fa,651.9148481660424,48971.56301913111,82244.04355910509,COMPLETE_INHERITED_LS_BATCH
A4-20k-100_2_4_1-ON-v1,27684CE3CC3849711712536BE645E2039C413615C19A1C463F5330C6FD43F405,7baaca4ebca147f46d380677fd3ae6583cc238f741220325646b44d42c0bffd9,10B57D8C0C8EC590DD9AE0CE3EB265FC0E50C7FA52196EFE2FF7FB085060B8D3,20260901,A4,ON,15000,15026,26,2,2,-1,observedFullFront,NONE,d958cf0e7219aec65211d8d52d844bd5798028655179b2d0f300bddce015840e,654.0990897051612,48958.40582297828,79641.37976951066,COMPLETE_INHERITED_LS_BATCH
A4-20k-100_2_4_1-ON-v1,27684CE3CC3849711712536BE645E2039C413615C19A1C463F5330C6FD43F405,7baaca4ebca147f46d380677fd3ae6583cc238f741220325646b44d42c0bffd9,10B57D8C0C8EC590DD9AE0CE3EB265FC0E50C7FA52196EFE2FF7FB085060B8D3,20260901,A4,ON,15000,15026,26,2,2,-1,observedFullFront,NONE,2e91c7c706df09dbef8242dc0826743a1097b80dac51031806a9092864ba15bb,654.1910300276774,48889.91123263362,83247.10458915788,COMPLETE_INHERITED_LS_BATCH
A4-20k-100_2_4_1-ON-v1,27684CE3CC3849711712536BE645E2039C413615C19A1C463F5330C6FD43F405,7baaca4ebca147f46d380677fd3ae6583cc238f741220325646b44d42c0bffd9,10B57D8C0C8EC590DD9AE0CE3EB265FC0E50C7FA52196EFE2FF7FB085060B8D3,20260901,A4,ON,15000,15026,26,2,2,-1,observedFullFront,NONE,55c8a65bbc8de07d4edc19bf973e464d72909908e4da3b2c370e0126d1936e92,655.3923831185452,49333.90359411165,78055.96238638226,COMPLETE_INHERITED_LS_BATCH
A4-20k-100_2_4_1-ON-v1,27684CE3CC3849711712536BE645E2039C413615C19A1C463F5330C6FD43F405,7baaca4ebca147f46d380677fd3ae6583cc238f741220325646b44d42c0bffd9,10B57D8C0C8EC590DD9AE0CE3EB265FC0E50C7FA52196EFE2FF7FB085060B8D3,20260901,A4,ON,15000,15026,26,2,2,-1,observedFullFront,NONE,28fb43b656f00bb6abc847c779a39b74dace37e52d42e729e670d792d8e2f065,656.5267705954079,48550.859784878056,82856.72729929976,COMPLETE_INHERITED_LS_BATCH
A4-20k-100_2_4_1-ON-v1,27684CE3CC3849711712536BE645E2039C413615C19A1C463F5330C6FD43F405,7baaca4ebca147f46d380677fd3ae6583cc238f741220325646b44d42c0bffd9,10B57D8C0C8EC590DD9AE0CE3EB265FC0E50C7FA52196EFE2FF7FB085060B8D3,20260901,A4,ON,15000,15026,26,2,2,-1,observedFullFront,NONE,6abaf60ae7fa4fd9e94533b8f56455013dec4af1a1cb972e2b6446311e4e6623,657.927319216391,48799.399360427684,81815.5998223704,COMPLETE_INHERITED_LS_BATCH
A4-20k-100_2_4_1-ON-v1,27684CE3CC3849711712536BE645E2039C413615C19A1C463F5330C6FD43F405,7baaca4ebca147f46d380677fd3ae6583cc238f741220325646b44d42c0bffd9,10B57D8C0C8EC590DD9AE0CE3EB265FC0E50C7FA52196EFE2FF7FB085060B8D3,20260901,A4,ON,15000,15026,26,2,2,-1,observedFullFront,NONE,0854bb3d87a10aac3f54470081e5f9c86f90222d1205c7344a039f8787a67089,659.4246528735998,48880.74191157336,80981.84158226027,COMPLETE_INHERITED_LS_BATCH
A4-20k-100_2_4_1-ON-v1,27684CE3CC3849711712536BE645E2039C413615C19A1C463F5330C6FD43F405,7baaca4ebca147f46d380677fd3ae6583cc238f741220325646b44d42c0bffd9,10B57D8C0C8EC590DD9AE0CE3EB265FC0E50C7FA52196EFE2FF7FB085060B8D3,20260901,A4,ON,15000,15026,26,2,2,-1,observedFullFront,NONE,141c0dbcc5d0e8badf3a60532cafabe35247267f98c49ddc35304f6176e266fb,660.4228293737743,48391.31704818981,80500.55733291106,COMPLETE_INHERITED_LS_BATCH
A4-20k-100_2_4_1-ON-v1,27684CE3CC3849711712536BE645E2039C413615C19A1C463F5330C6FD43F405,7baaca4ebca147f46d380677fd3ae6583cc238f741220325646b44d42c0bffd9,10B57D8C0C8EC590DD9AE0CE3EB265FC0E50C7FA52196EFE2FF7FB085060B8D3,20260901,A4,ON,15000,15026,26,2,2,-1,observedFullFront,NONE,e16a522fc5192a693353b1cf1696cc920e67feb8dde5e2229cef30f35a7b2383,662.095086520535,48896.40627560779,80250.69169502099,COMPLETE_INHERITED_LS_BATCH
A4-20k-100_2_4_1-ON-v1,27684CE3CC3849711712536BE645E2039C413615C19A1C463F5330C6FD43F405,7baaca4ebca147f46d380677fd3ae6583cc238f741220325646b44d42c0bffd9,10B57D8C0C8EC590DD9AE0CE3EB265FC0E50C7FA52196EFE2FF7FB085060B8D3,20260901,A4,ON,15000,15026,26,2,2,-1,observedFullFront,NONE,ef2dc7a5bf648be39cc1822758926e71aaf66f62e1a0bf1b5d1aba99d5ce63ea,665.6880379956513,48422.10014198314,80434.93451831695,COMPLETE_INHERITED_LS_BATCH
A4-20k-100_2_4_1-ON-v1,27684CE3CC3849711712536BE645E2039C413615C19A1C463F5330C6FD43F405,7baaca4ebca147f46d380677fd3ae6583cc238f741220325646b44d42c0bffd9,10B57D8C0C8EC590DD9AE0CE3EB265FC0E50C7FA52196EFE2FF7FB085060B8D3,20260901,A4,ON,15000,15026,26,2,2,-1,observedFullFront,NONE,961e9fa136d73fb84bb9d6beeaf2d95d9d2ddc4778b95d2efff471a3ba99656e,666.1199138697018,48758.417607194475,78847.6156832861,COMPLETE_INHERITED_LS_BATCH
A4-20k-100_2_4_1-ON-v1,27684CE3CC3849711712536BE645E2039C413615C19A1C463F5330C6FD43F405,7baaca4ebca147f46d380677fd3ae6583cc238f741220325646b44d42c0bffd9,10B57D8C0C8EC590DD9AE0CE3EB265FC0E50C7FA52196EFE2FF7FB085060B8D3,20260901,A4,ON,15000,15026,26,2,2,-1,observedFullFront,NONE,fb485bfa79a7c880c4f2a6aa9bc981555f95529b7168bccfcd8d91a0316928fe,667.0254794061966,49233.80760717186,78408.20258780492,COMPLETE_INHERITED_LS_BATCH
A4-20k-100_2_4_1-ON-v1,27684CE3CC3849711712536BE645E2039C413615C19A1C463F5330C6FD43F405,7baaca4ebca147f46d380677fd3ae6583cc238f741220325646b44d42c0bffd9,10B57D8C0C8EC590DD9AE0CE3EB265FC0E50C7FA52196EFE2FF7FB085060B8D3,20260901,A4,ON,15000,15026,26,2,2,-1,observedFullFront,NONE,1b43f857717e813074cd1c4cb439d886ea3d1d59c890ca9c1f973ed03d95b3a5,669.1907124027321,48513.87651266795,80067.18421008952,COMPLETE_INHERITED_LS_BATCH
A4-20k-100_2_4_1-ON-v1,27684CE3CC3849711712536BE645E2039C413615C19A1C463F5330C6FD43F405,7baaca4ebca147f46d380677fd3ae6583cc238f741220325646b44d42c0bffd9,10B57D8C0C8EC590DD9AE0CE3EB265FC0E50C7FA52196EFE2FF7FB085060B8D3,20260901,A4,ON,15000,15026,26,2,2,-1,observedFullFront,NONE,6863349dc4098cb0d6aca2dec606d2348137973fa4102687e293b0a485689a69,671.5763448224077,48344.64393625602,82025.58160426588,COMPLETE_INHERITED_LS_BATCH
A4-20k-100_2_4_1-ON-v1,27684CE3CC3849711712536BE645E2039C413615C19A1C463F5330C6FD43F405,7baaca4ebca147f46d380677fd3ae6583cc238f741220325646b44d42c0bffd9,10B57D8C0C8EC590DD9AE0CE3EB265FC0E50C7FA52196EFE2FF7FB085060B8D3,20260901,A4,ON,15000,15026,26,2,2,-1,observedFullFront,NONE,a64c8a68ec6b419e96258f24aa7a8ad3c08ff8334344ec648592a305b317f3d8,672.6229396814308,48966.935035747054,78377.57729883213,COMPLETE_INHERITED_LS_BATCH
A4-20k-100_2_4_1-ON-v1,27684CE3CC3849711712536BE645E2039C413615C19A1C463F5330C6FD43F405,7baaca4ebca147f46d380677fd3ae6583cc238f741220325646b44d42c0bffd9,10B57D8C0C8EC590DD9AE0CE3EB265FC0E50C7FA52196EFE2FF7FB085060B8D3,20260901,A4,ON,15000,15026,26,2,2,-1,observedFullFront,NONE,688d300e3d29226cae48a4caa59bf1c2495364317794c0c0aa3a3d8be892146d,675.0970490213258,48629.27458570579,79120.89101385116,COMPLETE_INHERITED_LS_BATCH
A4-20k-100_2_4_1-ON-v1,27684CE3CC3849711712536BE645E2039C413615C19A1C463F5330C6FD43F405,7baaca4ebca147f46d380677fd3ae6583cc238f741220325646b44d42c0bffd9,10B57D8C0C8EC590DD9AE0CE3EB265FC0E50C7FA52196EFE2FF7FB085060B8D3,20260901,A4,ON,15000,15026,26,2,2,-1,observedFullFront,NONE,6c9998f357dddafae41675ec3dfc5045100bc3252d2cec265dab200e03886c23,675.8896543191438,48497.902994527925,78864.84386068808,COMPLETE_INHERITED_LS_BATCH
A4-20k-100_2_4_1-ON-v1,27684CE3CC3849711712536BE645E2039C413615C19A1C463F5330C6FD43F405,7baaca4ebca147f46d380677fd3ae6583cc238f741220325646b44d42c0bffd9,10B57D8C0C8EC590DD9AE0CE3EB265FC0E50C7FA52196EFE2FF7FB085060B8D3,20260901,A4,ON,15000,15026,26,2,2,-1,observedFullFront,NONE,73b319ce2327878a72424829dc03690dde568e18b0958277a72a69c25488cd7f,677.6210486701748,48298.34264558942,82032.56682629866,COMPLETE_INHERITED_LS_BATCH
A4-20k-100_2_4_1-ON-v1,27684CE3CC3849711712536BE645E2039C413615C19A1C463F5330C6FD43F405,7baaca4ebca147f46d380677fd3ae6583cc238f741220325646b44d42c0bffd9,10B57D8C0C8EC590DD9AE0CE3EB265FC0E50C7FA52196EFE2FF7FB085060B8D3,20260901,A4,ON,15000,15026,26,2,2,-1,observedFullFront,NONE,3373d8383358198e183949e4a6e1ddf5e8a62c10609fff535a5d43a91c3c52d5,680.3585057400946,49704.28818866275,77307.23816378746,COMPLETE_INHERITED_LS_BATCH
A4-20k-100_2_4_1-ON-v1,27684CE3CC3849711712536BE645E2039C413615C19A1C463F5330C6FD43F405,7baaca4ebca147f46d380677fd3ae6583cc238f741220325646b44d42c0bffd9,10B57D8C0C8EC590DD9AE0CE3EB265FC0E50C7FA52196EFE2FF7FB085060B8D3,20260901,A4,ON,15000,15026,26,2,2,-1,observedFullFront,NONE,9bc42705bc3ea992dbe5b8b6acdbf3ed9031647b1e0ea69d45a64db6f79585c9,683.8819993711553,48886.21106013292,78786.65309735849,COMPLETE_INHERITED_LS_BATCH
A4-20k-100_2_4_1-ON-v1,27684CE3CC3849711712536BE645E2039C413615C19A1C463F5330C6FD43F405,7baaca4ebca147f46d380677fd3ae6583cc238f741220325646b44d42c0bffd9,10B57D8C0C8EC590DD9AE0CE3EB265FC0E50C7FA52196EFE2FF7FB085060B8D3,20260901,A4,ON,15000,15026,26,2,2,-1,observedFullFront,NONE,3de7f1e420084e851402a41c656226d2bb7ade4883786d82224de635ae3d9207,686.0200939514351,49165.97987613117,77520.79203762364,COMPLETE_INHERITED_LS_BATCH
A4-20k-100_2_4_1-ON-v1,27684CE3CC3849711712536BE645E2039C413615C19A1C463F5330C6FD43F405,7baaca4ebca147f46d380677fd3ae6583cc238f741220325646b44d42c0bffd9,10B57D8C0C8EC590DD9AE0CE3EB265FC0E50C7FA52196EFE2FF7FB085060B8D3,20260901,A4,ON,15000,15026,26,2,2,-1,observedFullFront,NONE,b75978bb77dc234490568bdbfded2a2ff4257006bde8c6e6a2e8cc3927523ef4,686.458377084961,48892.378564468694,78673.70732283806,COMPLETE_INHERITED_LS_BATCH
A4-20k-100_2_4_1-ON-v1,27684CE3CC3849711712536BE645E2039C413615C19A1C463F5330C6FD43F405,7baaca4ebca147f46d380677fd3ae6583cc238f741220325646b44d42c0bffd9,10B57D8C0C8EC590DD9AE0CE3EB265FC0E50C7FA52196EFE2FF7FB085060B8D3,20260901,A4,ON,15000,15026,26,2,2,-1,observedFullFront,NONE,40ce30452b9f50b1777db91225b1e023312410e17d39b8a5b9191bfd361a74eb,687.153204661281,48082.070313263735,79898.1212688463,COMPLETE_INHERITED_LS_BATCH
A4-20k-100_2_4_1-ON-v1,27684CE3CC3849711712536BE645E2039C413615C19A1C463F5330C6FD43F405,7baaca4ebca147f46d380677fd3ae6583cc238f741220325646b44d42c0bffd9,10B57D8C0C8EC590DD9AE0CE3EB265FC0E50C7FA52196EFE2FF7FB085060B8D3,20260901,A4,ON,15000,15026,26,2,2,-1,observedFullFront,NONE,1bccd3d9227307107a61f3c22f1104f3315ef315b94e2ffdeff2d13898e703dc,687.557277360327,48816.41239369781,77325.34925645907,COMPLETE_INHERITED_LS_BATCH
A4-20k-100_2_4_1-ON-v1,27684CE3CC3849711712536BE645E2039C413615C19A1C463F5330C6FD43F405,7baaca4ebca147f46d380677fd3ae6583cc238f741220325646b44d42c0bffd9,10B57D8C0C8EC590DD9AE0CE3EB265FC0E50C7FA52196EFE2FF7FB085060B8D3,20260901,A4,ON,15000,15026,26,2,2,-1,observedFullFront,NONE,6d56ec4619333ffe7729beba3bec6fcfe8fb3b66857bd5f8eb8346144c1afca5,689.8556753194458,48422.77772261009,79393.46600366263,COMPLETE_INHERITED_LS_BATCH
A4-20k-100_2_4_1-ON-v1,27684CE3CC3849711712536BE645E2039C413615C19A1C463F5330C6FD43F405,7baaca4ebca147f46d380677fd3ae6583cc238f741220325646b44d42c0bffd9,10B57D8C0C8EC590DD9AE0CE3EB265FC0E50C7FA52196EFE2FF7FB085060B8D3,20260901,A4,ON,15000,15026,26,2,2,-1,observedFullFront,NONE,689b972b84462171b0826df7c9fcf58bd783c3138a2e257d19eb6c638dfc7aa7,693.1234641551565,48082.81268446668,79447.34455273554,COMPLETE_INHERITED_LS_BATCH
A4-20k-100_2_4_1-ON-v1,27684CE3CC3849711712536BE645E2039C413615C19A1C463F5330C6FD43F405,7baaca4ebca147f46d380677fd3ae6583cc238f741220325646b44d42c0bffd9,10B57D8C0C8EC590DD9AE0CE3EB265FC0E50C7FA52196EFE2FF7FB085060B8D3,20260901,A4,ON,15000,15026,26,2,2,-1,observedFullFront,NONE,37b28419a844074c5efb69b6f4ce30e7c15896fe9ec8eb1c09c4dba50d759e1d,696.1450578440911,47956.80546426107,81057.66907279014,COMPLETE_INHERITED_LS_BATCH
A4-20k-100_2_4_1-ON-v1,27684CE3CC3849711712536BE645E2039C413615C19A1C463F5330C6FD43F405,7baaca4ebca147f46d380677fd3ae6583cc238f741220325646b44d42c0bffd9,10B57D8C0C8EC590DD9AE0CE3EB265FC0E50C7FA52196EFE2FF7FB085060B8D3,20260901,A4,ON,15000,15026,26,2,2,-1,observedFullFront,NONE,f9d6fc77fbb28ddb5d6ac9365a92325bc276faf18f93a83dbdad8d6e7236659e,709.6203932256062,48680.19650971864,77417.94753460329,COMPLETE_INHERITED_LS_BATCH
A4-20k-100_2_4_1-ON-v1,27684CE3CC3849711712536BE645E2039C413615C19A1C463F5330C6FD43F405,7baaca4ebca147f46d380677fd3ae6583cc238f741220325646b44d42c0bffd9,10B57D8C0C8EC590DD9AE0CE3EB265FC0E50C7FA52196EFE2FF7FB085060B8D3,20260901,A4,ON,15000,15026,26,2,2,-1,observedFullFront,NONE,738ad0efdfcdaab358353d478d09137c21e0ed7cd6f5e4e1cc0b3aeed69c064f,709.9959255841358,48585.61453756502,78432.01842360396,COMPLETE_INHERITED_LS_BATCH
A4-20k-100_2_4_1-ON-v1,27684CE3CC3849711712536BE645E2039C413615C19A1C463F5330C6FD43F405,7baaca4ebca147f46d380677fd3ae6583cc238f741220325646b44d42c0bffd9,10B57D8C0C8EC590DD9AE0CE3EB265FC0E50C7FA52196EFE2FF7FB085060B8D3,20260901,A4,ON,15000,15026,26,2,2,-1,observedFullFront,NONE,4d5590500571797aa8fb7e5e9b87827c601e60617449a37dcacac07bae9eb07c,710.7961910430065,48189.478146420384,77640.24025245663,COMPLETE_INHERITED_LS_BATCH
A4-20k-100_2_4_1-ON-v1,27684CE3CC3849711712536BE645E2039C413615C19A1C463F5330C6FD43F405,7baaca4ebca147f46d380677fd3ae6583cc238f741220325646b44d42c0bffd9,10B57D8C0C8EC590DD9AE0CE3EB265FC0E50C7FA52196EFE2FF7FB085060B8D3,20260901,A4,ON,15000,15026,26,2,2,-1,observedFullFront,NONE,56a64d592ec63bab4b38073a5db02be8f02d6a3f97d565c9c9a6b5c8de1d3991,731.2400719321356,47933.64920220802,79773.32315691354,COMPLETE_INHERITED_LS_BATCH
A4-20k-100_2_4_1-ON-v1,27684CE3CC3849711712536BE645E2039C413615C19A1C463F5330C6FD43F405,7baaca4ebca147f46d380677fd3ae6583cc238f741220325646b44d42c0bffd9,10B57D8C0C8EC590DD9AE0CE3EB265FC0E50C7FA52196EFE2FF7FB085060B8D3,20260901,A4,ON,15000,15026,26,2,2,-1,observedFullFront,NONE,e05853332077a605a62ad990a2dd3e24c279d573bf35b005af545e6b4a7dabe9,735.206649630552,48180.20883703428,77538.66107615095,COMPLETE_INHERITED_LS_BATCH
A4-20k-100_2_4_1-ON-v1,27684CE3CC3849711712536BE645E2039C413615C19A1C463F5330C6FD43F405,7baaca4ebca147f46d380677fd3ae6583cc238f741220325646b44d42c0bffd9,10B57D8C0C8EC590DD9AE0CE3EB265FC0E50C7FA52196EFE2FF7FB085060B8D3,20260901,A4,ON,15000,15026,26,2,2,-1,observedFullFront,NONE,f275e0251d09acbd375850ad4138ec651ce45dfad7a6cd5347252eb15349e876,746.4948211558083,47914.84958734177,81977.06750807568,COMPLETE_INHERITED_LS_BATCH
A4-20k-100_2_4_1-ON-v1,27684CE3CC3849711712536BE645E2039C413615C19A1C463F5330C6FD43F405,7baaca4ebca147f46d380677fd3ae6583cc238f741220325646b44d42c0bffd9,10B57D8C0C8EC590DD9AE0CE3EB265FC0E50C7FA52196EFE2FF7FB085060B8D3,20260901,A4,ON,15000,15026,26,2,2,-1,observedFullFront,NONE,9c272e250b985100887bb699c6cf79d01d9f70373fa78ff65cb0546249b1401f,756.3375535374047,48093.59597908018,79375.08684503334,COMPLETE_INHERITED_LS_BATCH
A4-20k-100_2_4_1-ON-v1,27684CE3CC3849711712536BE645E2039C413615C19A1C463F5330C6FD43F405,7baaca4ebca147f46d380677fd3ae6583cc238f741220325646b44d42c0bffd9,10B57D8C0C8EC590DD9AE0CE3EB265FC0E50C7FA52196EFE2FF7FB085060B8D3,20260901,A4,ON,15000,15026,26,2,2,-1,observedFullFront,NONE,5ab2499b2a89925ddac6918954825b14ac71fdfea8287b002dd07fb2977c073a,772.2828979000907,47809.33403538045,87492.74406999625,COMPLETE_INHERITED_LS_BATCH
A4-20k-100_2_4_1-ON-v1,27684CE3CC3849711712536BE645E2039C413615C19A1C463F5330C6FD43F405,7baaca4ebca147f46d380677fd3ae6583cc238f741220325646b44d42c0bffd9,10B57D8C0C8EC590DD9AE0CE3EB265FC0E50C7FA52196EFE2FF7FB085060B8D3,20260901,A4,ON,15000,15026,26,2,2,-1,observedFullFront,NONE,2a9ddb24eaf96a534ff4de362c2e27ad2732b990dda1f8b4d75aeb57ff8721c4,791.2299303500344,48067.52478430027,79397.30517559164,COMPLETE_INHERITED_LS_BATCH
A4-20k-100_2_4_1-ON-v1,27684CE3CC3849711712536BE645E2039C413615C19A1C463F5330C6FD43F405,7baaca4ebca147f46d380677fd3ae6583cc238f741220325646b44d42c0bffd9,10B57D8C0C8EC590DD9AE0CE3EB265FC0E50C7FA52196EFE2FF7FB085060B8D3,20260901,A4,ON,15000,15026,26,2,2,-1,observedFullFront,NONE,758bfc7291fc35e42552ffdec70c32fbe98181cb2e5a4b8112ee21dc35403dad,792.0195671634527,47816.673749088426,87285.47477708283,COMPLETE_INHERITED_LS_BATCH
A4-20k-100_2_4_1-ON-v1,27684CE3CC3849711712536BE645E2039C413615C19A1C463F5330C6FD43F405,7baaca4ebca147f46d380677fd3ae6583cc238f741220325646b44d42c0bffd9,10B57D8C0C8EC590DD9AE0CE3EB265FC0E50C7FA52196EFE2FF7FB085060B8D3,20260901,A4,ON,15000,15026,26,2,2,-1,observedFullFront,NONE,686a160082e6004f57645e73bfa5ec0f29f812fa1fbf8c84057d4823603d7ef8,792.0195671634527,47820.48661380916,87005.65682377975,COMPLETE_INHERITED_LS_BATCH
A4-20k-100_2_4_1-ON-v1,27684CE3CC3849711712536BE645E2039C413615C19A1C463F5330C6FD43F405,7baaca4ebca147f46d380677fd3ae6583cc238f741220325646b44d42c0bffd9,10B57D8C0C8EC590DD9AE0CE3EB265FC0E50C7FA52196EFE2FF7FB085060B8D3,20260901,A4,ON,20000,20000,0,3,3,47,workingPopulationND,NONE,29e63f1a8119c1d0df3225b4bbcb4b5dcefd03a4323ee8b0149d21b8e4a6debf,630.6017541351455,49404.966720395896,77672.06024825768,COMPLETE_QG_QP_GLOBAL_OFFSPRING_BATCH
A4-20k-100_2_4_1-ON-v1,27684CE3CC3849711712536BE645E2039C413615C19A1C463F5330C6FD43F405,7baaca4ebca147f46d380677fd3ae6583cc238f741220325646b44d42c0bffd9,10B57D8C0C8EC590DD9AE0CE3EB265FC0E50C7FA52196EFE2FF7FB085060B8D3,20260901,A4,ON,20000,20000,0,3,3,47,workingPopulationND,NONE,e63391ec3df93027be2129c1a84608c0e34fbae7438820aed8d372f35c2989e2,643.4818353613997,48480.59294114432,78081.02923989543,COMPLETE_QG_QP_GLOBAL_OFFSPRING_BATCH
A4-20k-100_2_4_1-ON-v1,27684CE3CC3849711712536BE645E2039C413615C19A1C463F5330C6FD43F405,7baaca4ebca147f46d380677fd3ae6583cc238f741220325646b44d42c0bffd9,10B57D8C0C8EC590DD9AE0CE3EB265FC0E50C7FA52196EFE2FF7FB085060B8D3,20260901,A4,ON,20000,20000,0,3,3,47,workingPopulationND,NONE,c5557cc6ac045dc2f3a045ccf7924b33a6314d90ac89d607c1ca249c3afe78ed,644.4818476583478,49049.911863588335,77122.01715601988,COMPLETE_QG_QP_GLOBAL_OFFSPRING_BATCH
A4-20k-100_2_4_1-ON-v1,27684CE3CC3849711712536BE645E2039C413615C19A1C463F5330C6FD43F405,7baaca4ebca147f46d380677fd3ae6583cc238f741220325646b44d42c0bffd9,10B57D8C0C8EC590DD9AE0CE3EB265FC0E50C7FA52196EFE2FF7FB085060B8D3,20260901,A4,ON,20000,20000,0,3,3,47,workingPopulationND,NONE,c4094bbfad1daf43e4b5b769846fab1badf6fa52e5f56e303d331105669983a9,655.3926201558339,48617.88770343705,76340.07758802379,COMPLETE_QG_QP_GLOBAL_OFFSPRING_BATCH
A4-20k-100_2_4_1-ON-v1,27684CE3CC3849711712536BE645E2039C413615C19A1C463F5330C6FD43F405,7baaca4ebca147f46d380677fd3ae6583cc238f741220325646b44d42c0bffd9,10B57D8C0C8EC590DD9AE0CE3EB265FC0E50C7FA52196EFE2FF7FB085060B8D3,20260901,A4,ON,20000,20000,0,3,3,47,workingPopulationND,NONE,b5e53c673eb464e0d7b4bdae2cdeeb339ecf31b278dcc94d0c3887106fa2cdb0,660.2127991096879,48293.56852801608,80373.38262034299,COMPLETE_QG_QP_GLOBAL_OFFSPRING_BATCH
A4-20k-100_2_4_1-ON-v1,27684CE3CC3849711712536BE645E2039C413615C19A1C463F5330C6FD43F405,7baaca4ebca147f46d380677fd3ae6583cc238f741220325646b44d42c0bffd9,10B57D8C0C8EC590DD9AE0CE3EB265FC0E50C7FA52196EFE2FF7FB085060B8D3,20260901,A4,ON,20000,20000,0,3,3,47,workingPopulationND,NONE,ecffe09977a278b0717b590be3976ca9e4ec65ccde71c9c094287dff5ee86bda,660.7573567168486,48166.943035121396,77602.39353404977,COMPLETE_QG_QP_GLOBAL_OFFSPRING_BATCH
A4-20k-100_2_4_1-ON-v1,27684CE3CC3849711712536BE645E2039C413615C19A1C463F5330C6FD43F405,7baaca4ebca147f46d380677fd3ae6583cc238f741220325646b44d42c0bffd9,10B57D8C0C8EC590DD9AE0CE3EB265FC0E50C7FA52196EFE2FF7FB085060B8D3,20260901,A4,ON,20000,20000,0,3,3,47,workingPopulationND,NONE,a5b3e6e82f04ae5ed5b22376faa1a0df0104247ae9ce595df152119cf79a34e0,663.0595526104141,47985.62591049064,79254.51185362617,COMPLETE_QG_QP_GLOBAL_OFFSPRING_BATCH
A4-20k-100_2_4_1-ON-v1,27684CE3CC3849711712536BE645E2039C413615C19A1C463F5330C6FD43F405,7baaca4ebca147f46d380677fd3ae6583cc238f741220325646b44d42c0bffd9,10B57D8C0C8EC590DD9AE0CE3EB265FC0E50C7FA52196EFE2FF7FB085060B8D3,20260901,A4,ON,20000,20000,0,3,3,47,workingPopulationND,NONE,7c54fe83839be00f5717f3c49ec708769fb87fff4e75b7e47590ff89e6947aa6,665.3283775929549,48410.82629016439,76956.1601958645,COMPLETE_QG_QP_GLOBAL_OFFSPRING_BATCH
A4-20k-100_2_4_1-ON-v1,27684CE3CC3849711712536BE645E2039C413615C19A1C463F5330C6FD43F405,7baaca4ebca147f46d380677fd3ae6583cc238f741220325646b44d42c0bffd9,10B57D8C0C8EC590DD9AE0CE3EB265FC0E50C7FA52196EFE2FF7FB085060B8D3,20260901,A4,ON,20000,20000,0,3,3,47,workingPopulationND,NONE,70c8281388a8a8dfac3065b3c87df0c9fe0ba00fef4ebf7f1e86339b163399fc,665.6064981231538,47863.873522867274,76373.46954205645,COMPLETE_QG_QP_GLOBAL_OFFSPRING_BATCH
A4-20k-100_2_4_1-ON-v1,27684CE3CC3849711712536BE645E2039C413615C19A1C463F5330C6FD43F405,7baaca4ebca147f46d380677fd3ae6583cc238f741220325646b44d42c0bffd9,10B57D8C0C8EC590DD9AE0CE3EB265FC0E50C7FA52196EFE2FF7FB085060B8D3,20260901,A4,ON,20000,20000,0,3,3,47,workingPopulationND,NONE,c9801c470ebf53568afc5a98ee684f9fe644e548f7490e1fff9b2f202e4afc12,681.6828773881601,47580.316541681364,77423.59526267216,COMPLETE_QG_QP_GLOBAL_OFFSPRING_BATCH
A4-20k-100_2_4_1-ON-v1,27684CE3CC3849711712536BE645E2039C413615C19A1C463F5330C6FD43F405,7baaca4ebca147f46d380677fd3ae6583cc238f741220325646b44d42c0bffd9,10B57D8C0C8EC590DD9AE0CE3EB265FC0E50C7FA52196EFE2FF7FB085060B8D3,20260901,A4,ON,20000,20000,0,3,3,47,workingPopulationND,NONE,90e630b59d5d4cd7f2c90beecd736689c784fa46346176e690286362cb845ddb,688.8907772773223,47694.19360127911,77135.26497681873,COMPLETE_QG_QP_GLOBAL_OFFSPRING_BATCH
A4-20k-100_2_4_1-ON-v1,27684CE3CC3849711712536BE645E2039C413615C19A1C463F5330C6FD43F405,7baaca4ebca147f46d380677fd3ae6583cc238f741220325646b44d42c0bffd9,10B57D8C0C8EC590DD9AE0CE3EB265FC0E50C7FA52196EFE2FF7FB085060B8D3,20260901,A4,ON,20000,20000,0,3,3,47,workingPopulationND,NONE,c7f4db423568a65231fa84863e7d3e829fa874a6f48477b1911b83dd637a10b7,693.1154616378246,47822.05472511575,76652.91207485081,COMPLETE_QG_QP_GLOBAL_OFFSPRING_BATCH
A4-20k-100_2_4_1-ON-v1,27684CE3CC3849711712536BE645E2039C413615C19A1C463F5330C6FD43F405,7baaca4ebca147f46d380677fd3ae6583cc238f741220325646b44d42c0bffd9,10B57D8C0C8EC590DD9AE0CE3EB265FC0E50C7FA52196EFE2FF7FB085060B8D3,20260901,A4,ON,20000,20000,0,3,3,47,workingPopulationND,NONE,330184bdac2a1fc38a7de848cc478a8333c09644711eac5b438c919dbbb20a29,693.1898610457281,47484.84457256912,76250.18515799663,COMPLETE_QG_QP_GLOBAL_OFFSPRING_BATCH
A4-20k-100_2_4_1-ON-v1,27684CE3CC3849711712536BE645E2039C413615C19A1C463F5330C6FD43F405,7baaca4ebca147f46d380677fd3ae6583cc238f741220325646b44d42c0bffd9,10B57D8C0C8EC590DD9AE0CE3EB265FC0E50C7FA52196EFE2FF7FB085060B8D3,20260901,A4,ON,20000,20000,0,3,3,47,workingPopulationND,NONE,3a5d3290b7f601ec60276fe91d569bf6d5d42edbfe90b1f44e95242d58a7cd7f,725.9931823331293,47648.604466275894,76177.2197285252,COMPLETE_QG_QP_GLOBAL_OFFSPRING_BATCH
A4-20k-100_2_4_1-ON-v1,27684CE3CC3849711712536BE645E2039C413615C19A1C463F5330C6FD43F405,7baaca4ebca147f46d380677fd3ae6583cc238f741220325646b44d42c0bffd9,10B57D8C0C8EC590DD9AE0CE3EB265FC0E50C7FA52196EFE2FF7FB085060B8D3,20260901,A4,ON,20000,20000,0,3,3,47,workingPopulationND,NONE,bcab3d0574d03e7f1f9d30335c9b59b6a1c0434f2ac7fda44d4742d21e286812,731.1476124403167,47863.17787015074,76064.27979969393,COMPLETE_QG_QP_GLOBAL_OFFSPRING_BATCH
A4-20k-100_2_4_1-ON-v1,27684CE3CC3849711712536BE645E2039C413615C19A1C463F5330C6FD43F405,7baaca4ebca147f46d380677fd3ae6583cc238f741220325646b44d42c0bffd9,10B57D8C0C8EC590DD9AE0CE3EB265FC0E50C7FA52196EFE2FF7FB085060B8D3,20260901,A4,ON,20000,20000,0,3,3,47,workingPopulationND,NONE,0a3a0d32d491058cf5f6591778893758b73657ebf205bb784fc94fcca632d46c,733.5252341330912,47441.45397382661,80616.34076167262,COMPLETE_QG_QP_GLOBAL_OFFSPRING_BATCH
A4-20k-100_2_4_1-ON-v1,27684CE3CC3849711712536BE645E2039C413615C19A1C463F5330C6FD43F405,7baaca4ebca147f46d380677fd3ae6583cc238f741220325646b44d42c0bffd9,10B57D8C0C8EC590DD9AE0CE3EB265FC0E50C7FA52196EFE2FF7FB085060B8D3,20260901,A4,ON,20000,20000,0,3,3,47,decisionArchiveFront,NONE,a00bf4f2c5d3cfe3d4d4268a982eda1628cb280beffbee3fb6f3dd72d7dd7ad6,622.431864312122,50665.5876513047,88765.01197898084,COMPLETE_QG_QP_GLOBAL_OFFSPRING_BATCH
A4-20k-100_2_4_1-ON-v1,27684CE3CC3849711712536BE645E2039C413615C19A1C463F5330C6FD43F405,7baaca4ebca147f46d380677fd3ae6583cc238f741220325646b44d42c0bffd9,10B57D8C0C8EC590DD9AE0CE3EB265FC0E50C7FA52196EFE2FF7FB085060B8D3,20260901,A4,ON,20000,20000,0,3,3,47,decisionArchiveFront,NONE,3e092a7ff25ba356f266036e6b5ff2fcd6ae7daa0fe2874718bd24c0fdc834ac,622.5414970133597,51377.01876550208,87536.14239064205,COMPLETE_QG_QP_GLOBAL_OFFSPRING_BATCH
A4-20k-100_2_4_1-ON-v1,27684CE3CC3849711712536BE645E2039C413615C19A1C463F5330C6FD43F405,7baaca4ebca147f46d380677fd3ae6583cc238f741220325646b44d42c0bffd9,10B57D8C0C8EC590DD9AE0CE3EB265FC0E50C7FA52196EFE2FF7FB085060B8D3,20260901,A4,ON,20000,20000,0,3,3,47,decisionArchiveFront,NONE,b6e27610fd191ccd9f7affba28f8c4805bfece6f856a796ecb69776aa9d236f0,623.5155291579885,49766.9397347496,86523.91917929114,COMPLETE_QG_QP_GLOBAL_OFFSPRING_BATCH
A4-20k-100_2_4_1-ON-v1,27684CE3CC3849711712536BE645E2039C413615C19A1C463F5330C6FD43F405,7baaca4ebca147f46d380677fd3ae6583cc238f741220325646b44d42c0bffd9,10B57D8C0C8EC590DD9AE0CE3EB265FC0E50C7FA52196EFE2FF7FB085060B8D3,20260901,A4,ON,20000,20000,0,3,3,47,decisionArchiveFront,NONE,1066c0cd4b5f1d9bfd815214a8ce254ff4bb8150374ed8ed968b16301381b4b3,625.0124570576704,48456.211834132184,78377.78168868748,COMPLETE_QG_QP_GLOBAL_OFFSPRING_BATCH
A4-20k-100_2_4_1-ON-v1,27684CE3CC3849711712536BE645E2039C413615C19A1C463F5330C6FD43F405,7baaca4ebca147f46d380677fd3ae6583cc238f741220325646b44d42c0bffd9,10B57D8C0C8EC590DD9AE0CE3EB265FC0E50C7FA52196EFE2FF7FB085060B8D3,20260901,A4,ON,20000,20000,0,3,3,47,decisionArchiveFront,NONE,72eada89c4164b936d4cd6fe3ec5e750c100f8ece713372fdcf64ff87067aaee,626.8850835503131,50090.85588751301,77892.87424877925,COMPLETE_QG_QP_GLOBAL_OFFSPRING_BATCH
A4-20k-100_2_4_1-ON-v1,27684CE3CC3849711712536BE645E2039C413615C19A1C463F5330C6FD43F405,7baaca4ebca147f46d380677fd3ae6583cc238f741220325646b44d42c0bffd9,10B57D8C0C8EC590DD9AE0CE3EB265FC0E50C7FA52196EFE2FF7FB085060B8D3,20260901,A4,ON,20000,20000,0,3,3,47,decisionArchiveFront,NONE,5a9f64314800aea53ee006aa34b3baab4a3857e78adc9b2edb6913da55b58a0c,628.4602777951816,48761.06676736254,77558.13864466947,COMPLETE_QG_QP_GLOBAL_OFFSPRING_BATCH
A4-20k-100_2_4_1-ON-v1,27684CE3CC3849711712536BE645E2039C413615C19A1C463F5330C6FD43F405,7baaca4ebca147f46d380677fd3ae6583cc238f741220325646b44d42c0bffd9,10B57D8C0C8EC590DD9AE0CE3EB265FC0E50C7FA52196EFE2FF7FB085060B8D3,20260901,A4,ON,20000,20000,0,3,3,47,decisionArchiveFront,NONE,0aeb68b22f67c27de14820b6275ed419f5b275e88989dd3239ffb6fa75883f1b,632.0433856793017,48430.609471439,77647.29756411062,COMPLETE_QG_QP_GLOBAL_OFFSPRING_BATCH
A4-20k-100_2_4_1-ON-v1,27684CE3CC3849711712536BE645E2039C413615C19A1C463F5330C6FD43F405,7baaca4ebca147f46d380677fd3ae6583cc238f741220325646b44d42c0bffd9,10B57D8C0C8EC590DD9AE0CE3EB265FC0E50C7FA52196EFE2FF7FB085060B8D3,20260901,A4,ON,20000,20000,0,3,3,47,decisionArchiveFront,NONE,c35d083a7ccce7ed3f6336e87687c55a54e50beedb8865371e7e02045f0d2ba9,634.0434340682095,48638.25491433511,76574.41751966186,COMPLETE_QG_QP_GLOBAL_OFFSPRING_BATCH
A4-20k-100_2_4_1-ON-v1,27684CE3CC3849711712536BE645E2039C413615C19A1C463F5330C6FD43F405,7baaca4ebca147f46d380677fd3ae6583cc238f741220325646b44d42c0bffd9,10B57D8C0C8EC590DD9AE0CE3EB265FC0E50C7FA52196EFE2FF7FB085060B8D3,20260901,A4,ON,20000,20000,0,3,3,47,decisionArchiveFront,NONE,08a88de6d45ffaaa28ecd0a859064bb8ced360014917068936d303e78053a747,637.3389922550601,48610.20748792392,77198.86414081856,COMPLETE_QG_QP_GLOBAL_OFFSPRING_BATCH
A4-20k-100_2_4_1-ON-v1,27684CE3CC3849711712536BE645E2039C413615C19A1C463F5330C6FD43F405,7baaca4ebca147f46d380677fd3ae6583cc238f741220325646b44d42c0bffd9,10B57D8C0C8EC590DD9AE0CE3EB265FC0E50C7FA52196EFE2FF7FB085060B8D3,20260901,A4,ON,20000,20000,0,3,3,47,decisionArchiveFront,NONE,0088c8d25a0f983b2804ce6cc1f04b73b6aadcd41f595d796a73c79ebd3c6b3a,642.490652511199,48413.69673847839,77293.22535058759,COMPLETE_QG_QP_GLOBAL_OFFSPRING_BATCH
A4-20k-100_2_4_1-ON-v1,27684CE3CC3849711712536BE645E2039C413615C19A1C463F5330C6FD43F405,7baaca4ebca147f46d380677fd3ae6583cc238f741220325646b44d42c0bffd9,10B57D8C0C8EC590DD9AE0CE3EB265FC0E50C7FA52196EFE2FF7FB085060B8D3,20260901,A4,ON,20000,20000,0,3,3,47,decisionArchiveFront,NONE,c7e4a06247354fecd407e77a25da2bb506ef880c309a9ef662cfbc88cf7d9e45,643.3956378309622,48339.413024266396,79993.15009747176,COMPLETE_QG_QP_GLOBAL_OFFSPRING_BATCH
A4-20k-100_2_4_1-ON-v1,27684CE3CC3849711712536BE645E2039C413615C19A1C463F5330C6FD43F405,7baaca4ebca147f46d380677fd3ae6583cc238f741220325646b44d42c0bffd9,10B57D8C0C8EC590DD9AE0CE3EB265FC0E50C7FA52196EFE2FF7FB085060B8D3,20260901,A4,ON,20000,20000,0,3,3,47,decisionArchiveFront,NONE,58346b468aec067c1859123f1834ffcb1a7f23b915bb8747f75af8bf784dc631,644.7679363437447,49035.60681438472,76340.20995003838,COMPLETE_QG_QP_GLOBAL_OFFSPRING_BATCH
A4-20k-100_2_4_1-ON-v1,27684CE3CC3849711712536BE645E2039C413615C19A1C463F5330C6FD43F405,7baaca4ebca147f46d380677fd3ae6583cc238f741220325646b44d42c0bffd9,10B57D8C0C8EC590DD9AE0CE3EB265FC0E50C7FA52196EFE2FF7FB085060B8D3,20260901,A4,ON,20000,20000,0,3,3,47,decisionArchiveFront,NONE,535ce8bc4556c17b67c375949a0caec71dcf258db1783f461f98d3f848587568,644.8806056278198,48175.0595258246,78902.59475368746,COMPLETE_QG_QP_GLOBAL_OFFSPRING_BATCH
A4-20k-100_2_4_1-ON-v1,27684CE3CC3849711712536BE645E2039C413615C19A1C463F5330C6FD43F405,7baaca4ebca147f46d380677fd3ae6583cc238f741220325646b44d42c0bffd9,10B57D8C0C8EC590DD9AE0CE3EB265FC0E50C7FA52196EFE2FF7FB085060B8D3,20260901,A4,ON,20000,20000,0,3,3,47,decisionArchiveFront,NONE,97b5a4beabb424c5157e989cdbcb762cafeb0b643509ae3c5691b30426650947,648.6146464471301,48190.190334477906,76945.05329126654,COMPLETE_QG_QP_GLOBAL_OFFSPRING_BATCH
A4-20k-100_2_4_1-ON-v1,27684CE3CC3849711712536BE645E2039C413615C19A1C463F5330C6FD43F405,7baaca4ebca147f46d380677fd3ae6583cc238f741220325646b44d42c0bffd9,10B57D8C0C8EC590DD9AE0CE3EB265FC0E50C7FA52196EFE2FF7FB085060B8D3,20260901,A4,ON,20000,20000,0,3,3,47,decisionArchiveFront,NONE,f8dd319c9a626a5d90d58758bd647c25a963f7dc1c624345ab54c98032fc13a0,649.6948609661364,48033.53235536259,77052.70304060921,COMPLETE_QG_QP_GLOBAL_OFFSPRING_BATCH
A4-20k-100_2_4_1-ON-v1,27684CE3CC3849711712536BE645E2039C413615C19A1C463F5330C6FD43F405,7baaca4ebca147f46d380677fd3ae6583cc238f741220325646b44d42c0bffd9,10B57D8C0C8EC590DD9AE0CE3EB265FC0E50C7FA52196EFE2FF7FB085060B8D3,20260901,A4,ON,20000,20000,0,3,3,47,decisionArchiveFront,NONE,a325507059de6fe6d7ef9e18e58ee1ee2599f0a992b3acebff3ff8091fe64ca1,649.6948609661364,48118.20936984035,76923.8151890232,COMPLETE_QG_QP_GLOBAL_OFFSPRING_BATCH
A4-20k-100_2_4_1-ON-v1,27684CE3CC3849711712536BE645E2039C413615C19A1C463F5330C6FD43F405,7baaca4ebca147f46d380677fd3ae6583cc238f741220325646b44d42c0bffd9,10B57D8C0C8EC590DD9AE0CE3EB265FC0E50C7FA52196EFE2FF7FB085060B8D3,20260901,A4,ON,20000,20000,0,3,3,47,decisionArchiveFront,NONE,ac0295c01b5c8ef34856bc227231ab4c9c83cc099e2d0e12f7281300812357d7,650.4623545187101,48014.17267868964,77749.61926210663,COMPLETE_QG_QP_GLOBAL_OFFSPRING_BATCH
A4-20k-100_2_4_1-ON-v1,27684CE3CC3849711712536BE645E2039C413615C19A1C463F5330C6FD43F405,7baaca4ebca147f46d380677fd3ae6583cc238f741220325646b44d42c0bffd9,10B57D8C0C8EC590DD9AE0CE3EB265FC0E50C7FA52196EFE2FF7FB085060B8D3,20260901,A4,ON,20000,20000,0,3,3,47,decisionArchiveFront,NONE,8fe652a8bf8fd8e08fe5ad80f79096607696bba55da47163315cfa75cfdb5801,650.8769208291919,48515.79510124463,76884.6141636081,COMPLETE_QG_QP_GLOBAL_OFFSPRING_BATCH
A4-20k-100_2_4_1-ON-v1,27684CE3CC3849711712536BE645E2039C413615C19A1C463F5330C6FD43F405,7baaca4ebca147f46d380677fd3ae6583cc238f741220325646b44d42c0bffd9,10B57D8C0C8EC590DD9AE0CE3EB265FC0E50C7FA52196EFE2FF7FB085060B8D3,20260901,A4,ON,20000,20000,0,3,3,47,decisionArchiveFront,NONE,0fe28aad31211a112604d0d58c63eff0c33660b4b719799f424af15346e3f29c,653.6928825838378,48300.65214638639,75901.20368022252,COMPLETE_QG_QP_GLOBAL_OFFSPRING_BATCH
A4-20k-100_2_4_1-ON-v1,27684CE3CC3849711712536BE645E2039C413615C19A1C463F5330C6FD43F405,7baaca4ebca147f46d380677fd3ae6583cc238f741220325646b44d42c0bffd9,10B57D8C0C8EC590DD9AE0CE3EB265FC0E50C7FA52196EFE2FF7FB085060B8D3,20260901,A4,ON,20000,20000,0,3,3,47,decisionArchiveFront,NONE,c586d870bcf696de4ab89158bace7d2a24a7c943912683769f6ecae35b272978,654.6173720276634,47875.8455145427,78050.7460629621,COMPLETE_QG_QP_GLOBAL_OFFSPRING_BATCH
A4-20k-100_2_4_1-ON-v1,27684CE3CC3849711712536BE645E2039C413615C19A1C463F5330C6FD43F405,7baaca4ebca147f46d380677fd3ae6583cc238f741220325646b44d42c0bffd9,10B57D8C0C8EC590DD9AE0CE3EB265FC0E50C7FA52196EFE2FF7FB085060B8D3,20260901,A4,ON,20000,20000,0,3,3,47,decisionArchiveFront,NONE,ca9d01b7ba11c1c74ab0c4a42047fcd59fc3e047b2587d4467739ba95e9cd15b,654.6389040552913,48879.636528955736,75823.3871771668,COMPLETE_QG_QP_GLOBAL_OFFSPRING_BATCH
A4-20k-100_2_4_1-ON-v1,27684CE3CC3849711712536BE645E2039C413615C19A1C463F5330C6FD43F405,7baaca4ebca147f46d380677fd3ae6583cc238f741220325646b44d42c0bffd9,10B57D8C0C8EC590DD9AE0CE3EB265FC0E50C7FA52196EFE2FF7FB085060B8D3,20260901,A4,ON,20000,20000,0,3,3,47,decisionArchiveFront,NONE,6f3526114f59de41222b08c81dc7b5c45cc60eedf55c9d320986669c871b4e2b,658.9338883821354,48016.26102270517,77627.71150589481,COMPLETE_QG_QP_GLOBAL_OFFSPRING_BATCH
A4-20k-100_2_4_1-ON-v1,27684CE3CC3849711712536BE645E2039C413615C19A1C463F5330C6FD43F405,7baaca4ebca147f46d380677fd3ae6583cc238f741220325646b44d42c0bffd9,10B57D8C0C8EC590DD9AE0CE3EB265FC0E50C7FA52196EFE2FF7FB085060B8D3,20260901,A4,ON,20000,20000,0,3,3,47,decisionArchiveFront,NONE,d41c998a375211b3edcaeab177d45e7fd22a26e4faa587b483e6d4b7f9a542ff,660.7573943550778,48067.82420890055,75540.29744487944,COMPLETE_QG_QP_GLOBAL_OFFSPRING_BATCH
A4-20k-100_2_4_1-ON-v1,27684CE3CC3849711712536BE645E2039C413615C19A1C463F5330C6FD43F405,7baaca4ebca147f46d380677fd3ae6583cc238f741220325646b44d42c0bffd9,10B57D8C0C8EC590DD9AE0CE3EB265FC0E50C7FA52196EFE2FF7FB085060B8D3,20260901,A4,ON,20000,20000,0,3,3,47,decisionArchiveFront,NONE,ff32990e59b85639496604cbf86ca53c4f976ffb96de37bc980575cc19a1eac7,663.1077432885432,47841.3321448269,75702.19010963416,COMPLETE_QG_QP_GLOBAL_OFFSPRING_BATCH
A4-20k-100_2_4_1-ON-v1,27684CE3CC3849711712536BE645E2039C413615C19A1C463F5330C6FD43F405,7baaca4ebca147f46d380677fd3ae6583cc238f741220325646b44d42c0bffd9,10B57D8C0C8EC590DD9AE0CE3EB265FC0E50C7FA52196EFE2FF7FB085060B8D3,20260901,A4,ON,20000,20000,0,3,3,47,decisionArchiveFront,NONE,8b2abe2d2e3d8c685362c94174fbf43dbc1543b6eb23b49ec22229ec48fc168a,664.7064574583458,47608.63119836718,81249.00690946635,COMPLETE_QG_QP_GLOBAL_OFFSPRING_BATCH
A4-20k-100_2_4_1-ON-v1,27684CE3CC3849711712536BE645E2039C413615C19A1C463F5330C6FD43F405,7baaca4ebca147f46d380677fd3ae6583cc238f741220325646b44d42c0bffd9,10B57D8C0C8EC590DD9AE0CE3EB265FC0E50C7FA52196EFE2FF7FB085060B8D3,20260901,A4,ON,20000,20000,0,3,3,47,decisionArchiveFront,NONE,ed3f1ec29c8be882f6a5c1bea8cf5bbb551252922c1cf35aaa10607301f8009b,667.2206414263512,47806.003693829465,76602.63550729616,COMPLETE_QG_QP_GLOBAL_OFFSPRING_BATCH
A4-20k-100_2_4_1-ON-v1,27684CE3CC3849711712536BE645E2039C413615C19A1C463F5330C6FD43F405,7baaca4ebca147f46d380677fd3ae6583cc238f741220325646b44d42c0bffd9,10B57D8C0C8EC590DD9AE0CE3EB265FC0E50C7FA52196EFE2FF7FB085060B8D3,20260901,A4,ON,20000,20000,0,3,3,47,decisionArchiveFront,NONE,9c651aeea910391b78a09238268f958a0dba37e91ab84ed3e3f3597763b94ed1,667.3738870961946,47739.99061965526,78492.28040199737,COMPLETE_QG_QP_GLOBAL_OFFSPRING_BATCH
A4-20k-100_2_4_1-ON-v1,27684CE3CC3849711712536BE645E2039C413615C19A1C463F5330C6FD43F405,7baaca4ebca147f46d380677fd3ae6583cc238f741220325646b44d42c0bffd9,10B57D8C0C8EC590DD9AE0CE3EB265FC0E50C7FA52196EFE2FF7FB085060B8D3,20260901,A4,ON,20000,20000,0,3,3,47,decisionArchiveFront,NONE,e6c2706ba44d580f7bd81533b761cda4423ea3bdc135fa5a17055cc9601a44a5,672.1425276164512,47608.344985736665,81344.79669450698,COMPLETE_QG_QP_GLOBAL_OFFSPRING_BATCH
A4-20k-100_2_4_1-ON-v1,27684CE3CC3849711712536BE645E2039C413615C19A1C463F5330C6FD43F405,7baaca4ebca147f46d380677fd3ae6583cc238f741220325646b44d42c0bffd9,10B57D8C0C8EC590DD9AE0CE3EB265FC0E50C7FA52196EFE2FF7FB085060B8D3,20260901,A4,ON,20000,20000,0,3,3,47,decisionArchiveFront,NONE,e550623be4c621dda13dba4eda2a8eb40c3296abba3e31e793555e9f7b3ced16,672.8368767819109,47626.392373613315,81246.56303127039,COMPLETE_QG_QP_GLOBAL_OFFSPRING_BATCH
A4-20k-100_2_4_1-ON-v1,27684CE3CC3849711712536BE645E2039C413615C19A1C463F5330C6FD43F405,7baaca4ebca147f46d380677fd3ae6583cc238f741220325646b44d42c0bffd9,10B57D8C0C8EC590DD9AE0CE3EB265FC0E50C7FA52196EFE2FF7FB085060B8D3,20260901,A4,ON,20000,20000,0,3,3,47,decisionArchiveFront,NONE,c2b2394ff756d6d4c96671f90a0e8028052ce1ebdae430a0cbec1cd028444381,675.8320012509007,49230.09532495666,74219.54016263796,COMPLETE_QG_QP_GLOBAL_OFFSPRING_BATCH
A4-20k-100_2_4_1-ON-v1,27684CE3CC3849711712536BE645E2039C413615C19A1C463F5330C6FD43F405,7baaca4ebca147f46d380677fd3ae6583cc238f741220325646b44d42c0bffd9,10B57D8C0C8EC590DD9AE0CE3EB265FC0E50C7FA52196EFE2FF7FB085060B8D3,20260901,A4,ON,20000,20000,0,3,3,47,decisionArchiveFront,NONE,4ad9eb6beb0c7dc74327f4d89d49b851d9d3a1ee2c286cefe4c2d4d9838e5078,676.2638404039704,47683.47427268803,80167.7891493859,COMPLETE_QG_QP_GLOBAL_OFFSPRING_BATCH
A4-20k-100_2_4_1-ON-v1,27684CE3CC3849711712536BE645E2039C413615C19A1C463F5330C6FD43F405,7baaca4ebca147f46d380677fd3ae6583cc238f741220325646b44d42c0bffd9,10B57D8C0C8EC590DD9AE0CE3EB265FC0E50C7FA52196EFE2FF7FB085060B8D3,20260901,A4,ON,20000,20000,0,3,3,47,decisionArchiveFront,NONE,d3a7aa992c37c72bc427a2cc42a300fb33c5852d16329a56e22bd90f795b33a8,677.1298670505888,47538.56597198067,80594.87090719608,COMPLETE_QG_QP_GLOBAL_OFFSPRING_BATCH
A4-20k-100_2_4_1-ON-v1,27684CE3CC3849711712536BE645E2039C413615C19A1C463F5330C6FD43F405,7baaca4ebca147f46d380677fd3ae6583cc238f741220325646b44d42c0bffd9,10B57D8C0C8EC590DD9AE0CE3EB265FC0E50C7FA52196EFE2FF7FB085060B8D3,20260901,A4,ON,20000,20000,0,3,3,47,decisionArchiveFront,NONE,079554ecec8088a85f2159ae11609342863e8b145fab37e963a50b39f8c74c42,677.1705784156696,47660.97675190543,79518.80237687845,COMPLETE_QG_QP_GLOBAL_OFFSPRING_BATCH
A4-20k-100_2_4_1-ON-v1,27684CE3CC3849711712536BE645E2039C413615C19A1C463F5330C6FD43F405,7baaca4ebca147f46d380677fd3ae6583cc238f741220325646b44d42c0bffd9,10B57D8C0C8EC590DD9AE0CE3EB265FC0E50C7FA52196EFE2FF7FB085060B8D3,20260901,A4,ON,20000,20000,0,3,3,47,decisionArchiveFront,NONE,e3760e972b508d3a9ca335be36923fb52b285e826f243d0eb71b89859296c86d,678.7407037484844,47350.100080844546,78584.18533249402,COMPLETE_QG_QP_GLOBAL_OFFSPRING_BATCH
A4-20k-100_2_4_1-ON-v1,27684CE3CC3849711712536BE645E2039C413615C19A1C463F5330C6FD43F405,7baaca4ebca147f46d380677fd3ae6583cc238f741220325646b44d42c0bffd9,10B57D8C0C8EC590DD9AE0CE3EB265FC0E50C7FA52196EFE2FF7FB085060B8D3,20260901,A4,ON,20000,20000,0,3,3,47,decisionArchiveFront,NONE,d271a3334ef212d40a6513346f2947e2fac8d9cfe7eaf7ea29b5182f6090b70e,679.483567605745,47837.4292054787,76560.6757137362,COMPLETE_QG_QP_GLOBAL_OFFSPRING_BATCH
A4-20k-100_2_4_1-ON-v1,27684CE3CC3849711712536BE645E2039C413615C19A1C463F5330C6FD43F405,7baaca4ebca147f46d380677fd3ae6583cc238f741220325646b44d42c0bffd9,10B57D8C0C8EC590DD9AE0CE3EB265FC0E50C7FA52196EFE2FF7FB085060B8D3,20260901,A4,ON,20000,20000,0,3,3,47,decisionArchiveFront,NONE,865f0b3f2b0986b8685710ade4db5a23fae085d1030fe87192840d6e5c3d2615,680.0690669298809,47328.77710819071,79598.65577771832,COMPLETE_QG_QP_GLOBAL_OFFSPRING_BATCH
A4-20k-100_2_4_1-ON-v1,27684CE3CC3849711712536BE645E2039C413615C19A1C463F5330C6FD43F405,7baaca4ebca147f46d380677fd3ae6583cc238f741220325646b44d42c0bffd9,10B57D8C0C8EC590DD9AE0CE3EB265FC0E50C7FA52196EFE2FF7FB085060B8D3,20260901,A4,ON,20000,20000,0,3,3,47,decisionArchiveFront,NONE,19679f7014af39bed658aa24efaca14db618166f7ea5382ff32aa38550e32e7c,680.2584298341634,47795.02499312819,76816.97249727658,COMPLETE_QG_QP_GLOBAL_OFFSPRING_BATCH
A4-20k-100_2_4_1-ON-v1,27684CE3CC3849711712536BE645E2039C413615C19A1C463F5330C6FD43F405,7baaca4ebca147f46d380677fd3ae6583cc238f741220325646b44d42c0bffd9,10B57D8C0C8EC590DD9AE0CE3EB265FC0E50C7FA52196EFE2FF7FB085060B8D3,20260901,A4,ON,20000,20000,0,3,3,47,decisionArchiveFront,NONE,c9801c470ebf53568afc5a98ee684f9fe644e548f7490e1fff9b2f202e4afc12,681.6828773881601,47580.316541681364,77423.59526267216,COMPLETE_QG_QP_GLOBAL_OFFSPRING_BATCH
A4-20k-100_2_4_1-ON-v1,27684CE3CC3849711712536BE645E2039C413615C19A1C463F5330C6FD43F405,7baaca4ebca147f46d380677fd3ae6583cc238f741220325646b44d42c0bffd9,10B57D8C0C8EC590DD9AE0CE3EB265FC0E50C7FA52196EFE2FF7FB085060B8D3,20260901,A4,ON,20000,20000,0,3,3,47,decisionArchiveFront,NONE,55153a1e0bccee7af8bee28f33f4a69f232db32c544502fd44658f622e345d64,681.7061485577335,47633.16752096609,76940.47771422434,COMPLETE_QG_QP_GLOBAL_OFFSPRING_BATCH
A4-20k-100_2_4_1-ON-v1,27684CE3CC3849711712536BE645E2039C413615C19A1C463F5330C6FD43F405,7baaca4ebca147f46d380677fd3ae6583cc238f741220325646b44d42c0bffd9,10B57D8C0C8EC590DD9AE0CE3EB265FC0E50C7FA52196EFE2FF7FB085060B8D3,20260901,A4,ON,20000,20000,0,3,3,47,decisionArchiveFront,NONE,dc916812b3dfeaf2218eee2170274c6cc6da00d0854669a51b4846a400c0522f,683.2236934411017,47435.607814260016,78261.18727791609,COMPLETE_QG_QP_GLOBAL_OFFSPRING_BATCH
A4-20k-100_2_4_1-ON-v1,27684CE3CC3849711712536BE645E2039C413615C19A1C463F5330C6FD43F405,7baaca4ebca147f46d380677fd3ae6583cc238f741220325646b44d42c0bffd9,10B57D8C0C8EC590DD9AE0CE3EB265FC0E50C7FA52196EFE2FF7FB085060B8D3,20260901,A4,ON,20000,20000,0,3,3,47,decisionArchiveFront,NONE,59a7fa1098cdffa916732938d198950401da00d5625977daff6a6a1ec673721e,683.9037508274095,47308.148037050334,80393.24377680286,COMPLETE_QG_QP_GLOBAL_OFFSPRING_BATCH
A4-20k-100_2_4_1-ON-v1,27684CE3CC3849711712536BE645E2039C413615C19A1C463F5330C6FD43F405,7baaca4ebca147f46d380677fd3ae6583cc238f741220325646b44d42c0bffd9,10B57D8C0C8EC590DD9AE0CE3EB265FC0E50C7FA52196EFE2FF7FB085060B8D3,20260901,A4,ON,20000,20000,0,3,3,47,decisionArchiveFront,NONE,fe71ff29364804fe23075a1e2f6794a2309df3b3a3eaba95b6fb958323b5f830,685.7266152895942,47571.21801057049,77756.15972110402,COMPLETE_QG_QP_GLOBAL_OFFSPRING_BATCH
A4-20k-100_2_4_1-ON-v1,27684CE3CC3849711712536BE645E2039C413615C19A1C463F5330C6FD43F405,7baaca4ebca147f46d380677fd3ae6583cc238f741220325646b44d42c0bffd9,10B57D8C0C8EC590DD9AE0CE3EB265FC0E50C7FA52196EFE2FF7FB085060B8D3,20260901,A4,ON,20000,20000,0,3,3,47,decisionArchiveFront,NONE,b10ed07cce5c0e043f94be435789ef3d97d9fc28937c0ded2f663f05f82fb74f,690.641788788319,47493.581622267666,77958.26388096035,COMPLETE_QG_QP_GLOBAL_OFFSPRING_BATCH
A4-20k-100_2_4_1-ON-v1,27684CE3CC3849711712536BE645E2039C413615C19A1C463F5330C6FD43F405,7baaca4ebca147f46d380677fd3ae6583cc238f741220325646b44d42c0bffd9,10B57D8C0C8EC590DD9AE0CE3EB265FC0E50C7FA52196EFE2FF7FB085060B8D3,20260901,A4,ON,20000,20000,0,3,3,47,decisionArchiveFront,NONE,c09783ab6397d1fcf07133b7716c73d441a9053cdd3867b6886ad00ffa18386b,691.252016665456,47488.85983251626,77421.93579911068,COMPLETE_QG_QP_GLOBAL_OFFSPRING_BATCH
A4-20k-100_2_4_1-ON-v1,27684CE3CC3849711712536BE645E2039C413615C19A1C463F5330C6FD43F405,7baaca4ebca147f46d380677fd3ae6583cc238f741220325646b44d42c0bffd9,10B57D8C0C8EC590DD9AE0CE3EB265FC0E50C7FA52196EFE2FF7FB085060B8D3,20260901,A4,ON,20000,20000,0,3,3,47,decisionArchiveFront,NONE,3099bdd0ce6a6895a3cec657c7d61914c156fc91b5d2638862c7aaa2b3d63ccb,692.8151005043472,47260.82307181881,79490.21296615018,COMPLETE_QG_QP_GLOBAL_OFFSPRING_BATCH
A4-20k-100_2_4_1-ON-v1,27684CE3CC3849711712536BE645E2039C413615C19A1C463F5330C6FD43F405,7baaca4ebca147f46d380677fd3ae6583cc238f741220325646b44d42c0bffd9,10B57D8C0C8EC590DD9AE0CE3EB265FC0E50C7FA52196EFE2FF7FB085060B8D3,20260901,A4,ON,20000,20000,0,3,3,47,decisionArchiveFront,NONE,6b4661cb8cc960f47eef89e3b6e9e9691439aeae0183d8220398dd4901d2f6d2,692.875585850216,47520.01864965556,77376.90980982398,COMPLETE_QG_QP_GLOBAL_OFFSPRING_BATCH
A4-20k-100_2_4_1-ON-v1,27684CE3CC3849711712536BE645E2039C413615C19A1C463F5330C6FD43F405,7baaca4ebca147f46d380677fd3ae6583cc238f741220325646b44d42c0bffd9,10B57D8C0C8EC590DD9AE0CE3EB265FC0E50C7FA52196EFE2FF7FB085060B8D3,20260901,A4,ON,20000,20000,0,3,3,47,decisionArchiveFront,NONE,8f135864555ff3b79c4988a550fafe86228260518924805cfa51ff78b65d0590,693.1780227289788,47804.46059731242,76358.29273113291,COMPLETE_QG_QP_GLOBAL_OFFSPRING_BATCH
A4-20k-100_2_4_1-ON-v1,27684CE3CC3849711712536BE645E2039C413615C19A1C463F5330C6FD43F405,7baaca4ebca147f46d380677fd3ae6583cc238f741220325646b44d42c0bffd9,10B57D8C0C8EC590DD9AE0CE3EB265FC0E50C7FA52196EFE2FF7FB085060B8D3,20260901,A4,ON,20000,20000,0,3,3,47,decisionArchiveFront,NONE,330184bdac2a1fc38a7de848cc478a8333c09644711eac5b438c919dbbb20a29,693.1898610457281,47484.84457256912,76250.18515799663,COMPLETE_QG_QP_GLOBAL_OFFSPRING_BATCH
A4-20k-100_2_4_1-ON-v1,27684CE3CC3849711712536BE645E2039C413615C19A1C463F5330C6FD43F405,7baaca4ebca147f46d380677fd3ae6583cc238f741220325646b44d42c0bffd9,10B57D8C0C8EC590DD9AE0CE3EB265FC0E50C7FA52196EFE2FF7FB085060B8D3,20260901,A4,ON,20000,20000,0,3,3,47,decisionArchiveFront,NONE,d6e7f0334a52a0c7ae142086356601c1f8995ae7ef0f8894bf61766049b0fc45,694.3293733808162,47465.23636440621,76178.56791607944,COMPLETE_QG_QP_GLOBAL_OFFSPRING_BATCH
A4-20k-100_2_4_1-ON-v1,27684CE3CC3849711712536BE645E2039C413615C19A1C463F5330C6FD43F405,7baaca4ebca147f46d380677fd3ae6583cc238f741220325646b44d42c0bffd9,10B57D8C0C8EC590DD9AE0CE3EB265FC0E50C7FA52196EFE2FF7FB085060B8D3,20260901,A4,ON,20000,20000,0,3,3,47,decisionArchiveFront,NONE,60754cae8c7ac56eb9d0294ea2c0114a0f707a1f318c0bb7568fcb0202b22189,697.5682979106524,47270.22279947378,78234.9241579321,COMPLETE_QG_QP_GLOBAL_OFFSPRING_BATCH
A4-20k-100_2_4_1-ON-v1,27684CE3CC3849711712536BE645E2039C413615C19A1C463F5330C6FD43F405,7baaca4ebca147f46d380677fd3ae6583cc238f741220325646b44d42c0bffd9,10B57D8C0C8EC590DD9AE0CE3EB265FC0E50C7FA52196EFE2FF7FB085060B8D3,20260901,A4,ON,20000,20000,0,3,3,47,decisionArchiveFront,NONE,6e00b23e470f70b2e2d71b47f7f80dedb0ff9e1bfba0a5ce66740904245008d4,700.6393943982033,47455.42704546137,77049.74769166927,COMPLETE_QG_QP_GLOBAL_OFFSPRING_BATCH
A4-20k-100_2_4_1-ON-v1,27684CE3CC3849711712536BE645E2039C413615C19A1C463F5330C6FD43F405,7baaca4ebca147f46d380677fd3ae6583cc238f741220325646b44d42c0bffd9,10B57D8C0C8EC590DD9AE0CE3EB265FC0E50C7FA52196EFE2FF7FB085060B8D3,20260901,A4,ON,20000,20000,0,3,3,47,decisionArchiveFront,NONE,cbae5aa5cb50c6fa7daeac09528686e0450be930dba3a7b381695b10b9673ea0,700.8663447061123,47216.0264609311,78486.76432139173,COMPLETE_QG_QP_GLOBAL_OFFSPRING_BATCH
A4-20k-100_2_4_1-ON-v1,27684CE3CC3849711712536BE645E2039C413615C19A1C463F5330C6FD43F405,7baaca4ebca147f46d380677fd3ae6583cc238f741220325646b44d42c0bffd9,10B57D8C0C8EC590DD9AE0CE3EB265FC0E50C7FA52196EFE2FF7FB085060B8D3,20260901,A4,ON,20000,20000,0,3,3,47,decisionArchiveFront,NONE,30c36158f798b1c7e3ebd281e62df575f8bab44d6cbf5e4e604fa2f6b8ad6292,703.1894893399669,47312.53401179496,77955.2138636906,COMPLETE_QG_QP_GLOBAL_OFFSPRING_BATCH
A4-20k-100_2_4_1-ON-v1,27684CE3CC3849711712536BE645E2039C413615C19A1C463F5330C6FD43F405,7baaca4ebca147f46d380677fd3ae6583cc238f741220325646b44d42c0bffd9,10B57D8C0C8EC590DD9AE0CE3EB265FC0E50C7FA52196EFE2FF7FB085060B8D3,20260901,A4,ON,20000,20000,0,3,3,47,decisionArchiveFront,NONE,fb81e777af0fcc12c8728f3113af3199ab7b47fc8b2651afdfdb489a5d9b89f5,705.430224092162,47229.34668591052,78265.02782042514,COMPLETE_QG_QP_GLOBAL_OFFSPRING_BATCH
A4-20k-100_2_4_1-ON-v1,27684CE3CC3849711712536BE645E2039C413615C19A1C463F5330C6FD43F405,7baaca4ebca147f46d380677fd3ae6583cc238f741220325646b44d42c0bffd9,10B57D8C0C8EC590DD9AE0CE3EB265FC0E50C7FA52196EFE2FF7FB085060B8D3,20260901,A4,ON,20000,20000,0,3,3,47,decisionArchiveFront,NONE,6e8ee26e371c832600397c6a25fff1fc99a91d394a29b04bc9fd8e383ff6b7fb,705.9185365654399,47165.523927876835,76336.32232075091,COMPLETE_QG_QP_GLOBAL_OFFSPRING_BATCH
A4-20k-100_2_4_1-ON-v1,27684CE3CC3849711712536BE645E2039C413615C19A1C463F5330C6FD43F405,7baaca4ebca147f46d380677fd3ae6583cc238f741220325646b44d42c0bffd9,10B57D8C0C8EC590DD9AE0CE3EB265FC0E50C7FA52196EFE2FF7FB085060B8D3,20260901,A4,ON,20000,20000,0,3,3,47,decisionArchiveFront,NONE,d83e78061c82ac70eb95ea90f416673f9c05d1069a45aa21d284ab8c4abda093,707.70747555731,49061.28856488991,75464.7726464283,COMPLETE_QG_QP_GLOBAL_OFFSPRING_BATCH
A4-20k-100_2_4_1-ON-v1,27684CE3CC3849711712536BE645E2039C413615C19A1C463F5330C6FD43F405,7baaca4ebca147f46d380677fd3ae6583cc238f741220325646b44d42c0bffd9,10B57D8C0C8EC590DD9AE0CE3EB265FC0E50C7FA52196EFE2FF7FB085060B8D3,20260901,A4,ON,20000,20000,0,3,3,47,decisionArchiveFront,NONE,5ce0b4c9a72a4a4b7cd2ec52dc7e25bc572514c05f1b7e96d9edd4e787f6ad24,716.3856151843927,47123.42531978419,78783.22644704246,COMPLETE_QG_QP_GLOBAL_OFFSPRING_BATCH
A4-20k-100_2_4_1-ON-v1,27684CE3CC3849711712536BE645E2039C413615C19A1C463F5330C6FD43F405,7baaca4ebca147f46d380677fd3ae6583cc238f741220325646b44d42c0bffd9,10B57D8C0C8EC590DD9AE0CE3EB265FC0E50C7FA52196EFE2FF7FB085060B8D3,20260901,A4,ON,20000,20000,0,3,3,47,decisionArchiveFront,NONE,af2589731a71d6ae4105686981686ba6339255645d7a5813eb7c19093cae4ea5,723.0287035614613,47077.97981061641,78268.00330102158,COMPLETE_QG_QP_GLOBAL_OFFSPRING_BATCH
A4-20k-100_2_4_1-ON-v1,27684CE3CC3849711712536BE645E2039C413615C19A1C463F5330C6FD43F405,7baaca4ebca147f46d380677fd3ae6583cc238f741220325646b44d42c0bffd9,10B57D8C0C8EC590DD9AE0CE3EB265FC0E50C7FA52196EFE2FF7FB085060B8D3,20260901,A4,ON,20000,20000,0,3,3,47,decisionArchiveFront,NONE,3a5d3290b7f601ec60276fe91d569bf6d5d42edbfe90b1f44e95242d58a7cd7f,725.9931823331293,47648.604466275894,76177.2197285252,COMPLETE_QG_QP_GLOBAL_OFFSPRING_BATCH
A4-20k-100_2_4_1-ON-v1,27684CE3CC3849711712536BE645E2039C413615C19A1C463F5330C6FD43F405,7baaca4ebca147f46d380677fd3ae6583cc238f741220325646b44d42c0bffd9,10B57D8C0C8EC590DD9AE0CE3EB265FC0E50C7FA52196EFE2FF7FB085060B8D3,20260901,A4,ON,20000,20000,0,3,3,47,observedFullFront,NONE,a00bf4f2c5d3cfe3d4d4268a982eda1628cb280beffbee3fb6f3dd72d7dd7ad6,622.431864312122,50665.5876513047,88765.01197898084,COMPLETE_QG_QP_GLOBAL_OFFSPRING_BATCH
A4-20k-100_2_4_1-ON-v1,27684CE3CC3849711712536BE645E2039C413615C19A1C463F5330C6FD43F405,7baaca4ebca147f46d380677fd3ae6583cc238f741220325646b44d42c0bffd9,10B57D8C0C8EC590DD9AE0CE3EB265FC0E50C7FA52196EFE2FF7FB085060B8D3,20260901,A4,ON,20000,20000,0,3,3,47,observedFullFront,NONE,5be1900be4d74e30bb8ce3b3ef2c94affa50c1876702725f467ba56776cdaaf1,622.4318749377045,50642.618674075704,88431.9318474699,COMPLETE_QG_QP_GLOBAL_OFFSPRING_BATCH
A4-20k-100_2_4_1-ON-v1,27684CE3CC3849711712536BE645E2039C413615C19A1C463F5330C6FD43F405,7baaca4ebca147f46d380677fd3ae6583cc238f741220325646b44d42c0bffd9,10B57D8C0C8EC590DD9AE0CE3EB265FC0E50C7FA52196EFE2FF7FB085060B8D3,20260901,A4,ON,20000,20000,0,3,3,47,observedFullFront,NONE,24a7905ff5f69e6dd7e328ad64b234cbe2f75bff8d423ed2ac1389fc998e3a63,622.433737072656,50613.59871059923,88226.59544065721,COMPLETE_QG_QP_GLOBAL_OFFSPRING_BATCH
A4-20k-100_2_4_1-ON-v1,27684CE3CC3849711712536BE645E2039C413615C19A1C463F5330C6FD43F405,7baaca4ebca147f46d380677fd3ae6583cc238f741220325646b44d42c0bffd9,10B57D8C0C8EC590DD9AE0CE3EB265FC0E50C7FA52196EFE2FF7FB085060B8D3,20260901,A4,ON,20000,20000,0,3,3,47,observedFullFront,NONE,3e092a7ff25ba356f266036e6b5ff2fcd6ae7daa0fe2874718bd24c0fdc834ac,622.5414970133597,51377.01876550208,87536.14239064205,COMPLETE_QG_QP_GLOBAL_OFFSPRING_BATCH
A4-20k-100_2_4_1-ON-v1,27684CE3CC3849711712536BE645E2039C413615C19A1C463F5330C6FD43F405,7baaca4ebca147f46d380677fd3ae6583cc238f741220325646b44d42c0bffd9,10B57D8C0C8EC590DD9AE0CE3EB265FC0E50C7FA52196EFE2FF7FB085060B8D3,20260901,A4,ON,20000,20000,0,3,3,47,observedFullFront,NONE,2ead62189be2fcef77187b331ec8a70739081c3169458d860951761f8dba6ab3,622.6742196201753,51373.12709787014,87577.14235843938,COMPLETE_QG_QP_GLOBAL_OFFSPRING_BATCH
A4-20k-100_2_4_1-ON-v1,27684CE3CC3849711712536BE645E2039C413615C19A1C463F5330C6FD43F405,7baaca4ebca147f46d380677fd3ae6583cc238f741220325646b44d42c0bffd9,10B57D8C0C8EC590DD9AE0CE3EB265FC0E50C7FA52196EFE2FF7FB085060B8D3,20260901,A4,ON,20000,20000,0,3,3,47,observedFullFront,NONE,5fd41d6fb0ad606ccb9abcb8f714396de0b19afb135cb7cdd403cbf2ab694fee,623.0582303874152,51131.944803163045,86339.50534555223,COMPLETE_QG_QP_GLOBAL_OFFSPRING_BATCH
A4-20k-100_2_4_1-ON-v1,27684CE3CC3849711712536BE645E2039C413615C19A1C463F5330C6FD43F405,7baaca4ebca147f46d380677fd3ae6583cc238f741220325646b44d42c0bffd9,10B57D8C0C8EC590DD9AE0CE3EB265FC0E50C7FA52196EFE2FF7FB085060B8D3,20260901,A4,ON,20000,20000,0,3,3,47,observedFullFront,NONE,776428f80b9f96e6b8f19c3b361adae55d8a1e21e9c618b6bcd08430018da19a,623.0582305623391,51131.561874688705,86338.73948737909,COMPLETE_QG_QP_GLOBAL_OFFSPRING_BATCH
A4-20k-100_2_4_1-ON-v1,27684CE3CC3849711712536BE645E2039C413615C19A1C463F5330C6FD43F405,7baaca4ebca147f46d380677fd3ae6583cc238f741220325646b44d42c0bffd9,10B57D8C0C8EC590DD9AE0CE3EB265FC0E50C7FA52196EFE2FF7FB085060B8D3,20260901,A4,ON,20000,20000,0,3,3,47,observedFullFront,NONE,8c458cad31fd491331b44da35b43e719d6054d91f40f1d74caf794796a25ceb1,623.0582383319534,51025.124728959614,86143.95173067966,COMPLETE_QG_QP_GLOBAL_OFFSPRING_BATCH
A4-20k-100_2_4_1-ON-v1,27684CE3CC3849711712536BE645E2039C413615C19A1C463F5330C6FD43F405,7baaca4ebca147f46d380677fd3ae6583cc238f741220325646b44d42c0bffd9,10B57D8C0C8EC590DD9AE0CE3EB265FC0E50C7FA52196EFE2FF7FB085060B8D3,20260901,A4,ON,20000,20000,0,3,3,47,observedFullFront,NONE,e3c750c2867480600f2bdaf503cd4084c05f8fd7fe7b019fd3e323397256794e,623.0582870356693,51025.047578270074,86143.8231709472,COMPLETE_QG_QP_GLOBAL_OFFSPRING_BATCH
A4-20k-100_2_4_1-ON-v1,27684CE3CC3849711712536BE645E2039C413615C19A1C463F5330C6FD43F405,7baaca4ebca147f46d380677fd3ae6583cc238f741220325646b44d42c0bffd9,10B57D8C0C8EC590DD9AE0CE3EB265FC0E50C7FA52196EFE2FF7FB085060B8D3,20260901,A4,ON,20000,20000,0,3,3,47,observedFullFront,NONE,f3457e3ea6c436bc2948cf7f620e2905caef98e5f1c444c099700ef0071528d2,623.0583230273246,51025.00182885326,86143.7469107589,COMPLETE_QG_QP_GLOBAL_OFFSPRING_BATCH
A4-20k-100_2_4_1-ON-v1,27684CE3CC3849711712536BE645E2039C413615C19A1C463F5330C6FD43F405,7baaca4ebca147f46d380677fd3ae6583cc238f741220325646b44d42c0bffd9,10B57D8C0C8EC590DD9AE0CE3EB265FC0E50C7FA52196EFE2FF7FB085060B8D3,20260901,A4,ON,20000,20000,0,3,3,47,observedFullFront,NONE,3d80d89444f70bfa51755a95615817c641fa43ac59b87ed002c414c03f3568ee,623.0583660695752,50970.16511497832,86048.90582765231,COMPLETE_QG_QP_GLOBAL_OFFSPRING_BATCH
A4-20k-100_2_4_1-ON-v1,27684CE3CC3849711712536BE645E2039C413615C19A1C463F5330C6FD43F405,7baaca4ebca147f46d380677fd3ae6583cc238f741220325646b44d42c0bffd9,10B57D8C0C8EC590DD9AE0CE3EB265FC0E50C7FA52196EFE2FF7FB085060B8D3,20260901,A4,ON,20000,20000,0,3,3,47,observedFullFront,NONE,b6e27610fd191ccd9f7affba28f8c4805bfece6f856a796ecb69776aa9d236f0,623.5155291579885,49766.9397347496,86523.91917929114,COMPLETE_QG_QP_GLOBAL_OFFSPRING_BATCH
A4-20k-100_2_4_1-ON-v1,27684CE3CC3849711712536BE645E2039C413615C19A1C463F5330C6FD43F405,7baaca4ebca147f46d380677fd3ae6583cc238f741220325646b44d42c0bffd9,10B57D8C0C8EC590DD9AE0CE3EB265FC0E50C7FA52196EFE2FF7FB085060B8D3,20260901,A4,ON,20000,20000,0,3,3,47,observedFullFront,NONE,3e778109cf77440a5854f5b79de2724813108a9bb4fe1cb217a7d882abef704a,623.5155369683705,49738.70525200613,86287.15140559216,COMPLETE_QG_QP_GLOBAL_OFFSPRING_BATCH
A4-20k-100_2_4_1-ON-v1,27684CE3CC3849711712536BE645E2039C413615C19A1C463F5330C6FD43F405,7baaca4ebca147f46d380677fd3ae6583cc238f741220325646b44d42c0bffd9,10B57D8C0C8EC590DD9AE0CE3EB265FC0E50C7FA52196EFE2FF7FB085060B8D3,20260901,A4,ON,20000,20000,0,3,3,47,observedFullFront,NONE,cf085801bca9d9fdc51ce4601c9a7838261f89dff62669b2ebb9a356c6bf96fb,624.8170159597564,50730.37937524774,86180.70394857675,COMPLETE_QG_QP_GLOBAL_OFFSPRING_BATCH
A4-20k-100_2_4_1-ON-v1,27684CE3CC3849711712536BE645E2039C413615C19A1C463F5330C6FD43F405,7baaca4ebca147f46d380677fd3ae6583cc238f741220325646b44d42c0bffd9,10B57D8C0C8EC590DD9AE0CE3EB265FC0E50C7FA52196EFE2FF7FB085060B8D3,20260901,A4,ON,20000,20000,0,3,3,47,observedFullFront,NONE,1066c0cd4b5f1d9bfd815214a8ce254ff4bb8150374ed8ed968b16301381b4b3,625.0124570576704,48456.211834132184,78377.78168868748,COMPLETE_QG_QP_GLOBAL_OFFSPRING_BATCH
A4-20k-100_2_4_1-ON-v1,27684CE3CC3849711712536BE645E2039C413615C19A1C463F5330C6FD43F405,7baaca4ebca147f46d380677fd3ae6583cc238f741220325646b44d42c0bffd9,10B57D8C0C8EC590DD9AE0CE3EB265FC0E50C7FA52196EFE2FF7FB085060B8D3,20260901,A4,ON,20000,20000,0,3,3,47,observedFullFront,NONE,72eada89c4164b936d4cd6fe3ec5e750c100f8ece713372fdcf64ff87067aaee,626.8850835503131,50090.85588751301,77892.87424877925,COMPLETE_QG_QP_GLOBAL_OFFSPRING_BATCH
A4-20k-100_2_4_1-ON-v1,27684CE3CC3849711712536BE645E2039C413615C19A1C463F5330C6FD43F405,7baaca4ebca147f46d380677fd3ae6583cc238f741220325646b44d42c0bffd9,10B57D8C0C8EC590DD9AE0CE3EB265FC0E50C7FA52196EFE2FF7FB085060B8D3,20260901,A4,ON,20000,20000,0,3,3,47,observedFullFront,NONE,5a9f64314800aea53ee006aa34b3baab4a3857e78adc9b2edb6913da55b58a0c,628.4602777951816,48761.06676736254,77558.13864466947,COMPLETE_QG_QP_GLOBAL_OFFSPRING_BATCH
A4-20k-100_2_4_1-ON-v1,27684CE3CC3849711712536BE645E2039C413615C19A1C463F5330C6FD43F405,7baaca4ebca147f46d380677fd3ae6583cc238f741220325646b44d42c0bffd9,10B57D8C0C8EC590DD9AE0CE3EB265FC0E50C7FA52196EFE2FF7FB085060B8D3,20260901,A4,ON,20000,20000,0,3,3,47,observedFullFront,NONE,0aeb68b22f67c27de14820b6275ed419f5b275e88989dd3239ffb6fa75883f1b,632.0433856793017,48430.609471439,77647.29756411062,COMPLETE_QG_QP_GLOBAL_OFFSPRING_BATCH
A4-20k-100_2_4_1-ON-v1,27684CE3CC3849711712536BE645E2039C413615C19A1C463F5330C6FD43F405,7baaca4ebca147f46d380677fd3ae6583cc238f741220325646b44d42c0bffd9,10B57D8C0C8EC590DD9AE0CE3EB265FC0E50C7FA52196EFE2FF7FB085060B8D3,20260901,A4,ON,20000,20000,0,3,3,47,observedFullFront,NONE,c35d083a7ccce7ed3f6336e87687c55a54e50beedb8865371e7e02045f0d2ba9,634.0434340682095,48638.25491433511,76574.41751966186,COMPLETE_QG_QP_GLOBAL_OFFSPRING_BATCH
A4-20k-100_2_4_1-ON-v1,27684CE3CC3849711712536BE645E2039C413615C19A1C463F5330C6FD43F405,7baaca4ebca147f46d380677fd3ae6583cc238f741220325646b44d42c0bffd9,10B57D8C0C8EC590DD9AE0CE3EB265FC0E50C7FA52196EFE2FF7FB085060B8D3,20260901,A4,ON,20000,20000,0,3,3,47,observedFullFront,NONE,08a88de6d45ffaaa28ecd0a859064bb8ced360014917068936d303e78053a747,637.3389922550601,48610.20748792392,77198.86414081856,COMPLETE_QG_QP_GLOBAL_OFFSPRING_BATCH
A4-20k-100_2_4_1-ON-v1,27684CE3CC3849711712536BE645E2039C413615C19A1C463F5330C6FD43F405,7baaca4ebca147f46d380677fd3ae6583cc238f741220325646b44d42c0bffd9,10B57D8C0C8EC590DD9AE0CE3EB265FC0E50C7FA52196EFE2FF7FB085060B8D3,20260901,A4,ON,20000,20000,0,3,3,47,observedFullFront,NONE,0088c8d25a0f983b2804ce6cc1f04b73b6aadcd41f595d796a73c79ebd3c6b3a,642.490652511199,48413.69673847839,77293.22535058759,COMPLETE_QG_QP_GLOBAL_OFFSPRING_BATCH
A4-20k-100_2_4_1-ON-v1,27684CE3CC3849711712536BE645E2039C413615C19A1C463F5330C6FD43F405,7baaca4ebca147f46d380677fd3ae6583cc238f741220325646b44d42c0bffd9,10B57D8C0C8EC590DD9AE0CE3EB265FC0E50C7FA52196EFE2FF7FB085060B8D3,20260901,A4,ON,20000,20000,0,3,3,47,observedFullFront,NONE,c7e4a06247354fecd407e77a25da2bb506ef880c309a9ef662cfbc88cf7d9e45,643.3956378309622,48339.413024266396,79993.15009747176,COMPLETE_QG_QP_GLOBAL_OFFSPRING_BATCH
A4-20k-100_2_4_1-ON-v1,27684CE3CC3849711712536BE645E2039C413615C19A1C463F5330C6FD43F405,7baaca4ebca147f46d380677fd3ae6583cc238f741220325646b44d42c0bffd9,10B57D8C0C8EC590DD9AE0CE3EB265FC0E50C7FA52196EFE2FF7FB085060B8D3,20260901,A4,ON,20000,20000,0,3,3,47,observedFullFront,NONE,58346b468aec067c1859123f1834ffcb1a7f23b915bb8747f75af8bf784dc631,644.7679363437447,49035.60681438472,76340.20995003838,COMPLETE_QG_QP_GLOBAL_OFFSPRING_BATCH
A4-20k-100_2_4_1-ON-v1,27684CE3CC3849711712536BE645E2039C413615C19A1C463F5330C6FD43F405,7baaca4ebca147f46d380677fd3ae6583cc238f741220325646b44d42c0bffd9,10B57D8C0C8EC590DD9AE0CE3EB265FC0E50C7FA52196EFE2FF7FB085060B8D3,20260901,A4,ON,20000,20000,0,3,3,47,observedFullFront,NONE,535ce8bc4556c17b67c375949a0caec71dcf258db1783f461f98d3f848587568,644.8806056278198,48175.0595258246,78902.59475368746,COMPLETE_QG_QP_GLOBAL_OFFSPRING_BATCH
A4-20k-100_2_4_1-ON-v1,27684CE3CC3849711712536BE645E2039C413615C19A1C463F5330C6FD43F405,7baaca4ebca147f46d380677fd3ae6583cc238f741220325646b44d42c0bffd9,10B57D8C0C8EC590DD9AE0CE3EB265FC0E50C7FA52196EFE2FF7FB085060B8D3,20260901,A4,ON,20000,20000,0,3,3,47,observedFullFront,NONE,97b5a4beabb424c5157e989cdbcb762cafeb0b643509ae3c5691b30426650947,648.6146464471301,48190.190334477906,76945.05329126654,COMPLETE_QG_QP_GLOBAL_OFFSPRING_BATCH
A4-20k-100_2_4_1-ON-v1,27684CE3CC3849711712536BE645E2039C413615C19A1C463F5330C6FD43F405,7baaca4ebca147f46d380677fd3ae6583cc238f741220325646b44d42c0bffd9,10B57D8C0C8EC590DD9AE0CE3EB265FC0E50C7FA52196EFE2FF7FB085060B8D3,20260901,A4,ON,20000,20000,0,3,3,47,observedFullFront,NONE,f8dd319c9a626a5d90d58758bd647c25a963f7dc1c624345ab54c98032fc13a0,649.6948609661364,48033.53235536259,77052.70304060921,COMPLETE_QG_QP_GLOBAL_OFFSPRING_BATCH
A4-20k-100_2_4_1-ON-v1,27684CE3CC3849711712536BE645E2039C413615C19A1C463F5330C6FD43F405,7baaca4ebca147f46d380677fd3ae6583cc238f741220325646b44d42c0bffd9,10B57D8C0C8EC590DD9AE0CE3EB265FC0E50C7FA52196EFE2FF7FB085060B8D3,20260901,A4,ON,20000,20000,0,3,3,47,observedFullFront,NONE,a325507059de6fe6d7ef9e18e58ee1ee2599f0a992b3acebff3ff8091fe64ca1,649.6948609661364,48118.20936984035,76923.8151890232,COMPLETE_QG_QP_GLOBAL_OFFSPRING_BATCH
A4-20k-100_2_4_1-ON-v1,27684CE3CC3849711712536BE645E2039C413615C19A1C463F5330C6FD43F405,7baaca4ebca147f46d380677fd3ae6583cc238f741220325646b44d42c0bffd9,10B57D8C0C8EC590DD9AE0CE3EB265FC0E50C7FA52196EFE2FF7FB085060B8D3,20260901,A4,ON,20000,20000,0,3,3,47,observedFullFront,NONE,ac0295c01b5c8ef34856bc227231ab4c9c83cc099e2d0e12f7281300812357d7,650.4623545187101,48014.17267868964,77749.61926210663,COMPLETE_QG_QP_GLOBAL_OFFSPRING_BATCH
A4-20k-100_2_4_1-ON-v1,27684CE3CC3849711712536BE645E2039C413615C19A1C463F5330C6FD43F405,7baaca4ebca147f46d380677fd3ae6583cc238f741220325646b44d42c0bffd9,10B57D8C0C8EC590DD9AE0CE3EB265FC0E50C7FA52196EFE2FF7FB085060B8D3,20260901,A4,ON,20000,20000,0,3,3,47,observedFullFront,NONE,8fe652a8bf8fd8e08fe5ad80f79096607696bba55da47163315cfa75cfdb5801,650.8769208291919,48515.79510124463,76884.6141636081,COMPLETE_QG_QP_GLOBAL_OFFSPRING_BATCH
A4-20k-100_2_4_1-ON-v1,27684CE3CC3849711712536BE645E2039C413615C19A1C463F5330C6FD43F405,7baaca4ebca147f46d380677fd3ae6583cc238f741220325646b44d42c0bffd9,10B57D8C0C8EC590DD9AE0CE3EB265FC0E50C7FA52196EFE2FF7FB085060B8D3,20260901,A4,ON,20000,20000,0,3,3,47,observedFullFront,NONE,0fe28aad31211a112604d0d58c63eff0c33660b4b719799f424af15346e3f29c,653.6928825838378,48300.65214638639,75901.20368022252,COMPLETE_QG_QP_GLOBAL_OFFSPRING_BATCH
A4-20k-100_2_4_1-ON-v1,27684CE3CC3849711712536BE645E2039C413615C19A1C463F5330C6FD43F405,7baaca4ebca147f46d380677fd3ae6583cc238f741220325646b44d42c0bffd9,10B57D8C0C8EC590DD9AE0CE3EB265FC0E50C7FA52196EFE2FF7FB085060B8D3,20260901,A4,ON,20000,20000,0,3,3,47,observedFullFront,NONE,c586d870bcf696de4ab89158bace7d2a24a7c943912683769f6ecae35b272978,654.6173720276634,47875.8455145427,78050.7460629621,COMPLETE_QG_QP_GLOBAL_OFFSPRING_BATCH
A4-20k-100_2_4_1-ON-v1,27684CE3CC3849711712536BE645E2039C413615C19A1C463F5330C6FD43F405,7baaca4ebca147f46d380677fd3ae6583cc238f741220325646b44d42c0bffd9,10B57D8C0C8EC590DD9AE0CE3EB265FC0E50C7FA52196EFE2FF7FB085060B8D3,20260901,A4,ON,20000,20000,0,3,3,47,observedFullFront,NONE,ca9d01b7ba11c1c74ab0c4a42047fcd59fc3e047b2587d4467739ba95e9cd15b,654.6389040552913,48879.636528955736,75823.3871771668,COMPLETE_QG_QP_GLOBAL_OFFSPRING_BATCH
A4-20k-100_2_4_1-ON-v1,27684CE3CC3849711712536BE645E2039C413615C19A1C463F5330C6FD43F405,7baaca4ebca147f46d380677fd3ae6583cc238f741220325646b44d42c0bffd9,10B57D8C0C8EC590DD9AE0CE3EB265FC0E50C7FA52196EFE2FF7FB085060B8D3,20260901,A4,ON,20000,20000,0,3,3,47,observedFullFront,NONE,6f3526114f59de41222b08c81dc7b5c45cc60eedf55c9d320986669c871b4e2b,658.9338883821354,48016.26102270517,77627.71150589481,COMPLETE_QG_QP_GLOBAL_OFFSPRING_BATCH
A4-20k-100_2_4_1-ON-v1,27684CE3CC3849711712536BE645E2039C413615C19A1C463F5330C6FD43F405,7baaca4ebca147f46d380677fd3ae6583cc238f741220325646b44d42c0bffd9,10B57D8C0C8EC590DD9AE0CE3EB265FC0E50C7FA52196EFE2FF7FB085060B8D3,20260901,A4,ON,20000,20000,0,3,3,47,observedFullFront,NONE,d41c998a375211b3edcaeab177d45e7fd22a26e4faa587b483e6d4b7f9a542ff,660.7573943550778,48067.82420890055,75540.29744487944,COMPLETE_QG_QP_GLOBAL_OFFSPRING_BATCH
A4-20k-100_2_4_1-ON-v1,27684CE3CC3849711712536BE645E2039C413615C19A1C463F5330C6FD43F405,7baaca4ebca147f46d380677fd3ae6583cc238f741220325646b44d42c0bffd9,10B57D8C0C8EC590DD9AE0CE3EB265FC0E50C7FA52196EFE2FF7FB085060B8D3,20260901,A4,ON,20000,20000,0,3,3,47,observedFullFront,NONE,ff32990e59b85639496604cbf86ca53c4f976ffb96de37bc980575cc19a1eac7,663.1077432885432,47841.3321448269,75702.19010963416,COMPLETE_QG_QP_GLOBAL_OFFSPRING_BATCH
A4-20k-100_2_4_1-ON-v1,27684CE3CC3849711712536BE645E2039C413615C19A1C463F5330C6FD43F405,7baaca4ebca147f46d380677fd3ae6583cc238f741220325646b44d42c0bffd9,10B57D8C0C8EC590DD9AE0CE3EB265FC0E50C7FA52196EFE2FF7FB085060B8D3,20260901,A4,ON,20000,20000,0,3,3,47,observedFullFront,NONE,8b2abe2d2e3d8c685362c94174fbf43dbc1543b6eb23b49ec22229ec48fc168a,664.7064574583458,47608.63119836718,81249.00690946635,COMPLETE_QG_QP_GLOBAL_OFFSPRING_BATCH
A4-20k-100_2_4_1-ON-v1,27684CE3CC3849711712536BE645E2039C413615C19A1C463F5330C6FD43F405,7baaca4ebca147f46d380677fd3ae6583cc238f741220325646b44d42c0bffd9,10B57D8C0C8EC590DD9AE0CE3EB265FC0E50C7FA52196EFE2FF7FB085060B8D3,20260901,A4,ON,20000,20000,0,3,3,47,observedFullFront,NONE,ed3f1ec29c8be882f6a5c1bea8cf5bbb551252922c1cf35aaa10607301f8009b,667.2206414263512,47806.003693829465,76602.63550729616,COMPLETE_QG_QP_GLOBAL_OFFSPRING_BATCH
A4-20k-100_2_4_1-ON-v1,27684CE3CC3849711712536BE645E2039C413615C19A1C463F5330C6FD43F405,7baaca4ebca147f46d380677fd3ae6583cc238f741220325646b44d42c0bffd9,10B57D8C0C8EC590DD9AE0CE3EB265FC0E50C7FA52196EFE2FF7FB085060B8D3,20260901,A4,ON,20000,20000,0,3,3,47,observedFullFront,NONE,9c651aeea910391b78a09238268f958a0dba37e91ab84ed3e3f3597763b94ed1,667.3738870961946,47739.99061965526,78492.28040199737,COMPLETE_QG_QP_GLOBAL_OFFSPRING_BATCH
A4-20k-100_2_4_1-ON-v1,27684CE3CC3849711712536BE645E2039C413615C19A1C463F5330C6FD43F405,7baaca4ebca147f46d380677fd3ae6583cc238f741220325646b44d42c0bffd9,10B57D8C0C8EC590DD9AE0CE3EB265FC0E50C7FA52196EFE2FF7FB085060B8D3,20260901,A4,ON,20000,20000,0,3,3,47,observedFullFront,NONE,e6c2706ba44d580f7bd81533b761cda4423ea3bdc135fa5a17055cc9601a44a5,672.1425276164512,47608.344985736665,81344.79669450698,COMPLETE_QG_QP_GLOBAL_OFFSPRING_BATCH
A4-20k-100_2_4_1-ON-v1,27684CE3CC3849711712536BE645E2039C413615C19A1C463F5330C6FD43F405,7baaca4ebca147f46d380677fd3ae6583cc238f741220325646b44d42c0bffd9,10B57D8C0C8EC590DD9AE0CE3EB265FC0E50C7FA52196EFE2FF7FB085060B8D3,20260901,A4,ON,20000,20000,0,3,3,47,observedFullFront,NONE,e550623be4c621dda13dba4eda2a8eb40c3296abba3e31e793555e9f7b3ced16,672.8368767819109,47626.392373613315,81246.56303127039,COMPLETE_QG_QP_GLOBAL_OFFSPRING_BATCH
A4-20k-100_2_4_1-ON-v1,27684CE3CC3849711712536BE645E2039C413615C19A1C463F5330C6FD43F405,7baaca4ebca147f46d380677fd3ae6583cc238f741220325646b44d42c0bffd9,10B57D8C0C8EC590DD9AE0CE3EB265FC0E50C7FA52196EFE2FF7FB085060B8D3,20260901,A4,ON,20000,20000,0,3,3,47,observedFullFront,NONE,c2b2394ff756d6d4c96671f90a0e8028052ce1ebdae430a0cbec1cd028444381,675.8320012509007,49230.09532495666,74219.54016263796,COMPLETE_QG_QP_GLOBAL_OFFSPRING_BATCH
A4-20k-100_2_4_1-ON-v1,27684CE3CC3849711712536BE645E2039C413615C19A1C463F5330C6FD43F405,7baaca4ebca147f46d380677fd3ae6583cc238f741220325646b44d42c0bffd9,10B57D8C0C8EC590DD9AE0CE3EB265FC0E50C7FA52196EFE2FF7FB085060B8D3,20260901,A4,ON,20000,20000,0,3,3,47,observedFullFront,NONE,4ad9eb6beb0c7dc74327f4d89d49b851d9d3a1ee2c286cefe4c2d4d9838e5078,676.2638404039704,47683.47427268803,80167.7891493859,COMPLETE_QG_QP_GLOBAL_OFFSPRING_BATCH
A4-20k-100_2_4_1-ON-v1,27684CE3CC3849711712536BE645E2039C413615C19A1C463F5330C6FD43F405,7baaca4ebca147f46d380677fd3ae6583cc238f741220325646b44d42c0bffd9,10B57D8C0C8EC590DD9AE0CE3EB265FC0E50C7FA52196EFE2FF7FB085060B8D3,20260901,A4,ON,20000,20000,0,3,3,47,observedFullFront,NONE,d3a7aa992c37c72bc427a2cc42a300fb33c5852d16329a56e22bd90f795b33a8,677.1298670505888,47538.56597198067,80594.87090719608,COMPLETE_QG_QP_GLOBAL_OFFSPRING_BATCH
A4-20k-100_2_4_1-ON-v1,27684CE3CC3849711712536BE645E2039C413615C19A1C463F5330C6FD43F405,7baaca4ebca147f46d380677fd3ae6583cc238f741220325646b44d42c0bffd9,10B57D8C0C8EC590DD9AE0CE3EB265FC0E50C7FA52196EFE2FF7FB085060B8D3,20260901,A4,ON,20000,20000,0,3,3,47,observedFullFront,NONE,079554ecec8088a85f2159ae11609342863e8b145fab37e963a50b39f8c74c42,677.1705784156696,47660.97675190543,79518.80237687845,COMPLETE_QG_QP_GLOBAL_OFFSPRING_BATCH
A4-20k-100_2_4_1-ON-v1,27684CE3CC3849711712536BE645E2039C413615C19A1C463F5330C6FD43F405,7baaca4ebca147f46d380677fd3ae6583cc238f741220325646b44d42c0bffd9,10B57D8C0C8EC590DD9AE0CE3EB265FC0E50C7FA52196EFE2FF7FB085060B8D3,20260901,A4,ON,20000,20000,0,3,3,47,observedFullFront,NONE,e3760e972b508d3a9ca335be36923fb52b285e826f243d0eb71b89859296c86d,678.7407037484844,47350.100080844546,78584.18533249402,COMPLETE_QG_QP_GLOBAL_OFFSPRING_BATCH
A4-20k-100_2_4_1-ON-v1,27684CE3CC3849711712536BE645E2039C413615C19A1C463F5330C6FD43F405,7baaca4ebca147f46d380677fd3ae6583cc238f741220325646b44d42c0bffd9,10B57D8C0C8EC590DD9AE0CE3EB265FC0E50C7FA52196EFE2FF7FB085060B8D3,20260901,A4,ON,20000,20000,0,3,3,47,observedFullFront,NONE,d271a3334ef212d40a6513346f2947e2fac8d9cfe7eaf7ea29b5182f6090b70e,679.483567605745,47837.4292054787,76560.6757137362,COMPLETE_QG_QP_GLOBAL_OFFSPRING_BATCH
A4-20k-100_2_4_1-ON-v1,27684CE3CC3849711712536BE645E2039C413615C19A1C463F5330C6FD43F405,7baaca4ebca147f46d380677fd3ae6583cc238f741220325646b44d42c0bffd9,10B57D8C0C8EC590DD9AE0CE3EB265FC0E50C7FA52196EFE2FF7FB085060B8D3,20260901,A4,ON,20000,20000,0,3,3,47,observedFullFront,NONE,865f0b3f2b0986b8685710ade4db5a23fae085d1030fe87192840d6e5c3d2615,680.0690669298809,47328.77710819071,79598.65577771832,COMPLETE_QG_QP_GLOBAL_OFFSPRING_BATCH
A4-20k-100_2_4_1-ON-v1,27684CE3CC3849711712536BE645E2039C413615C19A1C463F5330C6FD43F405,7baaca4ebca147f46d380677fd3ae6583cc238f741220325646b44d42c0bffd9,10B57D8C0C8EC590DD9AE0CE3EB265FC0E50C7FA52196EFE2FF7FB085060B8D3,20260901,A4,ON,20000,20000,0,3,3,47,observedFullFront,NONE,19679f7014af39bed658aa24efaca14db618166f7ea5382ff32aa38550e32e7c,680.2584298341634,47795.02499312819,76816.97249727658,COMPLETE_QG_QP_GLOBAL_OFFSPRING_BATCH
A4-20k-100_2_4_1-ON-v1,27684CE3CC3849711712536BE645E2039C413615C19A1C463F5330C6FD43F405,7baaca4ebca147f46d380677fd3ae6583cc238f741220325646b44d42c0bffd9,10B57D8C0C8EC590DD9AE0CE3EB265FC0E50C7FA52196EFE2FF7FB085060B8D3,20260901,A4,ON,20000,20000,0,3,3,47,observedFullFront,NONE,c9801c470ebf53568afc5a98ee684f9fe644e548f7490e1fff9b2f202e4afc12,681.6828773881601,47580.316541681364,77423.59526267216,COMPLETE_QG_QP_GLOBAL_OFFSPRING_BATCH
A4-20k-100_2_4_1-ON-v1,27684CE3CC3849711712536BE645E2039C413615C19A1C463F5330C6FD43F405,7baaca4ebca147f46d380677fd3ae6583cc238f741220325646b44d42c0bffd9,10B57D8C0C8EC590DD9AE0CE3EB265FC0E50C7FA52196EFE2FF7FB085060B8D3,20260901,A4,ON,20000,20000,0,3,3,47,observedFullFront,NONE,55153a1e0bccee7af8bee28f33f4a69f232db32c544502fd44658f622e345d64,681.7061485577335,47633.16752096609,76940.47771422434,COMPLETE_QG_QP_GLOBAL_OFFSPRING_BATCH
A4-20k-100_2_4_1-ON-v1,27684CE3CC3849711712536BE645E2039C413615C19A1C463F5330C6FD43F405,7baaca4ebca147f46d380677fd3ae6583cc238f741220325646b44d42c0bffd9,10B57D8C0C8EC590DD9AE0CE3EB265FC0E50C7FA52196EFE2FF7FB085060B8D3,20260901,A4,ON,20000,20000,0,3,3,47,observedFullFront,NONE,dc916812b3dfeaf2218eee2170274c6cc6da00d0854669a51b4846a400c0522f,683.2236934411017,47435.607814260016,78261.18727791609,COMPLETE_QG_QP_GLOBAL_OFFSPRING_BATCH
A4-20k-100_2_4_1-ON-v1,27684CE3CC3849711712536BE645E2039C413615C19A1C463F5330C6FD43F405,7baaca4ebca147f46d380677fd3ae6583cc238f741220325646b44d42c0bffd9,10B57D8C0C8EC590DD9AE0CE3EB265FC0E50C7FA52196EFE2FF7FB085060B8D3,20260901,A4,ON,20000,20000,0,3,3,47,observedFullFront,NONE,59a7fa1098cdffa916732938d198950401da00d5625977daff6a6a1ec673721e,683.9037508274095,47308.148037050334,80393.24377680286,COMPLETE_QG_QP_GLOBAL_OFFSPRING_BATCH
A4-20k-100_2_4_1-ON-v1,27684CE3CC3849711712536BE645E2039C413615C19A1C463F5330C6FD43F405,7baaca4ebca147f46d380677fd3ae6583cc238f741220325646b44d42c0bffd9,10B57D8C0C8EC590DD9AE0CE3EB265FC0E50C7FA52196EFE2FF7FB085060B8D3,20260901,A4,ON,20000,20000,0,3,3,47,observedFullFront,NONE,fe71ff29364804fe23075a1e2f6794a2309df3b3a3eaba95b6fb958323b5f830,685.7266152895942,47571.21801057049,77756.15972110402,COMPLETE_QG_QP_GLOBAL_OFFSPRING_BATCH
A4-20k-100_2_4_1-ON-v1,27684CE3CC3849711712536BE645E2039C413615C19A1C463F5330C6FD43F405,7baaca4ebca147f46d380677fd3ae6583cc238f741220325646b44d42c0bffd9,10B57D8C0C8EC590DD9AE0CE3EB265FC0E50C7FA52196EFE2FF7FB085060B8D3,20260901,A4,ON,20000,20000,0,3,3,47,observedFullFront,NONE,b10ed07cce5c0e043f94be435789ef3d97d9fc28937c0ded2f663f05f82fb74f,690.641788788319,47493.581622267666,77958.26388096035,COMPLETE_QG_QP_GLOBAL_OFFSPRING_BATCH
A4-20k-100_2_4_1-ON-v1,27684CE3CC3849711712536BE645E2039C413615C19A1C463F5330C6FD43F405,7baaca4ebca147f46d380677fd3ae6583cc238f741220325646b44d42c0bffd9,10B57D8C0C8EC590DD9AE0CE3EB265FC0E50C7FA52196EFE2FF7FB085060B8D3,20260901,A4,ON,20000,20000,0,3,3,47,observedFullFront,NONE,c09783ab6397d1fcf07133b7716c73d441a9053cdd3867b6886ad00ffa18386b,691.252016665456,47488.85983251626,77421.93579911068,COMPLETE_QG_QP_GLOBAL_OFFSPRING_BATCH
A4-20k-100_2_4_1-ON-v1,27684CE3CC3849711712536BE645E2039C413615C19A1C463F5330C6FD43F405,7baaca4ebca147f46d380677fd3ae6583cc238f741220325646b44d42c0bffd9,10B57D8C0C8EC590DD9AE0CE3EB265FC0E50C7FA52196EFE2FF7FB085060B8D3,20260901,A4,ON,20000,20000,0,3,3,47,observedFullFront,NONE,3099bdd0ce6a6895a3cec657c7d61914c156fc91b5d2638862c7aaa2b3d63ccb,692.8151005043472,47260.82307181881,79490.21296615018,COMPLETE_QG_QP_GLOBAL_OFFSPRING_BATCH
A4-20k-100_2_4_1-ON-v1,27684CE3CC3849711712536BE645E2039C413615C19A1C463F5330C6FD43F405,7baaca4ebca147f46d380677fd3ae6583cc238f741220325646b44d42c0bffd9,10B57D8C0C8EC590DD9AE0CE3EB265FC0E50C7FA52196EFE2FF7FB085060B8D3,20260901,A4,ON,20000,20000,0,3,3,47,observedFullFront,NONE,6b4661cb8cc960f47eef89e3b6e9e9691439aeae0183d8220398dd4901d2f6d2,692.875585850216,47520.01864965556,77376.90980982398,COMPLETE_QG_QP_GLOBAL_OFFSPRING_BATCH
A4-20k-100_2_4_1-ON-v1,27684CE3CC3849711712536BE645E2039C413615C19A1C463F5330C6FD43F405,7baaca4ebca147f46d380677fd3ae6583cc238f741220325646b44d42c0bffd9,10B57D8C0C8EC590DD9AE0CE3EB265FC0E50C7FA52196EFE2FF7FB085060B8D3,20260901,A4,ON,20000,20000,0,3,3,47,observedFullFront,NONE,8f135864555ff3b79c4988a550fafe86228260518924805cfa51ff78b65d0590,693.1780227289788,47804.46059731242,76358.29273113291,COMPLETE_QG_QP_GLOBAL_OFFSPRING_BATCH
A4-20k-100_2_4_1-ON-v1,27684CE3CC3849711712536BE645E2039C413615C19A1C463F5330C6FD43F405,7baaca4ebca147f46d380677fd3ae6583cc238f741220325646b44d42c0bffd9,10B57D8C0C8EC590DD9AE0CE3EB265FC0E50C7FA52196EFE2FF7FB085060B8D3,20260901,A4,ON,20000,20000,0,3,3,47,observedFullFront,NONE,330184bdac2a1fc38a7de848cc478a8333c09644711eac5b438c919dbbb20a29,693.1898610457281,47484.84457256912,76250.18515799663,COMPLETE_QG_QP_GLOBAL_OFFSPRING_BATCH
A4-20k-100_2_4_1-ON-v1,27684CE3CC3849711712536BE645E2039C413615C19A1C463F5330C6FD43F405,7baaca4ebca147f46d380677fd3ae6583cc238f741220325646b44d42c0bffd9,10B57D8C0C8EC590DD9AE0CE3EB265FC0E50C7FA52196EFE2FF7FB085060B8D3,20260901,A4,ON,20000,20000,0,3,3,47,observedFullFront,NONE,d6e7f0334a52a0c7ae142086356601c1f8995ae7ef0f8894bf61766049b0fc45,694.3293733808162,47465.23636440621,76178.56791607944,COMPLETE_QG_QP_GLOBAL_OFFSPRING_BATCH
A4-20k-100_2_4_1-ON-v1,27684CE3CC3849711712536BE645E2039C413615C19A1C463F5330C6FD43F405,7baaca4ebca147f46d380677fd3ae6583cc238f741220325646b44d42c0bffd9,10B57D8C0C8EC590DD9AE0CE3EB265FC0E50C7FA52196EFE2FF7FB085060B8D3,20260901,A4,ON,20000,20000,0,3,3,47,observedFullFront,NONE,60754cae8c7ac56eb9d0294ea2c0114a0f707a1f318c0bb7568fcb0202b22189,697.5682979106524,47270.22279947378,78234.9241579321,COMPLETE_QG_QP_GLOBAL_OFFSPRING_BATCH
A4-20k-100_2_4_1-ON-v1,27684CE3CC3849711712536BE645E2039C413615C19A1C463F5330C6FD43F405,7baaca4ebca147f46d380677fd3ae6583cc238f741220325646b44d42c0bffd9,10B57D8C0C8EC590DD9AE0CE3EB265FC0E50C7FA52196EFE2FF7FB085060B8D3,20260901,A4,ON,20000,20000,0,3,3,47,observedFullFront,NONE,6e00b23e470f70b2e2d71b47f7f80dedb0ff9e1bfba0a5ce66740904245008d4,700.6393943982033,47455.42704546137,77049.74769166927,COMPLETE_QG_QP_GLOBAL_OFFSPRING_BATCH
A4-20k-100_2_4_1-ON-v1,27684CE3CC3849711712536BE645E2039C413615C19A1C463F5330C6FD43F405,7baaca4ebca147f46d380677fd3ae6583cc238f741220325646b44d42c0bffd9,10B57D8C0C8EC590DD9AE0CE3EB265FC0E50C7FA52196EFE2FF7FB085060B8D3,20260901,A4,ON,20000,20000,0,3,3,47,observedFullFront,NONE,cbae5aa5cb50c6fa7daeac09528686e0450be930dba3a7b381695b10b9673ea0,700.8663447061123,47216.0264609311,78486.76432139173,COMPLETE_QG_QP_GLOBAL_OFFSPRING_BATCH
A4-20k-100_2_4_1-ON-v1,27684CE3CC3849711712536BE645E2039C413615C19A1C463F5330C6FD43F405,7baaca4ebca147f46d380677fd3ae6583cc238f741220325646b44d42c0bffd9,10B57D8C0C8EC590DD9AE0CE3EB265FC0E50C7FA52196EFE2FF7FB085060B8D3,20260901,A4,ON,20000,20000,0,3,3,47,observedFullFront,NONE,30c36158f798b1c7e3ebd281e62df575f8bab44d6cbf5e4e604fa2f6b8ad6292,703.1894893399669,47312.53401179496,77955.2138636906,COMPLETE_QG_QP_GLOBAL_OFFSPRING_BATCH
A4-20k-100_2_4_1-ON-v1,27684CE3CC3849711712536BE645E2039C413615C19A1C463F5330C6FD43F405,7baaca4ebca147f46d380677fd3ae6583cc238f741220325646b44d42c0bffd9,10B57D8C0C8EC590DD9AE0CE3EB265FC0E50C7FA52196EFE2FF7FB085060B8D3,20260901,A4,ON,20000,20000,0,3,3,47,observedFullFront,NONE,fb81e777af0fcc12c8728f3113af3199ab7b47fc8b2651afdfdb489a5d9b89f5,705.430224092162,47229.34668591052,78265.02782042514,COMPLETE_QG_QP_GLOBAL_OFFSPRING_BATCH
A4-20k-100_2_4_1-ON-v1,27684CE3CC3849711712536BE645E2039C413615C19A1C463F5330C6FD43F405,7baaca4ebca147f46d380677fd3ae6583cc238f741220325646b44d42c0bffd9,10B57D8C0C8EC590DD9AE0CE3EB265FC0E50C7FA52196EFE2FF7FB085060B8D3,20260901,A4,ON,20000,20000,0,3,3,47,observedFullFront,NONE,6e8ee26e371c832600397c6a25fff1fc99a91d394a29b04bc9fd8e383ff6b7fb,705.9185365654399,47165.523927876835,76336.32232075091,COMPLETE_QG_QP_GLOBAL_OFFSPRING_BATCH
A4-20k-100_2_4_1-ON-v1,27684CE3CC3849711712536BE645E2039C413615C19A1C463F5330C6FD43F405,7baaca4ebca147f46d380677fd3ae6583cc238f741220325646b44d42c0bffd9,10B57D8C0C8EC590DD9AE0CE3EB265FC0E50C7FA52196EFE2FF7FB085060B8D3,20260901,A4,ON,20000,20000,0,3,3,47,observedFullFront,NONE,d83e78061c82ac70eb95ea90f416673f9c05d1069a45aa21d284ab8c4abda093,707.70747555731,49061.28856488991,75464.7726464283,COMPLETE_QG_QP_GLOBAL_OFFSPRING_BATCH
A4-20k-100_2_4_1-ON-v1,27684CE3CC3849711712536BE645E2039C413615C19A1C463F5330C6FD43F405,7baaca4ebca147f46d380677fd3ae6583cc238f741220325646b44d42c0bffd9,10B57D8C0C8EC590DD9AE0CE3EB265FC0E50C7FA52196EFE2FF7FB085060B8D3,20260901,A4,ON,20000,20000,0,3,3,47,observedFullFront,NONE,5ce0b4c9a72a4a4b7cd2ec52dc7e25bc572514c05f1b7e96d9edd4e787f6ad24,716.3856151843927,47123.42531978419,78783.22644704246,COMPLETE_QG_QP_GLOBAL_OFFSPRING_BATCH
A4-20k-100_2_4_1-ON-v1,27684CE3CC3849711712536BE645E2039C413615C19A1C463F5330C6FD43F405,7baaca4ebca147f46d380677fd3ae6583cc238f741220325646b44d42c0bffd9,10B57D8C0C8EC590DD9AE0CE3EB265FC0E50C7FA52196EFE2FF7FB085060B8D3,20260901,A4,ON,20000,20000,0,3,3,47,observedFullFront,NONE,af2589731a71d6ae4105686981686ba6339255645d7a5813eb7c19093cae4ea5,723.0287035614613,47077.97981061641,78268.00330102158,COMPLETE_QG_QP_GLOBAL_OFFSPRING_BATCH
A4-20k-100_2_4_1-ON-v1,27684CE3CC3849711712536BE645E2039C413615C19A1C463F5330C6FD43F405,7baaca4ebca147f46d380677fd3ae6583cc238f741220325646b44d42c0bffd9,10B57D8C0C8EC590DD9AE0CE3EB265FC0E50C7FA52196EFE2FF7FB085060B8D3,20260901,A4,ON,20000,20000,0,3,3,47,observedFullFront,NONE,3a5d3290b7f601ec60276fe91d569bf6d5d42edbfe90b1f44e95242d58a7cd7f,725.9931823331293,47648.604466275894,76177.2197285252,COMPLETE_QG_QP_GLOBAL_OFFSPRING_BATCH
