decisionCycle,generation,FE,group,teacherId,teacherObjectives,dominated,dominatorCount
1,1,100,G1_CMAX,[42, 31, 14, 64, 88, 41, 40, 9, 2, 98, 72, 28, 71, 27, 81, 66, 8, 49, 32, 50, 13, 87, 74, 61, 57, 18, 11, 99, 62, 94, 48, 25, 0, 33, 10, 79, 92, 23, 75, 21, 7, 15, 53, 5, 1, 58, 68, 56, 63, 89, 22, 54, 26, 37, 78, 34, 39, 70, 82, 73, 17, 47, 55, 6, 12, 29, 97, 44, 52, 4, 80, 60, 90, 77, 20, 84, 69, 45, 35, 3, 65, 43, 76, 95, 38, 85, 83, 86, 16, 59, 93, 19, 51, 46, 30, 67, 24, 36, 91, 96]|[1, 2, 2, 2, 2, 0, 2, 0, 2, 1, 0, 1, 1, 2, 2, 1, 0, 1, 1, 1, 1, 0, 2, 0, 0, 2, 2, 0, 0, 0, 0, 1, 0, 0, 2, 0, 2, 2, 2, 1, 2, 0, 2, 1, 1, 0, 1, 0, 1, 0, 1, 0, 2, 1, 1, 2, 0, 0, 0, 0, 2, 2, 1, 2, 0, 2, 0, 1, 1, 0, 2, 0, 0, 0, 2, 1, 0, 0, 1, 2, 2, 1, 0, 1, 2, 0, 2, 2, 0, 2, 1, 1, 0, 2, 2, 1, 1, 0, 1, 0]|[0, 4, 4, 3, 1, 0, 0, 1, 3, 2, 1, 0, 2, 2, 4, 1, 2, 0, 3, 1, 2, 1, 4, 0, 0, 1, 3, 1, 0, 2, 0, 2, 0, 2, 3, 2, 3, 1, 3, 2, 3, 2, 4, 3, 0, 2, 2, 1, 0, 0, 1, 0, 1, 1, 2, 2, 2, 1, 0, 2, 4, 0, 2, 3, 1, 3, 1, 0, 0, 0, 0, 0, 1, 2, 3, 1, 1, 1, 3, 3, 0, 2, 1, 0, 4, 1, 4, 1, 2, 0, 0, 1, 0, 3, 0, 1, 2, 0, 3, 2]|[2, 1, 2, 3, 0, 0, 1, 0, 3, 2, 1, 2, 0, 0, 2, 2, 1, 0, 0, 2, 0, 0, 2, 1, 1, 2, 0, 1, 0, 0, 0, 2, 1, 0, 1, 0, 3, 2, 3, 2, 1, 1, 2, 2, 0, 1, 1, 1, 2, 0, 1, 0, 3, 1, 0, 3, 1, 0, 1, 1, 1, 2, 0, 1, 0, 0, 1, 1, 1, 1, 0, 0, 1, 1, 3, 2, 0, 1, 1, 3, 0, 2, 0, 1, 1, 1, 2, 3, 1, 1, 2, 1, 1, 1, 0, 0, 2, 1, 0, 1],1048.303717313527;137014.751619886900;452190.448905206170,false,0
1,1,100,G4_BALANCED,[14, 29, 62, 1, 90, 60, 26, 34, 41, 45, 96, 48, 85, 77, 23, 24, 13, 42, 5, 54, 27, 6, 98, 75, 15, 55, 19, 72, 16, 94, 59, 37, 18, 84, 70, 83, 33, 52, 30, 20, 40, 76, 69, 2, 22, 46, 32, 86, 39, 73, 82, 65, 8, 10, 89, 74, 50, 61, 38, 28, 78, 36, 35, 11, 92, 91, 64, 97, 95, 44, 57, 81, 79, 56, 9, 49, 51, 58, 68, 31, 7, 66, 93, 80, 47, 43, 17, 67, 87, 4, 88, 21, 63, 99, 0, 12, 25, 71, 3, 53]|[0, 1, 1, 1, 2, 2, 0, 2, 0, 0, 2, 2, 1, 2, 1, 1, 1, 0, 0, 1, 2, 0, 1, 1, 0, 0, 1, 0, 1, 0, 0, 2, 0, 2, 1, 1, 1, 2, 0, 1, 2, 0, 2, 0, 1, 0, 2, 2, 2, 0, 1, 0, 0, 1, 2, 2, 2, 0, 2, 1, 1, 1, 2, 1, 1, 0, 1, 1, 0, 2, 0, 0, 2, 2, 0, 2, 2, 1, 2, 0, 1, 1, 1, 2, 2, 1, 2, 2, 2, 1, 1, 0, 0, 2, 2, 0, 1, 0, 0, 2]|[1, 3, 1, 2, 1, 3, 0, 2, 1, 2, 2, 2, 0, 0, 0, 0, 2, 2, 0, 2, 4, 2, 0, 2, 1, 2, 1, 0, 3, 1, 0, 3, 0, 0, 3, 3, 3, 4, 1, 0, 0, 0, 2, 0, 1, 0, 1, 3, 0, 2, 3, 0, 2, 3, 4, 4, 1, 1, 1, 2, 1, 1, 2, 3, 3, 2, 3, 3, 2, 4, 0, 2, 0, 1, 2, 2, 1, 1, 2, 0, 2, 0, 3, 3, 1, 0, 2, 3, 1, 2, 3, 1, 1, 0, 1, 0, 2, 1, 2, 3]|[1, 0, 2, 2, 3, 0, 1, 0, 0, 0, 0, 2, 2, 1, 1, 1, 1, 1, 1, 1, 0, 0, 2, 1, 0, 1, 1, 0, 0, 0, 1, 1, 1, 2, 2, 0, 1, 2, 0, 1, 0, 0, 3, 1, 1, 1, 2, 0, 2, 0, 1, 1, 1, 1, 1, 0, 2, 1, 2, 2, 1, 0, 2, 2, 0, 1, 0, 1, 0, 3, 1, 1, 1, 2, 0, 2, 3, 2, 1, 0, 0, 1, 1, 2, 0, 1, 0, 2, 2, 0, 1, 1, 1, 1, 2, 0, 1, 0, 0, 3],1195.184892950412;134174.301016955520;459946.853894601400,false,0
1,1,100,G2_TEC,[42, 31, 14, 64, 88, 41, 40, 9, 2, 98, 72, 28, 71, 27, 81, 66, 8, 49, 32, 50, 13, 87, 74, 61, 57, 18, 11, 99, 62, 94, 48, 25, 0, 33, 10, 79, 92, 23, 75, 21, 7, 15, 53, 5, 1, 58, 68, 56, 63, 89, 22, 54, 26, 37, 78, 34, 39, 70, 82, 73, 17, 47, 55, 6, 12, 29, 97, 44, 52, 4, 80, 60, 90, 77, 20, 84, 69, 45, 35, 3, 65, 43, 76, 95, 38, 85, 83, 86, 16, 59, 93, 19, 51, 46, 30, 67, 24, 36, 91, 96]|[1, 2, 2, 2, 2, 0, 2, 0, 2, 1, 0, 1, 1, 2, 2, 1, 0, 1, 1, 1, 1, 0, 2, 0, 0, 2, 2, 0, 0, 0, 0, 1, 0, 0, 2, 0, 2, 2, 2, 1, 2, 0, 2, 1, 1, 0, 1, 0, 1, 0, 1, 0, 2, 1, 1, 2, 0, 0, 0, 0, 2, 2, 1, 2, 0, 2, 0, 1, 1, 0, 2, 0, 0, 0, 2, 1, 0, 0, 1, 2, 2, 1, 0, 1, 2, 0, 2, 2, 0, 2, 1, 1, 0, 2, 2, 1, 1, 0, 1, 0]|[0, 4, 4, 3, 1, 0, 0, 1, 3, 2, 1, 0, 2, 2, 4, 1, 2, 0, 3, 1, 2, 1, 4, 0, 0, 1, 3, 1, 0, 2, 0, 2, 0, 2, 3, 2, 3, 1, 3, 2, 3, 2, 4, 3, 0, 2, 2, 1, 0, 0, 1, 0, 1, 1, 2, 2, 2, 1, 0, 2, 4, 0, 2, 3, 1, 3, 1, 0, 0, 0, 0, 0, 1, 2, 3, 1, 1, 1, 3, 3, 0, 2, 1, 0, 4, 1, 4, 1, 2, 0, 0, 1, 0, 3, 0, 1, 2, 0, 3, 2]|[2, 1, 2, 3, 0, 0, 1, 0, 3, 2, 1, 2, 0, 0, 2, 2, 1, 0, 0, 2, 0, 0, 2, 1, 1, 2, 0, 1, 0, 0, 0, 2, 1, 0, 1, 0, 3, 2, 3, 2, 1, 1, 2, 2, 0, 1, 1, 1, 2, 0, 1, 0, 3, 1, 0, 3, 1, 0, 1, 1, 1, 2, 0, 1, 0, 0, 1, 1, 1, 1, 0, 0, 1, 1, 3, 2, 0, 1, 1, 3, 0, 2, 0, 1, 1, 1, 2, 3, 1, 1, 2, 1, 1, 1, 0, 0, 2, 1, 0, 1],1048.303717313527;137014.751619886900;452190.448905206170,false,0
1,1,100,G3_TWC,[63, 88, 98, 96, 84, 70, 68, 16, 86, 49, 34, 36, 55, 31, 26, 23, 20, 37, 62, 19, 9, 56, 3, 4, 5, 2, 0, 43, 47, 67, 50, 30, 27, 87, 73, 85, 1, 10, 92, 61, 25, 75, 79, 45, 42, 8, 32, 65, 54, 6, 40, 71, 69, 74, 99, 57, 46, 97, 33, 76, 17, 28, 78, 7, 95, 60, 11, 44, 53, 52, 35, 51, 82, 13, 77, 90, 64, 41, 48, 94, 66, 15, 91, 59, 18, 38, 29, 89, 24, 93, 22, 12, 21, 83, 58, 81, 72, 80, 39, 14]|[1, 0, 2, 0, 2, 1, 1, 2, 1, 0, 2, 1, 1, 0, 0, 0, 0, 1, 1, 0, 0, 2, 2, 1, 0, 1, 0, 0, 2, 0, 2, 1, 0, 2, 0, 0, 2, 1, 0, 0, 2, 1, 1, 2, 0, 1, 0, 2, 0, 1, 1, 2, 2, 2, 0, 0, 1, 2, 2, 0, 2, 2, 0, 1, 2, 0, 0, 1, 2, 1, 2, 0, 1, 1, 2, 1, 2, 2, 1, 1, 0, 2, 0, 2, 0, 2, 2, 0, 0, 2, 0, 0, 0, 1, 1, 0, 1, 1, 0, 2]|[3, 1, 3, 1, 0, 0, 2, 2, 0, 1, 1, 2, 3, 2, 2, 2, 1, 2, 2, 0, 1, 4, 3, 2, 1, 3, 2, 2, 1, 1, 2, 2, 0, 3, 0, 0, 4, 2, 1, 0, 0, 0, 1, 1, 1, 3, 2, 3, 2, 0, 2, 0, 0, 2, 1, 0, 3, 2, 1, 0, 4, 4, 0, 2, 1, 0, 0, 0, 0, 3, 1, 0, 2, 0, 4, 2, 4, 2, 0, 1, 1, 1, 2, 0, 0, 0, 4, 1, 1, 0, 2, 0, 2, 0, 3, 2, 0, 1, 1, 1]|[2, 0, 0, 0, 2, 1, 0, 1, 2, 0, 1, 2, 2, 1, 0, 1, 1, 0, 2, 1, 0, 0, 2, 0, 0, 2, 1, 0, 3, 0, 1, 0, 1, 3, 0, 1, 2, 0, 0, 1, 1, 0, 1, 1, 1, 0, 0, 3, 1, 2, 0, 1, 1, 1, 0, 0, 0, 0, 1, 1, 1, 3, 1, 2, 3, 1, 0, 2, 1, 1, 1, 1, 0, 0, 2, 2, 2, 0, 0, 0, 1, 0, 0, 0, 1, 3, 2, 1, 1, 2, 0, 0, 0, 2, 0, 0, 2, 1, 1, 1],1071.196254997536;135164.787251170520;439315.031153766400,false,0
2,1,200,G1_CMAX,[14, 29, 62, 1, 90, 60, 26, 34, 41, 45, 96, 48, 85, 77, 23, 24, 13, 42, 5, 54, 27, 6, 98, 75, 76, 73, 35, 9, 81, 12, 7, 82, 88, 4, 86, 68, 84, 52, 56, 92, 32, 95, 38, 19, 39, 33, 99, 71, 69, 31, 63, 43, 37, 16, 3, 47, 70, 17, 53, 87, 49, 67, 10, 83, 0, 79, 40, 44, 22, 18, 94, 72, 25, 74, 58, 89, 50, 2, 51, 97, 57, 55, 8, 11, 46, 20, 36, 78, 21, 80, 15, 65, 30, 91, 61, 66, 64, 28, 59, 93]|[0, 2, 0, 1, 1, 2, 1, 1, 0, 0, 1, 2, 1, 2, 0, 1, 0, 2, 1, 1, 1, 0, 0, 2, 1, 2, 0, 0, 0, 0, 2, 0, 2, 2, 0, 1, 0, 0, 1, 1, 1, 2, 0, 1, 0, 2, 2, 1, 0, 1, 0, 1, 1, 2, 2, 0, 1, 0, 1, 2, 0, 1, 1, 2, 2, 0, 1, 2, 0, 1, 1, 2, 2, 0, 0, 1, 2, 1, 2, 0, 2, 1, 2, 1, 0, 2, 0, 0, 2, 0, 0, 2, 0, 2, 2, 1, 1, 1, 2, 1]|[2, 1, 0, 2, 3, 0, 3, 1, 2, 1, 1, 2, 1, 0, 2, 3, 2, 1, 1, 2, 0, 2, 1, 3, 0, 0, 1, 2, 2, 2, 4, 0, 4, 2, 2, 2, 2, 2, 2, 0, 0, 1, 0, 0, 1, 2, 4, 1, 1, 3, 0, 2, 2, 2, 2, 2, 3, 1, 3, 1, 0, 0, 1, 2, 1, 0, 1, 2, 2, 3, 0, 3, 3, 2, 2, 0, 1, 2, 1, 2, 3, 2, 2, 0, 0, 0, 2, 2, 0, 1, 1, 2, 2, 0, 1, 3, 2, 1, 4, 3]|[1, 1, 0, 2, 1, 1, 2, 0, 0, 0, 1, 3, 0, 1, 0, 0, 1, 2, 1, 1, 2, 0, 1, 2, 2, 0, 1, 0, 1, 0, 0, 0, 1, 3, 0, 0, 1, 1, 2, 1, 1, 1, 0, 1, 1, 3, 1, 1, 0, 0, 1, 0, 2, 3, 2, 1, 2, 1, 2, 2, 0, 2, 1, 3, 2, 1, 1, 3, 0, 0, 2, 2, 0, 0, 1, 2, 2, 2, 3, 1, 2, 2, 2, 0, 1, 0, 0, 0, 1, 0, 0, 2, 0, 2, 0, 0, 0, 2, 2, 1],897.400752310667;131850.392402039430;410412.605319923140,false,0
2,1,200,G4_BALANCED,[21, 7, 26, 95, 5, 96, 94, 53, 74, 13, 99, 6, 98, 55, 17, 3, 42, 84, 63, 45, 75, 88, 68, 58, 76, 73, 35, 9, 81, 12, 29, 82, 48, 4, 86, 85, 54, 52, 56, 92, 32, 1, 38, 19, 39, 33, 60, 71, 69, 31, 90, 43, 37, 16, 24, 67, 34, 40, 89, 51, 18, 30, 72, 66, 79, 59, 15, 93, 46, 87, 8, 28, 23, 83, 64, 0, 41, 70, 11, 80, 10, 27, 97, 20, 61, 47, 49, 2, 50, 91, 22, 14, 78, 65, 62, 77, 36, 57, 44, 25]|[2, 0, 1, 2, 0, 1, 2, 1, 0, 0, 2, 0, 0, 1, 0, 2, 1, 0, 0, 1, 0, 2, 1, 2, 0, 2, 0, 2, 0, 0, 2, 0, 2, 0, 0, 1, 1, 0, 1, 1, 1, 1, 2, 1, 0, 2, 0, 1, 0, 0, 1, 1, 1, 1, 1, 1, 1, 1, 0, 0, 1, 0, 2, 1, 0, 2, 0, 2, 1, 0, 2, 1, 0, 2, 1, 1, 0, 1, 2, 1, 1, 1, 0, 2, 2, 0, 1, 1, 1, 2, 1, 0, 0, 2, 0, 2, 2, 2, 2, 2]|[0, 0, 3, 1, 0, 1, 1, 3, 1, 2, 4, 0, 1, 2, 1, 2, 1, 2, 0, 2, 0, 1, 2, 4, 2, 3, 1, 0, 1, 2, 1, 0, 3, 0, 2, 1, 2, 2, 2, 0, 0, 0, 2, 0, 1, 2, 2, 1, 1, 1, 3, 2, 2, 1, 3, 3, 1, 0, 1, 1, 0, 2, 3, 3, 0, 2, 1, 1, 2, 0, 2, 1, 2, 2, 2, 3, 2, 1, 4, 3, 2, 0, 2, 0, 1, 2, 0, 2, 1, 0, 1, 2, 2, 2, 0, 2, 0, 3, 3, 3]|[1, 1, 2, 1, 0, 1, 0, 2, 1, 1, 1, 0, 1, 2, 1, 2, 0, 1, 1, 0, 1, 0, 0, 3, 1, 0, 1, 3, 1, 0, 1, 0, 0, 0, 0, 0, 2, 1, 2, 1, 1, 0, 0, 1, 1, 3, 0, 1, 0, 1, 1, 0, 2, 2, 0, 1, 0, 2, 1, 1, 0, 0, 2, 0, 0, 2, 0, 3, 1, 1, 2, 2, 0, 3, 0, 2, 0, 1, 3, 0, 0, 2, 1, 0, 0, 1, 0, 2, 0, 2, 1, 1, 0, 2, 0, 0, 3, 2, 1, 0],980.463245926744;130921.993837371000;400008.494048825800,false,0
2,1,200,G2_TEC,[7, 50, 55, 49, 78, 95, 64, 44, 19, 48, 26, 18, 96, 16, 80, 84, 27, 11, 85, 15, 83, 47, 0, 14, 12, 3, 32, 29, 38, 21, 75, 62, 93, 52, 31, 45, 79, 36, 65, 61, 6, 97, 68, 42, 40, 34, 90, 87, 86, 30, 35, 25, 33, 99, 1, 73, 57, 72, 54, 94, 74, 28, 5, 63, 71, 41, 37, 58, 56, 81, 59, 51, 22, 67, 76, 2, 20, 4, 89, 69, 23, 60, 17, 82, 10, 77, 9, 92, 46, 43, 66, 91, 70, 39, 24, 98, 88, 8, 13, 53]|[0, 2, 1, 1, 0, 1, 2, 2, 2, 1, 1, 1, 1, 2, 2, 0, 2, 2, 1, 2, 2, 1, 1, 2, 2, 2, 2, 1, 2, 0, 2, 0, 1, 2, 1, 1, 2, 0, 2, 1, 0, 2, 0, 2, 1, 0, 0, 0, 1, 1, 2, 1, 0, 2, 2, 0, 1, 1, 1, 0, 0, 1, 2, 2, 0, 2, 1, 2, 2, 2, 0, 0, 2, 1, 2, 0, 1, 1, 0, 1, 2, 0, 0, 1, 2, 0, 0, 1, 2, 1, 1, 2, 1, 1, 0, 1, 0, 2, 1, 1]|[2, 4, 3, 3, 2, 2, 3, 4, 0, 0, 3, 3, 3, 1, 2, 0, 4, 3, 3, 3, 4, 1, 2, 1, 1, 1, 1, 1, 4, 0, 2, 1, 3, 3, 2, 2, 3, 0, 1, 1, 1, 3, 2, 0, 3, 0, 2, 1, 1, 1, 4, 0, 0, 3, 4, 2, 1, 2, 3, 2, 2, 1, 3, 4, 1, 0, 1, 4, 4, 0, 2, 0, 3, 3, 1, 2, 3, 0, 0, 0, 3, 2, 1, 2, 0, 1, 0, 2, 2, 1, 3, 0, 1, 3, 0, 2, 1, 3, 2, 1]|[1, 3, 2, 1, 1, 2, 1, 3, 2, 2, 1, 1, 0, 2, 1, 1, 0, 0, 2, 2, 3, 2, 2, 1, 3, 0, 1, 0, 3, 0, 0, 0, 2, 1, 0, 2, 2, 0, 0, 1, 1, 1, 1, 3, 2, 0, 0, 1, 0, 2, 3, 0, 1, 0, 1, 0, 2, 1, 1, 1, 1, 0, 0, 0, 1, 2, 2, 0, 1, 0, 1, 0, 1, 1, 2, 0, 0, 0, 0, 2, 1, 0, 0, 0, 3, 1, 1, 1, 2, 0, 0, 1, 1, 2, 1, 0, 0, 2, 2, 0],1009.251306047867;128638.401810597950;413629.131415578100,false,0
2,1,200,G3_TWC,[63, 30, 89, 27, 96, 75, 26, 76, 58, 1, 12, 40, 3, 88, 5, 93, 34, 73, 16, 53, 60, 14, 4, 38, 32, 56, 61, 70, 64, 83, 99, 48, 25, 69, 17, 6, 10, 46, 41, 7, 28, 51, 78, 13, 85, 94, 49, 45, 11, 95, 80, 97, 55, 8, 65, 35, 77, 50, 33, 87, 74, 18, 91, 37, 36, 19, 57, 29, 9, 23, 81, 52, 24, 86, 31, 15, 67, 62, 20, 2, 44, 39, 21, 47, 43, 66, 92, 90, 68, 72, 0, 42, 71, 54, 98, 84, 59, 79, 22, 82]|[1, 1, 0, 2, 1, 2, 2, 0, 2, 0, 1, 1, 1, 2, 2, 1, 2, 0, 0, 2, 2, 0, 2, 2, 1, 0, 0, 2, 2, 1, 1, 2, 1, 2, 0, 0, 1, 2, 2, 0, 0, 2, 1, 1, 2, 0, 2, 0, 0, 1, 2, 2, 1, 2, 0, 0, 0, 0, 2, 0, 0, 2, 0, 2, 1, 1, 0, 0, 0, 1, 0, 1, 0, 2, 1, 0, 0, 2, 1, 1, 2, 1, 2, 2, 2, 0, 2, 2, 2, 0, 1, 0, 2, 2, 0, 0, 2, 2, 1, 1]|[2, 2, 2, 0, 0, 4, 4, 1, 3, 0, 0, 1, 0, 2, 4, 1, 1, 1, 0, 1, 1, 2, 1, 1, 0, 2, 2, 2, 2, 1, 2, 1, 0, 3, 0, 1, 1, 4, 0, 2, 2, 4, 3, 2, 3, 0, 0, 2, 1, 1, 3, 2, 0, 3, 1, 0, 1, 0, 0, 0, 1, 4, 0, 2, 3, 1, 2, 0, 2, 2, 0, 1, 0, 2, 0, 1, 0, 4, 0, 0, 4, 2, 0, 3, 4, 0, 1, 1, 1, 0, 3, 0, 4, 0, 0, 0, 0, 3, 1, 3]|[1, 0, 0, 1, 2, 3, 2, 1, 3, 1, 2, 0, 1, 2, 3, 0, 0, 1, 1, 0, 3, 0, 2, 1, 0, 0, 0, 3, 0, 1, 2, 3, 2, 2, 1, 1, 0, 1, 0, 0, 1, 3, 2, 2, 1, 0, 0, 0, 0, 0, 1, 2, 1, 1, 1, 0, 0, 1, 2, 1, 0, 3, 1, 0, 2, 1, 0, 0, 1, 0, 1, 1, 1, 2, 0, 1, 1, 3, 2, 2, 1, 2, 2, 1, 1, 1, 2, 3, 2, 0, 1, 0, 2, 0, 1, 0, 0, 3, 0, 1],974.973602787834;134245.894697528400;383670.566145116400,false,0
3,1,300,G1_CMAX,[7, 50, 55, 49, 78, 95, 64, 44, 19, 48, 26, 18, 96, 16, 80, 84, 27, 11, 85, 15, 83, 47, 0, 14, 12, 3, 32, 29, 38, 21, 75, 62, 93, 52, 31, 45, 79, 36, 65, 61, 6, 97, 68, 42, 40, 34, 90, 87, 86, 30, 35, 25, 33, 99, 1, 73, 57, 17, 53, 71, 63, 67, 10, 13, 98, 24, 39, 37, 76, 81, 94, 72, 43, 74, 58, 89, 9, 2, 51, 60, 70, 82, 8, 41, 46, 20, 4, 77, 22, 23, 54, 56, 69, 91, 92, 66, 5, 28, 59, 88]|[0, 2, 0, 0, 0, 1, 2, 2, 2, 1, 1, 1, 1, 2, 0, 0, 2, 2, 1, 2, 2, 0, 1, 2, 2, 2, 0, 1, 2, 2, 2, 0, 2, 0, 0, 1, 0, 0, 2, 2, 0, 2, 1, 2, 0, 1, 1, 1, 0, 0, 2, 2, 0, 2, 2, 2, 2, 0, 1, 0, 2, 1, 1, 1, 1, 1, 1, 1, 2, 0, 0, 2, 1, 0, 2, 1, 0, 1, 0, 2, 1, 1, 2, 0, 2, 1, 1, 2, 0, 2, 1, 2, 0, 2, 1, 1, 2, 1, 0, 0]|[2, 4, 0, 0, 2, 2, 3, 2, 0, 0, 3, 3, 1, 1, 1, 0, 4, 1, 3, 3, 4, 2, 2, 1, 1, 2, 1, 1, 4, 0, 2, 1, 4, 2, 2, 2, 0, 0, 2, 1, 2, 1, 2, 0, 1, 1, 3, 1, 1, 2, 4, 3, 0, 2, 4, 0, 3, 1, 1, 1, 4, 0, 1, 2, 2, 3, 3, 1, 1, 2, 2, 3, 2, 2, 4, 0, 0, 2, 0, 0, 1, 2, 3, 2, 2, 3, 0, 0, 2, 3, 2, 4, 1, 0, 0, 3, 3, 1, 2, 1]|[1, 3, 0, 0, 1, 2, 1, 3, 2, 2, 1, 1, 1, 2, 0, 1, 0, 2, 2, 2, 3, 0, 2, 1, 3, 2, 1, 0, 3, 1, 0, 0, 1, 1, 0, 2, 1, 0, 2, 0, 0, 1, 0, 3, 1, 0, 1, 1, 0, 0, 3, 0, 1, 3, 1, 0, 2, 1, 0, 1, 0, 2, 1, 2, 0, 0, 2, 2, 2, 1, 1, 2, 0, 0, 0, 2, 1, 2, 0, 1, 1, 0, 2, 0, 2, 0, 0, 1, 0, 1, 1, 1, 0, 2, 1, 0, 0, 2, 1, 0],975.486110130129;129740.308056937040;382591.629691354930,false,0
3,1,300,G4_BALANCED,[7, 50, 55, 49, 78, 95, 64, 44, 19, 48, 26, 18, 96, 16, 80, 84, 27, 11, 85, 15, 83, 47, 0, 14, 12, 3, 32, 29, 38, 21, 75, 62, 93, 52, 31, 45, 79, 36, 65, 61, 6, 97, 68, 42, 40, 34, 90, 87, 86, 30, 35, 25, 33, 99, 1, 73, 57, 17, 53, 71, 63, 67, 10, 13, 98, 24, 39, 37, 76, 81, 94, 72, 43, 74, 58, 89, 9, 2, 51, 60, 70, 82, 8, 41, 46, 20, 4, 77, 22, 23, 54, 56, 69, 91, 92, 66, 5, 28, 59, 88]|[0, 2, 0, 0, 0, 1, 2, 2, 2, 1, 1, 1, 1, 2, 0, 0, 2, 2, 1, 2, 2, 0, 1, 2, 2, 2, 0, 1, 2, 2, 2, 0, 2, 0, 0, 1, 0, 0, 2, 2, 0, 2, 1, 2, 0, 1, 1, 1, 0, 0, 2, 2, 0, 2, 2, 2, 2, 0, 1, 0, 2, 1, 1, 1, 1, 1, 1, 1, 2, 0, 0, 2, 1, 0, 2, 1, 0, 1, 0, 2, 1, 1, 2, 0, 2, 1, 1, 2, 0, 2, 1, 2, 0, 2, 1, 1, 2, 1, 0, 0]|[2, 4, 0, 0, 2, 2, 3, 2, 0, 0, 3, 3, 1, 1, 1, 0, 4, 1, 3, 3, 4, 2, 2, 1, 1, 2, 1, 1, 4, 0, 2, 1, 4, 2, 2, 2, 0, 0, 2, 1, 2, 1, 2, 0, 1, 1, 3, 1, 1, 2, 4, 3, 0, 2, 4, 0, 3, 1, 1, 1, 4, 0, 1, 2, 2, 3, 3, 1, 1, 2, 2, 3, 2, 2, 4, 0, 0, 2, 0, 0, 1, 2, 3, 2, 2, 3, 0, 0, 2, 3, 2, 4, 1, 0, 0, 3, 3, 1, 2, 1]|[1, 3, 0, 0, 1, 2, 1, 3, 2, 2, 1, 1, 1, 2, 0, 1, 0, 2, 2, 2, 3, 0, 2, 1, 3, 2, 1, 0, 3, 1, 0, 0, 1, 1, 0, 2, 1, 0, 2, 0, 0, 1, 0, 3, 1, 0, 1, 1, 0, 0, 3, 0, 1, 3, 1, 0, 2, 1, 0, 1, 0, 2, 1, 2, 0, 0, 2, 2, 2, 1, 1, 2, 0, 0, 0, 2, 1, 2, 0, 1, 1, 0, 2, 0, 2, 0, 0, 1, 0, 1, 1, 1, 0, 2, 1, 0, 0, 2, 1, 0],975.486110130129;129740.308056937040;382591.629691354930,false,0
3,1,300,G2_TEC,[7, 50, 55, 49, 78, 95, 64, 44, 19, 48, 26, 18, 96, 16, 80, 84, 27, 11, 85, 15, 83, 47, 0, 14, 12, 3, 32, 29, 38, 21, 75, 62, 93, 52, 31, 45, 79, 36, 65, 61, 6, 97, 68, 42, 40, 34, 90, 87, 86, 30, 35, 25, 33, 99, 1, 73, 57, 72, 54, 94, 74, 28, 5, 63, 71, 41, 37, 58, 56, 81, 59, 51, 22, 67, 76, 2, 20, 4, 89, 69, 23, 60, 17, 82, 10, 77, 9, 92, 46, 43, 66, 91, 70, 39, 24, 98, 88, 8, 13, 53]|[0, 2, 1, 1, 0, 1, 2, 2, 2, 1, 1, 1, 1, 2, 2, 0, 2, 2, 1, 2, 2, 1, 1, 2, 2, 2, 2, 1, 2, 0, 2, 0, 1, 2, 1, 1, 2, 0, 2, 1, 0, 2, 0, 2, 1, 0, 0, 0, 1, 1, 2, 1, 0, 2, 2, 0, 1, 1, 1, 0, 0, 1, 2, 2, 0, 2, 1, 2, 2, 2, 0, 0, 2, 1, 2, 0, 1, 1, 0, 1, 2, 0, 0, 1, 2, 0, 0, 1, 2, 1, 1, 2, 1, 1, 0, 1, 0, 2, 1, 1]|[2, 4, 3, 3, 2, 2, 3, 4, 0, 0, 3, 3, 3, 1, 2, 0, 4, 3, 3, 3, 4, 1, 2, 1, 1, 1, 1, 1, 4, 0, 2, 1, 3, 3, 2, 2, 3, 0, 1, 1, 1, 3, 2, 0, 3, 0, 2, 1, 1, 1, 4, 0, 0, 3, 4, 2, 1, 2, 3, 2, 2, 1, 3, 4, 1, 0, 1, 4, 4, 0, 2, 0, 3, 3, 1, 2, 3, 0, 0, 0, 3, 2, 1, 2, 0, 1, 0, 2, 2, 1, 3, 0, 1, 3, 0, 2, 1, 3, 2, 1]|[1, 3, 2, 1, 1, 2, 1, 3, 2, 2, 1, 1, 0, 2, 1, 1, 0, 0, 2, 2, 3, 2, 2, 1, 3, 0, 1, 0, 3, 0, 0, 0, 2, 1, 0, 2, 2, 0, 0, 1, 1, 1, 1, 3, 2, 0, 0, 1, 0, 2, 3, 0, 1, 0, 1, 0, 2, 1, 1, 1, 1, 0, 0, 0, 1, 2, 2, 0, 1, 0, 1, 0, 1, 1, 2, 0, 0, 0, 0, 2, 1, 0, 0, 0, 3, 1, 1, 1, 2, 0, 0, 1, 1, 2, 1, 0, 0, 2, 2, 0],1009.251306047867;128638.401810597950;413629.131415578100,false,0
3,1,300,G3_TWC,[42, 31, 14, 64, 88, 41, 40, 9, 2, 98, 72, 28, 71, 23, 25, 8, 53, 30, 79, 97, 86, 57, 67, 37, 87, 85, 45, 90, 59, 12, 94, 66, 58, 70, 7, 26, 32, 5, 89, 62, 92, 81, 63, 29, 82, 78, 43, 3, 74, 84, 93, 6, 39, 27, 0, 4, 69, 95, 24, 83, 13, 54, 65, 91, 75, 51, 77, 52, 15, 61, 18, 47, 16, 73, 46, 80, 11, 36, 1, 21, 34, 17, 44, 76, 35, 33, 49, 60, 55, 56, 48, 50, 99, 68, 10, 20, 38, 96, 19, 22]|[1, 0, 2, 0, 0, 2, 2, 1, 0, 1, 1, 2, 0, 0, 1, 2, 0, 1, 0, 1, 2, 2, 1, 2, 0, 2, 1, 2, 2, 0, 1, 1, 1, 2, 2, 2, 0, 2, 1, 2, 1, 1, 0, 2, 1, 0, 0, 0, 1, 0, 1, 0, 0, 0, 2, 1, 2, 0, 0, 2, 2, 0, 0, 2, 2, 0, 2, 0, 1, 0, 2, 2, 1, 0, 2, 2, 2, 0, 1, 1, 1, 2, 1, 2, 0, 1, 1, 1, 2, 2, 2, 2, 0, 1, 1, 1, 1, 0, 1, 2]|[1, 1, 0, 1, 1, 3, 1, 2, 0, 0, 3, 4, 0, 0, 2, 0, 2, 3, 2, 0, 2, 2, 0, 4, 0, 4, 3, 4, 0, 0, 2, 2, 2, 3, 4, 0, 0, 3, 3, 1, 0, 2, 1, 3, 3, 0, 2, 0, 2, 2, 1, 1, 2, 1, 1, 0, 0, 0, 0, 4, 3, 2, 0, 4, 2, 1, 4, 1, 3, 2, 2, 0, 1, 2, 3, 2, 4, 0, 2, 1, 1, 3, 2, 4, 2, 0, 2, 0, 4, 2, 4, 2, 1, 1, 2, 1, 3, 1, 0, 2]|[0, 0, 1, 0, 1, 1, 0, 0, 1, 0, 2, 2, 0, 0, 2, 3, 1, 0, 0, 0, 2, 1, 0, 2, 1, 1, 0, 3, 1, 0, 1, 2, 2, 1, 3, 1, 1, 2, 0, 1, 2, 1, 0, 3, 0, 0, 1, 1, 2, 1, 0, 0, 1, 1, 0, 0, 1, 0, 0, 2, 2, 1, 0, 0, 2, 0, 0, 1, 2, 0, 2, 3, 1, 1, 1, 0, 1, 1, 0, 2, 0, 0, 2, 0, 0, 0, 0, 2, 3, 0, 2, 0, 1, 1, 0, 0, 1, 0, 0, 1],921.581557642251;131484.151920013860;398840.760154414340,false,0
4,1,400,G1_CMAX,[7, 50, 55, 49, 78, 95, 64, 44, 19, 48, 26, 18, 96, 16, 80, 84, 27, 11, 85, 15, 83, 47, 0, 14, 12, 25, 66, 65, 81, 76, 29, 82, 13, 4, 86, 63, 54, 52, 56, 21, 32, 1, 38, 74, 39, 33, 60, 71, 69, 31, 90, 43, 37, 99, 24, 67, 53, 34, 79, 91, 97, 17, 10, 41, 58, 20, 57, 61, 28, 5, 89, 35, 51, 94, 2, 59, 45, 73, 36, 88, 40, 62, 30, 8, 42, 75, 3, 6, 46, 23, 92, 93, 9, 72, 70, 22, 68, 98, 77, 87]|[0, 2, 0, 0, 1, 1, 2, 2, 2, 1, 2, 1, 0, 1, 2, 0, 1, 2, 1, 0, 2, 0, 0, 0, 2, 2, 1, 2, 2, 0, 2, 2, 2, 1, 1, 2, 1, 0, 1, 2, 1, 1, 2, 0, 0, 0, 1, 1, 0, 1, 0, 1, 1, 2, 1, 1, 1, 1, 0, 1, 0, 0, 1, 0, 2, 1, 0, 0, 2, 1, 1, 1, 2, 2, 1, 2, 0, 2, 2, 0, 0, 1, 0, 2, 2, 2, 2, 0, 1, 0, 1, 2, 2, 0, 1, 1, 1, 0, 2, 0]|[0, 4, 0, 0, 3, 2, 1, 2, 0, 0, 4, 3, 1, 2, 0, 0, 3, 4, 1, 1, 2, 2, 1, 0, 1, 3, 0, 2, 4, 2, 1, 0, 3, 0, 3, 4, 2, 2, 2, 0, 2, 0, 4, 1, 1, 1, 3, 1, 1, 3, 0, 2, 2, 1, 3, 3, 1, 1, 0, 3, 1, 1, 2, 2, 4, 3, 2, 0, 3, 3, 0, 0, 2, 1, 2, 0, 2, 3, 0, 1, 1, 0, 2, 2, 0, 2, 2, 2, 1, 2, 0, 4, 2, 2, 1, 1, 2, 1, 0, 0]|[1, 3, 0, 0, 0, 2, 0, 3, 2, 1, 1, 1, 1, 2, 0, 0, 2, 1, 0, 1, 3, 0, 1, 1, 3, 0, 0, 2, 2, 0, 1, 0, 0, 1, 0, 0, 2, 1, 2, 1, 1, 0, 3, 1, 1, 1, 0, 1, 0, 2, 0, 0, 1, 2, 0, 1, 0, 0, 0, 1, 1, 1, 0, 0, 0, 2, 0, 1, 1, 0, 2, 0, 2, 0, 2, 2, 1, 0, 3, 0, 1, 1, 1, 2, 3, 3, 2, 0, 0, 0, 1, 1, 2, 0, 1, 1, 0, 1, 1, 1],872.853337927660;128680.406818789720;378598.706926726100,false,0
4,1,400,G4_BALANCED,[7, 50, 55, 49, 78, 95, 64, 44, 19, 48, 26, 18, 96, 16, 80, 84, 27, 11, 85, 15, 83, 47, 0, 14, 12, 25, 66, 65, 81, 76, 29, 82, 13, 4, 86, 63, 54, 52, 56, 21, 32, 1, 38, 74, 39, 33, 60, 71, 69, 31, 90, 43, 37, 99, 24, 67, 53, 34, 79, 91, 97, 17, 10, 41, 58, 20, 57, 61, 28, 5, 89, 35, 51, 94, 2, 59, 45, 73, 36, 88, 40, 62, 30, 8, 42, 75, 3, 6, 46, 23, 92, 93, 9, 72, 70, 22, 68, 98, 77, 87]|[0, 2, 0, 0, 1, 1, 2, 2, 2, 1, 2, 1, 0, 1, 2, 0, 1, 2, 1, 0, 2, 0, 0, 0, 2, 2, 1, 2, 2, 0, 2, 2, 2, 1, 1, 2, 1, 0, 1, 2, 1, 1, 2, 0, 0, 0, 1, 1, 0, 1, 0, 1, 1, 2, 1, 1, 1, 1, 0, 1, 0, 0, 1, 0, 2, 1, 0, 0, 2, 1, 1, 1, 2, 2, 1, 2, 0, 2, 2, 0, 0, 1, 0, 2, 2, 2, 2, 0, 1, 0, 1, 2, 2, 0, 1, 1, 1, 0, 2, 0]|[0, 4, 0, 0, 3, 2, 1, 2, 0, 0, 4, 3, 1, 2, 0, 0, 3, 4, 1, 1, 2, 2, 1, 0, 1, 3, 0, 2, 4, 2, 1, 0, 3, 0, 3, 4, 2, 2, 2, 0, 2, 0, 4, 1, 1, 1, 3, 1, 1, 3, 0, 2, 2, 1, 3, 3, 1, 1, 0, 3, 1, 1, 2, 2, 4, 3, 2, 0, 3, 3, 0, 0, 2, 1, 2, 0, 2, 3, 0, 1, 1, 0, 2, 2, 0, 2, 2, 2, 1, 2, 0, 4, 2, 2, 1, 1, 2, 1, 0, 0]|[1, 3, 0, 0, 0, 2, 0, 3, 2, 1, 1, 1, 1, 2, 0, 0, 2, 1, 0, 1, 3, 0, 1, 1, 3, 0, 0, 2, 2, 0, 1, 0, 0, 1, 0, 0, 2, 1, 2, 1, 1, 0, 3, 1, 1, 1, 0, 1, 0, 2, 0, 0, 1, 2, 0, 1, 0, 0, 0, 1, 1, 1, 0, 0, 0, 2, 0, 1, 1, 0, 2, 0, 2, 0, 2, 2, 1, 0, 3, 0, 1, 1, 1, 2, 3, 3, 2, 0, 0, 0, 1, 1, 2, 0, 1, 1, 0, 1, 1, 1],872.853337927660;128680.406818789720;378598.706926726100,false,0
4,1,400,G2_TEC,[21, 7, 26, 95, 5, 96, 94, 53, 74, 13, 99, 6, 98, 55, 17, 3, 42, 84, 63, 45, 75, 88, 68, 58, 76, 73, 35, 9, 81, 12, 29, 82, 48, 4, 86, 85, 54, 52, 56, 27, 33, 20, 69, 91, 39, 11, 87, 30, 49, 23, 89, 70, 61, 28, 65, 71, 25, 77, 14, 41, 93, 60, 18, 67, 59, 50, 36, 8, 1, 64, 31, 80, 83, 16, 19, 2, 66, 37, 51, 24, 38, 97, 79, 32, 44, 0, 22, 78, 34, 92, 43, 47, 90, 62, 72, 46, 10, 57, 40, 15]|[2, 1, 2, 2, 0, 1, 2, 2, 1, 0, 1, 0, 2, 1, 2, 2, 1, 1, 0, 1, 0, 1, 1, 1, 2, 1, 0, 2, 1, 0, 2, 2, 0, 0, 0, 2, 1, 2, 1, 1, 0, 2, 1, 2, 2, 0, 0, 0, 1, 0, 1, 1, 0, 1, 1, 1, 1, 2, 0, 0, 2, 0, 1, 1, 2, 2, 2, 0, 1, 1, 2, 1, 2, 1, 0, 2, 1, 1, 0, 1, 2, 0, 2, 2, 2, 1, 1, 1, 1, 2, 1, 1, 0, 0, 1, 1, 1, 2, 2, 0]|[0, 1, 0, 1, 0, 1, 1, 0, 3, 2, 2, 0, 1, 3, 2, 3, 3, 1, 1, 2, 0, 3, 2, 3, 2, 2, 1, 0, 2, 2, 1, 3, 0, 0, 2, 1, 2, 3, 2, 1, 0, 0, 1, 0, 2, 1, 0, 2, 1, 2, 3, 1, 1, 0, 0, 1, 0, 2, 2, 2, 3, 2, 0, 3, 2, 1, 0, 2, 0, 2, 3, 0, 2, 3, 2, 1, 3, 2, 1, 0, 1, 2, 4, 2, 3, 3, 1, 1, 1, 3, 2, 0, 1, 0, 3, 2, 1, 4, 1, 1]|[1, 0, 3, 1, 0, 1, 0, 2, 2, 1, 0, 0, 2, 0, 0, 3, 1, 2, 1, 0, 1, 1, 0, 1, 3, 0, 1, 3, 0, 0, 1, 3, 0, 0, 0, 2, 2, 0, 2, 1, 1, 0, 1, 2, 2, 1, 1, 0, 0, 0, 1, 1, 1, 0, 1, 1, 2, 0, 1, 0, 0, 0, 0, 1, 2, 2, 3, 1, 0, 0, 2, 0, 3, 0, 0, 3, 0, 2, 1, 1, 2, 1, 2, 3, 1, 2, 1, 0, 0, 1, 0, 1, 1, 0, 1, 1, 1, 0, 1, 0],1159.176347619633;127305.700263694540;403783.788782586200,false,0
4,1,400,G3_TWC,[7, 50, 55, 49, 78, 95, 64, 44, 19, 48, 26, 18, 96, 16, 80, 84, 27, 11, 85, 15, 83, 47, 0, 14, 12, 25, 66, 65, 81, 76, 29, 82, 13, 4, 86, 63, 54, 52, 56, 21, 32, 1, 38, 74, 39, 33, 60, 71, 69, 31, 90, 43, 37, 99, 24, 67, 53, 34, 79, 91, 97, 17, 10, 41, 58, 20, 57, 61, 28, 5, 89, 35, 51, 94, 2, 59, 45, 73, 36, 88, 40, 62, 30, 8, 42, 75, 3, 6, 46, 23, 92, 93, 9, 72, 70, 22, 68, 98, 77, 87]|[0, 2, 0, 0, 1, 1, 2, 2, 2, 1, 2, 1, 0, 1, 2, 0, 1, 2, 1, 0, 2, 0, 0, 0, 2, 2, 1, 2, 2, 0, 2, 2, 2, 1, 1, 2, 1, 0, 1, 2, 1, 1, 2, 0, 0, 0, 1, 1, 0, 1, 0, 1, 1, 2, 1, 1, 1, 1, 0, 1, 0, 0, 1, 0, 2, 1, 0, 0, 2, 1, 1, 1, 2, 2, 1, 2, 0, 2, 2, 0, 0, 1, 0, 2, 2, 2, 2, 0, 1, 0, 1, 2, 2, 0, 1, 1, 1, 0, 2, 0]|[0, 4, 0, 0, 3, 2, 1, 2, 0, 0, 4, 3, 1, 2, 0, 0, 3, 4, 1, 1, 2, 2, 1, 0, 1, 3, 0, 2, 4, 2, 1, 0, 3, 0, 3, 4, 2, 2, 2, 0, 2, 0, 4, 1, 1, 1, 3, 1, 1, 3, 0, 2, 2, 1, 3, 3, 1, 1, 0, 3, 1, 1, 2, 2, 4, 3, 2, 0, 3, 3, 0, 0, 2, 1, 2, 0, 2, 3, 0, 1, 1, 0, 2, 2, 0, 2, 2, 2, 1, 2, 0, 4, 2, 2, 1, 1, 2, 1, 0, 0]|[1, 3, 0, 0, 0, 2, 0, 3, 2, 1, 1, 1, 1, 2, 0, 0, 2, 1, 0, 1, 3, 0, 1, 1, 3, 0, 0, 2, 2, 0, 1, 0, 0, 1, 0, 0, 2, 1, 2, 1, 1, 0, 3, 1, 1, 1, 0, 1, 0, 2, 0, 0, 1, 2, 0, 1, 0, 0, 0, 1, 1, 1, 0, 0, 0, 2, 0, 1, 1, 0, 2, 0, 2, 0, 2, 2, 1, 0, 3, 0, 1, 1, 1, 2, 3, 3, 2, 0, 0, 0, 1, 1, 2, 0, 1, 1, 0, 1, 1, 1],872.853337927660;128680.406818789720;378598.706926726100,false,0
5,1,500,G1_CMAX,[7, 50, 55, 49, 78, 95, 64, 44, 19, 48, 26, 18, 96, 16, 80, 84, 27, 11, 85, 15, 83, 47, 0, 14, 12, 25, 66, 65, 81, 76, 29, 82, 13, 4, 86, 63, 54, 52, 56, 21, 32, 1, 38, 74, 39, 33, 60, 71, 69, 31, 90, 43, 37, 99, 24, 67, 53, 34, 79, 91, 97, 17, 10, 41, 58, 20, 57, 61, 28, 5, 89, 35, 51, 94, 2, 59, 45, 73, 36, 88, 40, 62, 30, 8, 42, 75, 3, 6, 46, 23, 92, 93, 9, 72, 70, 22, 68, 98, 77, 87]|[0, 2, 0, 0, 1, 1, 2, 2, 2, 1, 2, 1, 0, 1, 2, 0, 1, 2, 1, 0, 2, 0, 0, 0, 2, 2, 1, 2, 2, 0, 2, 2, 2, 1, 1, 2, 1, 0, 1, 2, 1, 1, 2, 0, 0, 0, 1, 1, 0, 1, 0, 1, 1, 2, 1, 1, 1, 1, 0, 1, 0, 0, 1, 0, 2, 1, 0, 0, 2, 1, 1, 1, 2, 2, 1, 2, 0, 2, 2, 0, 0, 1, 0, 2, 2, 2, 2, 0, 1, 0, 1, 2, 2, 0, 1, 1, 1, 0, 2, 0]|[0, 4, 0, 0, 3, 2, 1, 2, 0, 0, 4, 3, 1, 2, 0, 0, 3, 4, 1, 1, 2, 2, 1, 0, 1, 3, 0, 2, 4, 2, 1, 0, 3, 0, 3, 4, 2, 2, 2, 0, 2, 0, 4, 1, 1, 1, 3, 1, 1, 3, 0, 2, 2, 1, 3, 3, 1, 1, 0, 3, 1, 1, 2, 2, 4, 3, 2, 0, 3, 3, 0, 0, 2, 1, 2, 0, 2, 3, 0, 1, 1, 0, 2, 2, 0, 2, 2, 2, 1, 2, 0, 4, 2, 2, 1, 1, 2, 1, 0, 0]|[1, 3, 0, 0, 0, 2, 0, 3, 2, 1, 1, 1, 1, 2, 0, 0, 2, 1, 0, 1, 3, 0, 1, 1, 3, 0, 0, 2, 2, 0, 1, 0, 0, 1, 0, 0, 2, 1, 2, 1, 1, 0, 3, 1, 1, 1, 0, 1, 0, 2, 0, 0, 1, 2, 0, 1, 0, 0, 0, 1, 1, 1, 0, 0, 0, 2, 0, 1, 1, 0, 2, 0, 2, 0, 2, 2, 1, 0, 3, 0, 1, 1, 1, 2, 3, 3, 2, 0, 0, 0, 1, 1, 2, 0, 1, 1, 0, 1, 1, 1],872.853337927660;128680.406818789720;378598.706926726100,false,0
5,1,500,G4_BALANCED,[7, 50, 55, 49, 78, 95, 40, 9, 2, 98, 72, 28, 71, 27, 81, 66, 8, 64, 85, 15, 83, 47, 0, 14, 12, 25, 84, 65, 80, 76, 29, 82, 13, 4, 86, 63, 54, 52, 56, 21, 32, 1, 38, 74, 39, 33, 60, 96, 69, 31, 90, 43, 37, 99, 92, 67, 53, 34, 79, 91, 97, 17, 10, 41, 58, 20, 57, 61, 18, 5, 89, 35, 51, 94, 19, 59, 45, 73, 36, 88, 11, 62, 30, 16, 42, 75, 3, 6, 46, 23, 24, 93, 44, 26, 70, 22, 68, 48, 77, 87]|[0, 2, 0, 0, 1, 1, 2, 1, 2, 0, 1, 2, 1, 1, 2, 0, 2, 2, 1, 0, 2, 0, 1, 0, 2, 2, 0, 2, 2, 2, 2, 2, 2, 1, 1, 2, 1, 1, 0, 2, 1, 1, 2, 0, 0, 0, 1, 0, 0, 1, 0, 1, 1, 2, 1, 1, 1, 1, 0, 1, 0, 0, 1, 2, 2, 1, 0, 0, 1, 0, 1, 1, 2, 2, 1, 2, 0, 2, 2, 0, 2, 1, 0, 1, 1, 2, 2, 0, 1, 0, 1, 2, 2, 0, 2, 1, 1, 1, 2, 0]|[0, 4, 0, 0, 3, 2, 1, 2, 0, 1, 2, 3, 1, 1, 0, 0, 2, 4, 1, 1, 2, 2, 1, 0, 1, 3, 0, 2, 0, 2, 1, 0, 3, 0, 3, 4, 2, 3, 0, 0, 2, 0, 4, 1, 1, 1, 3, 1, 1, 3, 0, 2, 2, 1, 2, 1, 1, 1, 0, 3, 1, 1, 0, 4, 4, 3, 2, 0, 0, 2, 0, 0, 2, 1, 3, 0, 1, 3, 0, 1, 4, 0, 2, 2, 0, 2, 2, 2, 1, 2, 0, 4, 1, 2, 4, 1, 2, 0, 0, 0]|[1, 3, 0, 0, 0, 2, 0, 1, 2, 1, 0, 1, 1, 0, 0, 0, 2, 1, 0, 1, 3, 0, 2, 1, 3, 0, 0, 2, 0, 1, 1, 0, 0, 1, 0, 0, 2, 1, 0, 1, 1, 0, 3, 1, 1, 1, 0, 1, 0, 2, 0, 0, 1, 2, 2, 0, 0, 0, 0, 1, 1, 1, 1, 0, 0, 2, 0, 1, 2, 0, 2, 0, 2, 0, 0, 2, 1, 0, 3, 0, 1, 1, 1, 2, 2, 3, 2, 0, 0, 0, 1, 1, 3, 0, 3, 1, 0, 1, 1, 1],907.609814696131;130518.124605830530;377472.742743408660,false,0
5,1,500,G2_TEC,[21, 7, 26, 95, 5, 96, 94, 53, 74, 13, 99, 6, 98, 55, 17, 3, 42, 84, 63, 45, 75, 88, 68, 58, 76, 73, 35, 9, 81, 12, 29, 82, 48, 4, 86, 85, 54, 52, 56, 27, 33, 20, 69, 91, 39, 11, 87, 30, 49, 23, 89, 70, 61, 28, 65, 71, 25, 77, 14, 41, 93, 60, 18, 67, 59, 50, 36, 8, 1, 64, 31, 80, 83, 16, 19, 2, 66, 37, 51, 24, 38, 97, 79, 32, 44, 0, 22, 78, 34, 92, 43, 47, 90, 62, 72, 46, 10, 57, 40, 15]|[2, 1, 2, 2, 0, 1, 2, 2, 1, 0, 1, 0, 2, 1, 2, 2, 1, 1, 0, 1, 0, 1, 1, 1, 2, 1, 0, 2, 1, 0, 2, 2, 0, 0, 0, 2, 1, 2, 1, 1, 0, 2, 1, 2, 2, 0, 0, 0, 1, 0, 1, 1, 0, 1, 1, 1, 1, 2, 0, 0, 2, 0, 1, 1, 2, 2, 2, 0, 1, 1, 2, 1, 2, 1, 0, 2, 1, 1, 0, 1, 2, 0, 2, 2, 2, 1, 1, 1, 1, 2, 1, 1, 0, 0, 1, 1, 1, 2, 2, 0]|[0, 1, 0, 1, 0, 1, 1, 0, 3, 2, 2, 0, 1, 3, 2, 3, 3, 1, 1, 2, 0, 3, 2, 3, 2, 2, 1, 0, 2, 2, 1, 3, 0, 0, 2, 1, 2, 3, 2, 1, 0, 0, 1, 0, 2, 1, 0, 2, 1, 2, 3, 1, 1, 0, 0, 1, 0, 2, 2, 2, 3, 2, 0, 3, 2, 1, 0, 2, 0, 2, 3, 0, 2, 3, 2, 1, 3, 2, 1, 0, 1, 2, 4, 2, 3, 3, 1, 1, 1, 3, 2, 0, 1, 0, 3, 2, 1, 4, 1, 1]|[1, 0, 3, 1, 0, 1, 0, 2, 2, 1, 0, 0, 2, 0, 0, 3, 1, 2, 1, 0, 1, 1, 0, 1, 3, 0, 1, 3, 0, 0, 1, 3, 0, 0, 0, 2, 2, 0, 2, 1, 1, 0, 1, 2, 2, 1, 1, 0, 0, 0, 1, 1, 1, 0, 1, 1, 2, 0, 1, 0, 0, 0, 0, 1, 2, 2, 3, 1, 0, 0, 2, 0, 3, 0, 0, 3, 0, 2, 1, 1, 2, 1, 2, 3, 1, 2, 1, 0, 0, 1, 0, 1, 1, 0, 1, 1, 1, 0, 1, 0],1159.176347619633;127305.700263694540;403783.788782586200,false,0
5,1,500,G3_TWC,[7, 50, 55, 49, 78, 95, 64, 44, 19, 48, 26, 18, 96, 16, 80, 84, 27, 11, 85, 15, 83, 47, 0, 14, 12, 25, 66, 65, 81, 76, 29, 82, 13, 4, 86, 63, 54, 52, 56, 21, 32, 1, 38, 74, 39, 33, 60, 71, 69, 31, 90, 43, 37, 99, 24, 67, 53, 34, 79, 91, 97, 17, 10, 41, 58, 20, 57, 61, 28, 5, 89, 35, 51, 94, 2, 59, 45, 73, 36, 88, 40, 62, 30, 8, 42, 75, 3, 6, 46, 23, 92, 93, 9, 72, 70, 22, 68, 98, 77, 87]|[0, 2, 0, 0, 1, 1, 2, 2, 2, 1, 2, 1, 0, 1, 2, 0, 1, 2, 1, 0, 2, 0, 0, 0, 2, 2, 1, 2, 2, 0, 2, 2, 2, 1, 1, 2, 1, 0, 1, 2, 1, 1, 2, 0, 0, 0, 1, 1, 0, 1, 0, 1, 1, 2, 1, 1, 1, 1, 0, 1, 0, 0, 1, 0, 2, 1, 0, 0, 2, 1, 1, 1, 2, 2, 1, 2, 0, 2, 2, 0, 0, 1, 0, 2, 2, 2, 2, 0, 1, 0, 1, 2, 2, 0, 1, 1, 1, 0, 2, 0]|[0, 4, 0, 0, 3, 2, 1, 2, 0, 0, 4, 3, 1, 2, 0, 0, 3, 4, 1, 1, 2, 2, 1, 0, 1, 3, 0, 2, 4, 2, 1, 0, 3, 0, 3, 4, 2, 2, 2, 0, 2, 0, 4, 1, 1, 1, 3, 1, 1, 3, 0, 2, 2, 1, 3, 3, 1, 1, 0, 3, 1, 1, 2, 2, 4, 3, 2, 0, 3, 3, 0, 0, 2, 1, 2, 0, 2, 3, 0, 1, 1, 0, 2, 2, 0, 2, 2, 2, 1, 2, 0, 4, 2, 2, 1, 1, 2, 1, 0, 0]|[1, 3, 0, 0, 0, 2, 0, 3, 2, 1, 1, 1, 1, 2, 0, 0, 2, 1, 0, 1, 3, 0, 1, 1, 3, 0, 0, 2, 2, 0, 1, 0, 0, 1, 0, 0, 2, 1, 2, 1, 1, 0, 3, 1, 1, 1, 0, 1, 0, 2, 0, 0, 1, 2, 0, 1, 0, 0, 0, 1, 1, 1, 0, 0, 0, 2, 0, 1, 1, 0, 2, 0, 2, 0, 2, 2, 1, 0, 3, 0, 1, 1, 1, 2, 3, 3, 2, 0, 0, 0, 1, 1, 2, 0, 1, 1, 0, 1, 1, 1],872.853337927660;128680.406818789720;378598.706926726100,false,0
6,1,600,G1_CMAX,[63, 30, 89, 27, 96, 75, 26, 76, 58, 1, 12, 40, 3, 88, 5, 93, 34, 73, 16, 53, 60, 14, 4, 38, 32, 56, 61, 70, 81, 94, 59, 37, 18, 84, 72, 48, 24, 52, 71, 91, 41, 25, 51, 35, 10, 42, 36, 39, 8, 77, 2, 83, 65, 86, 57, 69, 79, 9, 74, 45, 21, 85, 97, 28, 55, 92, 66, 15, 7, 29, 82, 0, 90, 64, 13, 54, 50, 49, 11, 67, 22, 87, 99, 19, 6, 95, 78, 17, 80, 33, 68, 98, 31, 43, 44, 20, 46, 23, 47, 62]|[0, 1, 0, 2, 2, 0, 1, 0, 0, 1, 0, 1, 0, 2, 1, 0, 2, 0, 1, 0, 2, 0, 2, 0, 0, 0, 2, 0, 1, 0, 1, 2, 2, 1, 0, 2, 0, 1, 1, 2, 2, 1, 2, 2, 2, 0, 1, 1, 1, 0, 2, 2, 1, 0, 0, 2, 0, 0, 1, 0, 0, 1, 2, 2, 1, 0, 1, 0, 1, 0, 1, 1, 1, 2, 2, 0, 2, 0, 2, 0, 1, 2, 1, 1, 0, 1, 1, 2, 2, 1, 1, 2, 0, 2, 2, 1, 2, 0, 2, 1]|[1, 2, 2, 0, 1, 1, 3, 2, 1, 0, 0, 1, 2, 0, 0, 2, 4, 1, 3, 1, 3, 1, 1, 1, 1, 2, 4, 2, 3, 1, 2, 2, 4, 0, 0, 1, 0, 1, 2, 4, 2, 3, 1, 2, 0, 0, 1, 0, 1, 1, 3, 2, 3, 1, 2, 3, 1, 2, 2, 2, 1, 0, 2, 2, 3, 2, 0, 1, 2, 0, 3, 3, 0, 2, 3, 0, 1, 0, 1, 1, 1, 0, 0, 0, 2, 1, 2, 0, 3, 1, 1, 1, 0, 4, 4, 0, 4, 0, 0, 1]|[1, 0, 0, 1, 3, 1, 0, 1, 0, 1, 0, 2, 1, 1, 1, 0, 1, 1, 0, 0, 0, 1, 2, 0, 0, 1, 3, 1, 0, 0, 2, 0, 3, 0, 0, 1, 1, 1, 0, 2, 3, 0, 3, 1, 1, 1, 0, 1, 0, 0, 2, 3, 1, 1, 0, 2, 1, 1, 1, 0, 1, 2, 2, 3, 1, 0, 2, 1, 0, 0, 1, 1, 2, 0, 3, 0, 2, 0, 2, 0, 2, 0, 2, 0, 1, 0, 0, 1, 2, 1, 2, 2, 0, 1, 3, 1, 1, 0, 2, 1],871.320942926887;131782.795995132420;384446.192169582200,false,0
6,1,600,G4_BALANCED,[7, 50, 55, 49, 78, 95, 40, 9, 2, 98, 72, 28, 71, 27, 81, 66, 8, 64, 85, 15, 83, 47, 0, 14, 12, 25, 84, 65, 80, 76, 29, 82, 13, 4, 86, 63, 54, 52, 56, 21, 32, 1, 38, 74, 39, 33, 60, 96, 69, 31, 90, 43, 37, 99, 92, 67, 53, 34, 79, 91, 97, 17, 10, 41, 58, 20, 57, 61, 18, 5, 89, 35, 51, 94, 19, 59, 45, 73, 36, 88, 11, 62, 30, 16, 42, 75, 3, 6, 46, 23, 24, 93, 44, 26, 70, 22, 68, 48, 77, 87]|[0, 2, 0, 0, 1, 1, 2, 1, 2, 0, 1, 2, 1, 1, 2, 0, 2, 2, 1, 0, 2, 0, 1, 0, 2, 2, 0, 2, 2, 2, 2, 2, 2, 1, 1, 2, 1, 1, 0, 2, 1, 1, 2, 0, 0, 0, 1, 0, 0, 1, 0, 1, 1, 2, 1, 1, 1, 1, 0, 1, 0, 0, 1, 2, 2, 1, 0, 0, 1, 0, 1, 1, 2, 2, 1, 2, 0, 2, 2, 0, 2, 1, 0, 1, 1, 2, 2, 0, 1, 0, 1, 2, 2, 0, 2, 1, 1, 1, 2, 0]|[0, 4, 0, 0, 3, 2, 1, 2, 0, 1, 2, 3, 1, 1, 0, 0, 2, 4, 1, 1, 2, 2, 1, 0, 1, 3, 0, 2, 0, 2, 1, 0, 3, 0, 3, 4, 2, 3, 0, 0, 2, 0, 4, 1, 1, 1, 3, 1, 1, 3, 0, 2, 2, 1, 2, 1, 1, 1, 0, 3, 1, 1, 0, 4, 4, 3, 2, 0, 0, 2, 0, 0, 2, 1, 3, 0, 1, 3, 0, 1, 4, 0, 2, 2, 0, 2, 2, 2, 1, 2, 0, 4, 1, 2, 4, 1, 2, 0, 0, 0]|[1, 3, 0, 0, 0, 2, 0, 1, 2, 1, 0, 1, 1, 0, 0, 0, 2, 1, 0, 1, 3, 0, 2, 1, 3, 0, 0, 2, 0, 1, 1, 0, 0, 1, 0, 0, 2, 1, 0, 1, 1, 0, 3, 1, 1, 1, 0, 1, 0, 2, 0, 0, 1, 2, 2, 0, 0, 0, 0, 1, 1, 1, 1, 0, 0, 2, 0, 1, 2, 0, 2, 0, 2, 0, 0, 2, 1, 0, 3, 0, 1, 1, 1, 2, 2, 3, 2, 0, 0, 0, 1, 1, 3, 0, 3, 1, 0, 1, 1, 1],907.609814696131;130518.124605830530;377472.742743408660,false,0
6,1,600,G2_TEC,[21, 7, 26, 95, 5, 96, 94, 53, 74, 13, 99, 6, 98, 55, 17, 3, 42, 84, 63, 45, 75, 88, 68, 58, 76, 73, 35, 9, 81, 12, 29, 82, 48, 4, 86, 85, 54, 52, 56, 27, 33, 20, 69, 91, 39, 11, 87, 30, 49, 23, 89, 70, 61, 28, 65, 71, 25, 77, 14, 41, 93, 60, 18, 67, 59, 50, 36, 8, 1, 64, 31, 80, 83, 16, 19, 2, 66, 37, 51, 24, 38, 97, 79, 32, 44, 0, 22, 78, 34, 92, 43, 47, 90, 62, 72, 46, 10, 57, 40, 15]|[2, 1, 2, 2, 0, 1, 2, 2, 1, 0, 1, 0, 2, 1, 2, 2, 1, 1, 0, 1, 0, 1, 1, 1, 2, 1, 0, 2, 1, 0, 2, 2, 0, 0, 0, 2, 1, 2, 1, 1, 0, 2, 1, 2, 2, 0, 0, 0, 1, 0, 1, 1, 0, 1, 1, 1, 1, 2, 0, 0, 2, 0, 1, 1, 2, 2, 2, 0, 1, 1, 2, 1, 2, 1, 0, 2, 1, 1, 0, 1, 2, 0, 2, 2, 2, 1, 1, 1, 1, 2, 1, 1, 0, 0, 1, 1, 1, 2, 2, 0]|[0, 1, 0, 1, 0, 1, 1, 0, 3, 2, 2, 0, 1, 3, 2, 3, 3, 1, 1, 2, 0, 3, 2, 3, 2, 2, 1, 0, 2, 2, 1, 3, 0, 0, 2, 1, 2, 3, 2, 1, 0, 0, 1, 0, 2, 1, 0, 2, 1, 2, 3, 1, 1, 0, 0, 1, 0, 2, 2, 2, 3, 2, 0, 3, 2, 1, 0, 2, 0, 2, 3, 0, 2, 3, 2, 1, 3, 2, 1, 0, 1, 2, 4, 2, 3, 3, 1, 1, 1, 3, 2, 0, 1, 0, 3, 2, 1, 4, 1, 1]|[1, 0, 3, 1, 0, 1, 0, 2, 2, 1, 0, 0, 2, 0, 0, 3, 1, 2, 1, 0, 1, 1, 0, 1, 3, 0, 1, 3, 0, 0, 1, 3, 0, 0, 0, 2, 2, 0, 2, 1, 1, 0, 1, 2, 2, 1, 1, 0, 0, 0, 1, 1, 1, 0, 1, 1, 2, 0, 1, 0, 0, 0, 0, 1, 2, 2, 3, 1, 0, 0, 2, 0, 3, 0, 0, 3, 0, 2, 1, 1, 2, 1, 2, 3, 1, 2, 1, 0, 0, 1, 0, 1, 1, 0, 1, 1, 1, 0, 1, 0],1159.176347619633;127305.700263694540;403783.788782586200,false,0
6,1,600,G3_TWC,[7, 50, 55, 49, 78, 95, 64, 44, 19, 48, 26, 18, 96, 16, 80, 84, 27, 11, 85, 15, 83, 47, 0, 14, 12, 25, 66, 65, 81, 76, 29, 82, 13, 4, 86, 63, 54, 52, 56, 21, 32, 1, 38, 74, 39, 33, 60, 71, 69, 31, 90, 43, 37, 99, 24, 67, 53, 34, 79, 91, 97, 17, 10, 41, 58, 20, 57, 61, 28, 5, 89, 35, 51, 94, 2, 59, 45, 73, 36, 88, 40, 62, 30, 8, 42, 75, 3, 6, 46, 23, 92, 93, 9, 72, 70, 22, 68, 98, 77, 87]|[0, 2, 0, 0, 1, 1, 2, 2, 2, 1, 2, 1, 0, 1, 2, 0, 1, 2, 1, 0, 2, 0, 0, 0, 2, 2, 1, 2, 2, 0, 2, 2, 2, 1, 1, 2, 1, 0, 1, 2, 1, 1, 2, 0, 0, 0, 1, 1, 0, 1, 0, 1, 1, 2, 1, 1, 1, 1, 0, 1, 0, 0, 1, 0, 2, 1, 0, 0, 2, 1, 1, 1, 2, 2, 1, 2, 0, 2, 2, 0, 0, 1, 0, 2, 2, 2, 2, 0, 1, 0, 1, 2, 2, 0, 1, 1, 1, 0, 2, 0]|[0, 4, 0, 0, 3, 2, 1, 2, 0, 0, 4, 3, 1, 2, 0, 0, 3, 4, 1, 1, 2, 2, 1, 0, 1, 3, 0, 2, 4, 2, 1, 0, 3, 0, 3, 4, 2, 2, 2, 0, 2, 0, 4, 1, 1, 1, 3, 1, 1, 3, 0, 2, 2, 1, 3, 3, 1, 1, 0, 3, 1, 1, 2, 2, 4, 3, 2, 0, 3, 3, 0, 0, 2, 1, 2, 0, 2, 3, 0, 1, 1, 0, 2, 2, 0, 2, 2, 2, 1, 2, 0, 4, 2, 2, 1, 1, 2, 1, 0, 0]|[1, 3, 0, 0, 0, 2, 0, 3, 2, 1, 1, 1, 1, 2, 0, 0, 2, 1, 0, 1, 3, 0, 1, 1, 3, 0, 0, 2, 2, 0, 1, 0, 0, 1, 0, 0, 2, 1, 2, 1, 1, 0, 3, 1, 1, 1, 0, 1, 0, 2, 0, 0, 1, 2, 0, 1, 0, 0, 0, 1, 1, 1, 0, 0, 0, 2, 0, 1, 1, 0, 2, 0, 2, 0, 2, 2, 1, 0, 3, 0, 1, 1, 1, 2, 3, 3, 2, 0, 0, 0, 1, 1, 2, 0, 1, 1, 0, 1, 1, 1],872.853337927660;128680.406818789720;378598.706926726100,false,0
7,1,700,G1_CMAX,[63, 30, 89, 27, 96, 75, 26, 76, 58, 1, 12, 40, 78, 16, 80, 84, 49, 11, 85, 15, 83, 47, 0, 14, 64, 73, 35, 9, 81, 44, 95, 82, 88, 4, 86, 68, 24, 52, 56, 92, 32, 94, 45, 42, 18, 34, 90, 87, 31, 50, 66, 3, 33, 99, 48, 25, 57, 17, 53, 65, 79, 67, 10, 13, 98, 7, 39, 38, 59, 61, 5, 29, 2, 69, 8, 54, 21, 74, 71, 93, 41, 72, 20, 55, 77, 28, 51, 97, 6, 19, 46, 70, 43, 60, 23, 36, 37, 91, 22, 62]|[0, 1, 1, 0, 1, 1, 1, 0, 1, 2, 0, 1, 1, 1, 0, 0, 2, 1, 1, 2, 2, 0, 0, 2, 2, 2, 1, 2, 1, 0, 0, 1, 2, 1, 0, 1, 0, 0, 2, 0, 0, 2, 1, 2, 1, 1, 1, 2, 0, 2, 1, 2, 2, 2, 2, 2, 2, 2, 1, 1, 0, 0, 1, 2, 1, 0, 0, 2, 2, 1, 1, 2, 2, 2, 1, 1, 2, 0, 1, 1, 0, 0, 2, 1, 2, 2, 2, 0, 1, 2, 2, 1, 2, 0, 0, 0, 1, 2, 1, 1]|[0, 1, 0, 0, 1, 2, 3, 2, 0, 2, 0, 1, 1, 2, 1, 2, 4, 0, 1, 3, 2, 2, 1, 1, 1, 2, 3, 1, 3, 2, 1, 3, 4, 0, 0, 2, 0, 2, 2, 2, 2, 0, 2, 0, 1, 1, 3, 1, 1, 1, 0, 2, 4, 2, 1, 3, 4, 0, 1, 1, 1, 1, 1, 3, 2, 0, 1, 3, 0, 0, 1, 1, 3, 3, 0, 2, 0, 1, 2, 1, 2, 0, 4, 3, 0, 3, 2, 2, 3, 0, 1, 1, 3, 2, 2, 0, 2, 1, 2, 1]|[1, 0, 2, 0, 1, 2, 0, 1, 1, 3, 0, 1, 1, 2, 0, 1, 0, 0, 1, 2, 3, 0, 1, 1, 0, 2, 0, 1, 0, 0, 0, 0, 1, 1, 1, 0, 1, 1, 2, 0, 0, 1, 0, 3, 1, 0, 1, 2, 0, 2, 2, 2, 1, 3, 1, 0, 2, 1, 0, 2, 1, 0, 1, 3, 0, 1, 1, 2, 2, 0, 0, 1, 2, 2, 0, 1, 1, 1, 0, 0, 0, 0, 0, 1, 1, 1, 0, 1, 0, 0, 1, 1, 3, 1, 0, 0, 2, 1, 0, 1],861.654264020419;128607.591285472810;382083.274253520900,false,0
7,1,700,G4_BALANCED,[7, 50, 55, 49, 78, 95, 40, 9, 2, 98, 72, 28, 71, 27, 81, 66, 8, 64, 85, 15, 83, 47, 0, 14, 12, 25, 84, 65, 80, 76, 29, 82, 13, 4, 86, 63, 54, 52, 56, 21, 32, 1, 38, 74, 39, 33, 60, 96, 69, 31, 90, 43, 37, 99, 92, 67, 53, 34, 79, 91, 97, 17, 10, 41, 58, 20, 57, 61, 18, 5, 89, 35, 51, 94, 19, 59, 45, 73, 36, 88, 11, 62, 30, 16, 42, 75, 93, 87, 22, 24, 26, 68, 46, 48, 6, 70, 3, 77, 23, 44]|[0, 2, 0, 0, 1, 1, 2, 2, 2, 0, 1, 2, 1, 1, 2, 0, 2, 2, 1, 0, 2, 0, 0, 0, 2, 2, 0, 2, 2, 2, 2, 2, 2, 1, 1, 2, 1, 1, 0, 2, 1, 1, 2, 0, 1, 0, 1, 0, 0, 1, 0, 1, 1, 2, 1, 1, 1, 1, 0, 1, 0, 0, 1, 0, 2, 1, 0, 0, 1, 1, 1, 1, 2, 2, 1, 2, 0, 2, 2, 0, 2, 1, 0, 1, 1, 2, 2, 0, 1, 1, 0, 1, 1, 1, 0, 2, 2, 2, 0, 2]|[0, 4, 0, 0, 3, 2, 1, 2, 0, 1, 2, 3, 1, 0, 0, 0, 2, 4, 1, 2, 2, 2, 1, 0, 1, 3, 0, 2, 0, 2, 1, 0, 3, 0, 3, 4, 2, 3, 0, 0, 2, 3, 4, 1, 1, 1, 3, 1, 1, 3, 0, 2, 2, 1, 2, 1, 1, 1, 0, 3, 1, 1, 0, 2, 4, 3, 2, 0, 0, 3, 0, 0, 2, 1, 3, 0, 1, 3, 0, 1, 4, 0, 2, 2, 0, 2, 4, 0, 1, 0, 2, 2, 1, 0, 2, 4, 2, 0, 2, 2]|[1, 3, 0, 0, 0, 2, 0, 2, 2, 1, 0, 1, 1, 2, 0, 0, 2, 1, 0, 0, 3, 0, 1, 1, 3, 0, 0, 2, 0, 1, 1, 0, 0, 1, 0, 0, 2, 1, 0, 1, 1, 0, 3, 1, 0, 1, 0, 1, 0, 2, 0, 0, 1, 2, 2, 0, 0, 0, 0, 1, 1, 1, 1, 1, 0, 2, 0, 1, 2, 0, 2, 0, 2, 0, 0, 2, 1, 0, 3, 0, 1, 1, 1, 2, 2, 3, 1, 1, 1, 1, 0, 0, 0, 1, 0, 3, 2, 1, 0, 3],879.846552497990;130216.317519067100;374032.703698169300,false,0
7,1,700,G2_TEC,[7, 50, 55, 49, 78, 95, 64, 44, 19, 48, 26, 18, 96, 16, 80, 84, 27, 11, 85, 15, 83, 47, 0, 14, 12, 25, 66, 65, 81, 76, 29, 82, 13, 4, 86, 63, 54, 52, 56, 21, 32, 1, 38, 74, 39, 33, 60, 71, 69, 31, 90, 43, 37, 99, 24, 67, 53, 34, 79, 91, 97, 17, 10, 41, 58, 20, 57, 61, 28, 5, 89, 35, 51, 94, 2, 59, 45, 73, 36, 88, 40, 62, 30, 8, 42, 75, 3, 6, 46, 23, 92, 93, 9, 72, 70, 22, 68, 98, 77, 87]|[0, 2, 0, 0, 1, 1, 2, 2, 2, 1, 2, 1, 0, 1, 2, 0, 1, 2, 1, 0, 2, 0, 0, 0, 2, 2, 1, 2, 2, 0, 2, 2, 2, 1, 1, 2, 1, 0, 1, 2, 1, 1, 2, 0, 0, 0, 1, 1, 0, 1, 0, 1, 1, 2, 1, 1, 1, 1, 0, 1, 0, 0, 1, 0, 2, 1, 0, 0, 2, 1, 1, 1, 2, 2, 1, 2, 0, 2, 2, 0, 0, 1, 0, 2, 2, 2, 2, 0, 1, 0, 1, 2, 2, 0, 1, 1, 1, 0, 2, 0]|[0, 4, 0, 0, 3, 2, 1, 2, 0, 0, 4, 3, 1, 2, 0, 0, 3, 4, 1, 1, 2, 2, 1, 0, 1, 3, 0, 2, 4, 2, 1, 0, 3, 0, 3, 4, 2, 2, 2, 0, 2, 0, 4, 1, 1, 1, 3, 1, 1, 3, 0, 2, 2, 1, 3, 3, 1, 1, 0, 3, 1, 1, 2, 2, 4, 3, 2, 0, 3, 3, 0, 0, 2, 1, 2, 0, 2, 3, 0, 1, 1, 0, 2, 2, 0, 2, 2, 2, 1, 2, 0, 4, 2, 2, 1, 1, 2, 1, 0, 0]|[1, 3, 0, 0, 0, 2, 0, 3, 2, 1, 1, 1, 1, 2, 0, 0, 2, 1, 0, 1, 3, 0, 1, 1, 3, 0, 0, 2, 2, 0, 1, 0, 0, 1, 0, 0, 2, 1, 2, 1, 1, 0, 3, 1, 1, 1, 0, 1, 0, 2, 0, 0, 1, 2, 0, 1, 0, 0, 0, 1, 1, 1, 0, 0, 0, 2, 0, 1, 1, 0, 2, 0, 2, 0, 2, 2, 1, 0, 3, 0, 1, 1, 1, 2, 3, 3, 2, 0, 0, 0, 1, 1, 2, 0, 1, 1, 0, 1, 1, 1],872.853337927660;128680.406818789720;378598.706926726100,false,0
7,1,700,G3_TWC,[7, 50, 55, 49, 78, 95, 40, 9, 2, 98, 72, 28, 71, 27, 81, 66, 8, 64, 85, 15, 83, 47, 0, 14, 12, 25, 84, 65, 80, 76, 29, 82, 13, 4, 86, 63, 54, 52, 56, 21, 32, 1, 38, 74, 39, 33, 60, 96, 69, 31, 90, 43, 37, 99, 92, 67, 53, 34, 79, 91, 97, 17, 10, 41, 58, 20, 57, 61, 18, 5, 89, 35, 51, 94, 19, 59, 45, 73, 36, 88, 11, 62, 30, 16, 42, 75, 93, 87, 22, 24, 26, 68, 46, 48, 6, 70, 3, 77, 23, 44]|[0, 2, 0, 0, 1, 1, 2, 2, 2, 0, 1, 2, 1, 1, 2, 0, 2, 2, 1, 0, 2, 0, 0, 0, 2, 2, 0, 2, 2, 2, 2, 2, 2, 1, 1, 2, 1, 1, 0, 2, 1, 1, 2, 0, 1, 0, 1, 0, 0, 1, 0, 1, 1, 2, 1, 1, 1, 1, 0, 1, 0, 0, 1, 0, 2, 1, 0, 0, 1, 1, 1, 1, 2, 2, 1, 2, 0, 2, 2, 0, 2, 1, 0, 1, 1, 2, 2, 0, 1, 1, 0, 1, 1, 1, 0, 2, 2, 2, 0, 2]|[0, 4, 0, 0, 3, 2, 1, 2, 0, 1, 2, 3, 1, 0, 0, 0, 2, 4, 1, 2, 2, 2, 1, 0, 1, 3, 0, 2, 0, 2, 1, 0, 3, 0, 3, 4, 2, 3, 0, 0, 2, 3, 4, 1, 1, 1, 3, 1, 1, 3, 0, 2, 2, 1, 2, 1, 1, 1, 0, 3, 1, 1, 0, 2, 4, 3, 2, 0, 0, 3, 0, 0, 2, 1, 3, 0, 1, 3, 0, 1, 4, 0, 2, 2, 0, 2, 4, 0, 1, 0, 2, 2, 1, 0, 2, 4, 2, 0, 2, 2]|[1, 3, 0, 0, 0, 2, 0, 2, 2, 1, 0, 1, 1, 2, 0, 0, 2, 1, 0, 0, 3, 0, 1, 1, 3, 0, 0, 2, 0, 1, 1, 0, 0, 1, 0, 0, 2, 1, 0, 1, 1, 0, 3, 1, 0, 1, 0, 1, 0, 2, 0, 0, 1, 2, 2, 0, 0, 0, 0, 1, 1, 1, 1, 1, 0, 2, 0, 1, 2, 0, 2, 0, 2, 0, 0, 2, 1, 0, 3, 0, 1, 1, 1, 2, 2, 3, 1, 1, 1, 1, 0, 0, 0, 1, 0, 3, 2, 1, 0, 3],879.846552497990;130216.317519067100;374032.703698169300,false,0
8,1,800,G1_CMAX,[63, 30, 89, 27, 96, 75, 26, 76, 58, 1, 12, 40, 78, 16, 80, 84, 49, 11, 85, 15, 83, 47, 0, 14, 64, 73, 35, 9, 81, 44, 95, 82, 88, 4, 86, 68, 24, 52, 56, 92, 32, 94, 45, 42, 18, 34, 90, 87, 31, 50, 66, 3, 33, 99, 48, 25, 57, 17, 53, 65, 79, 67, 10, 13, 98, 7, 39, 38, 59, 61, 5, 29, 2, 69, 8, 54, 21, 74, 71, 93, 41, 72, 20, 55, 77, 28, 51, 97, 6, 19, 46, 70, 43, 60, 23, 36, 37, 91, 22, 62]|[0, 1, 1, 0, 1, 1, 1, 0, 1, 2, 0, 1, 1, 1, 0, 0, 2, 1, 1, 2, 2, 0, 0, 2, 2, 2, 1, 2, 1, 0, 0, 1, 2, 1, 0, 1, 0, 0, 2, 0, 0, 2, 1, 2, 1, 1, 1, 2, 0, 2, 1, 2, 2, 2, 2, 2, 2, 2, 1, 1, 0, 0, 1, 2, 1, 0, 0, 2, 2, 1, 1, 2, 2, 2, 1, 1, 2, 0, 1, 1, 0, 0, 2, 1, 2, 2, 2, 0, 1, 2, 2, 1, 2, 0, 0, 0, 1, 2, 1, 1]|[0, 1, 0, 0, 1, 2, 3, 2, 0, 2, 0, 1, 1, 2, 1, 2, 4, 0, 1, 3, 2, 2, 1, 1, 1, 2, 3, 1, 3, 2, 1, 3, 4, 0, 0, 2, 0, 2, 2, 2, 2, 0, 2, 0, 1, 1, 3, 1, 1, 1, 0, 2, 4, 2, 1, 3, 4, 0, 1, 1, 1, 1, 1, 3, 2, 0, 1, 3, 0, 0, 1, 1, 3, 3, 0, 2, 0, 1, 2, 1, 2, 0, 4, 3, 0, 3, 2, 2, 3, 0, 1, 1, 3, 2, 2, 0, 2, 1, 2, 1]|[1, 0, 2, 0, 1, 2, 0, 1, 1, 3, 0, 1, 1, 2, 0, 1, 0, 0, 1, 2, 3, 0, 1, 1, 0, 2, 0, 1, 0, 0, 0, 0, 1, 1, 1, 0, 1, 1, 2, 0, 0, 1, 0, 3, 1, 0, 1, 2, 0, 2, 2, 2, 1, 3, 1, 0, 2, 1, 0, 2, 1, 0, 1, 3, 0, 1, 1, 2, 2, 0, 0, 1, 2, 2, 0, 1, 1, 1, 0, 0, 0, 0, 0, 1, 1, 1, 0, 1, 0, 0, 1, 1, 3, 1, 0, 0, 2, 1, 0, 1],861.654264020419;128607.591285472810;382083.274253520900,false,0
8,1,800,G4_BALANCED,[7, 50, 55, 49, 78, 95, 40, 44, 19, 48, 72, 28, 71, 27, 81, 66, 8, 64, 85, 15, 83, 47, 0, 14, 12, 25, 84, 65, 80, 76, 29, 82, 13, 4, 86, 63, 54, 52, 56, 21, 32, 1, 38, 74, 39, 33, 60, 96, 69, 31, 90, 43, 37, 99, 92, 67, 53, 34, 79, 91, 97, 17, 10, 41, 58, 20, 57, 61, 18, 5, 89, 35, 51, 94, 2, 77, 45, 70, 24, 68, 23, 22, 26, 16, 36, 87, 59, 11, 88, 98, 62, 6, 42, 3, 73, 46, 9, 93, 30, 75]|[0, 1, 0, 0, 1, 1, 2, 1, 2, 0, 1, 2, 0, 1, 2, 0, 0, 1, 1, 0, 2, 0, 0, 0, 2, 2, 0, 1, 2, 2, 2, 1, 2, 1, 2, 2, 1, 1, 0, 2, 1, 2, 2, 0, 1, 0, 1, 1, 0, 0, 2, 1, 1, 2, 1, 1, 1, 1, 0, 2, 0, 0, 1, 2, 2, 0, 1, 0, 1, 0, 0, 2, 2, 2, 1, 2, 0, 2, 1, 0, 0, 1, 1, 2, 2, 0, 2, 2, 0, 0, 1, 0, 2, 2, 2, 1, 2, 2, 0, 0]|[0, 3, 0, 0, 3, 1, 1, 2, 0, 1, 2, 3, 1, 1, 0, 0, 0, 3, 1, 2, 2, 2, 1, 0, 1, 3, 0, 1, 2, 2, 1, 2, 3, 0, 2, 4, 2, 3, 0, 0, 2, 4, 4, 1, 3, 1, 3, 1, 1, 2, 4, 2, 2, 1, 2, 1, 1, 1, 0, 0, 1, 1, 2, 2, 4, 2, 3, 0, 0, 1, 2, 4, 2, 1, 3, 0, 1, 4, 0, 2, 2, 1, 0, 1, 4, 0, 0, 4, 1, 1, 0, 2, 0, 2, 3, 3, 1, 4, 2, 0]|[1, 1, 0, 0, 0, 0, 0, 1, 2, 1, 0, 1, 1, 0, 0, 0, 0, 2, 0, 0, 3, 0, 1, 1, 3, 0, 0, 0, 2, 1, 1, 0, 0, 1, 2, 0, 2, 1, 0, 1, 1, 1, 3, 1, 2, 1, 1, 1, 0, 1, 3, 2, 1, 2, 2, 0, 0, 0, 0, 0, 1, 1, 0, 0, 0, 0, 2, 1, 2, 0, 0, 3, 2, 0, 0, 1, 1, 3, 1, 1, 0, 1, 2, 2, 2, 1, 2, 1, 0, 1, 1, 0, 3, 2, 0, 0, 3, 1, 1, 1],873.195451987437;131824.498035726200;371409.216443773000,false,0
8,1,800,G2_TEC,[7, 50, 55, 49, 78, 95, 64, 44, 19, 48, 26, 18, 96, 16, 80, 84, 27, 11, 85, 15, 83, 47, 0, 14, 12, 25, 66, 65, 81, 76, 29, 82, 13, 4, 86, 63, 54, 52, 56, 21, 32, 1, 38, 74, 39, 33, 60, 71, 69, 31, 90, 43, 37, 99, 24, 67, 53, 34, 79, 91, 97, 17, 10, 41, 58, 20, 57, 61, 28, 5, 89, 35, 51, 94, 2, 59, 45, 73, 36, 88, 40, 62, 30, 8, 42, 75, 3, 6, 46, 23, 92, 93, 9, 72, 70, 22, 68, 98, 77, 87]|[0, 2, 0, 0, 1, 1, 2, 2, 2, 1, 2, 1, 0, 1, 2, 0, 1, 2, 1, 0, 2, 0, 0, 0, 2, 2, 1, 2, 2, 0, 2, 2, 2, 1, 1, 2, 1, 0, 1, 2, 1, 1, 2, 0, 0, 0, 1, 1, 0, 1, 0, 1, 1, 2, 1, 1, 1, 1, 0, 1, 0, 0, 1, 0, 2, 1, 0, 0, 2, 1, 1, 1, 2, 2, 1, 2, 0, 2, 2, 0, 0, 1, 0, 2, 2, 2, 2, 0, 1, 0, 1, 2, 2, 0, 1, 1, 1, 0, 2, 0]|[0, 4, 0, 0, 3, 2, 1, 2, 0, 0, 4, 3, 1, 2, 0, 0, 3, 4, 1, 1, 2, 2, 1, 0, 1, 3, 0, 2, 4, 2, 1, 0, 3, 0, 3, 4, 2, 2, 2, 0, 2, 0, 4, 1, 1, 1, 3, 1, 1, 3, 0, 2, 2, 1, 3, 3, 1, 1, 0, 3, 1, 1, 2, 2, 4, 3, 2, 0, 3, 3, 0, 0, 2, 1, 2, 0, 2, 3, 0, 1, 1, 0, 2, 2, 0, 2, 2, 2, 1, 2, 0, 4, 2, 2, 1, 1, 2, 1, 0, 0]|[1, 3, 0, 0, 0, 2, 0, 3, 2, 1, 1, 1, 1, 2, 0, 0, 2, 1, 0, 1, 3, 0, 1, 1, 3, 0, 0, 2, 2, 0, 1, 0, 0, 1, 0, 0, 2, 1, 2, 1, 1, 0, 3, 1, 1, 1, 0, 1, 0, 2, 0, 0, 1, 2, 0, 1, 0, 0, 0, 1, 1, 1, 0, 0, 0, 2, 0, 1, 1, 0, 2, 0, 2, 0, 2, 2, 1, 0, 3, 0, 1, 1, 1, 2, 3, 3, 2, 0, 0, 0, 1, 1, 2, 0, 1, 1, 0, 1, 1, 1],872.853337927660;128680.406818789720;378598.706926726100,false,0
8,1,800,G3_TWC,[7, 50, 55, 49, 78, 95, 40, 9, 2, 98, 72, 28, 71, 27, 81, 66, 8, 64, 85, 15, 83, 47, 0, 14, 12, 25, 84, 65, 80, 76, 29, 82, 13, 4, 86, 63, 54, 52, 56, 21, 32, 1, 38, 74, 39, 33, 60, 96, 69, 31, 90, 43, 37, 99, 92, 67, 53, 34, 79, 91, 97, 17, 10, 41, 58, 20, 57, 61, 18, 5, 89, 35, 51, 94, 19, 59, 45, 73, 36, 88, 11, 62, 30, 16, 42, 75, 93, 87, 22, 24, 26, 68, 46, 48, 6, 70, 3, 77, 23, 44]|[0, 2, 0, 0, 1, 1, 2, 2, 2, 0, 1, 2, 1, 1, 2, 0, 2, 2, 1, 0, 2, 0, 0, 0, 2, 2, 0, 2, 2, 2, 2, 2, 2, 1, 1, 2, 1, 1, 0, 2, 1, 1, 2, 0, 1, 0, 1, 0, 0, 1, 0, 1, 1, 2, 1, 1, 1, 1, 0, 1, 0, 0, 1, 0, 2, 1, 0, 0, 1, 1, 1, 1, 2, 2, 1, 2, 0, 2, 2, 0, 2, 1, 0, 1, 1, 2, 2, 0, 1, 1, 0, 1, 1, 1, 0, 2, 2, 2, 0, 2]|[0, 4, 0, 0, 3, 2, 1, 2, 0, 1, 2, 3, 1, 0, 0, 0, 2, 4, 1, 2, 2, 2, 1, 0, 1, 3, 0, 2, 0, 2, 1, 0, 3, 0, 3, 4, 2, 3, 0, 0, 2, 3, 4, 1, 1, 1, 3, 1, 1, 3, 0, 2, 2, 1, 2, 1, 1, 1, 0, 3, 1, 1, 0, 2, 4, 3, 2, 0, 0, 3, 0, 0, 2, 1, 3, 0, 1, 3, 0, 1, 4, 0, 2, 2, 0, 2, 4, 0, 1, 0, 2, 2, 1, 0, 2, 4, 2, 0, 2, 2]|[1, 3, 0, 0, 0, 2, 0, 2, 2, 1, 0, 1, 1, 2, 0, 0, 2, 1, 0, 0, 3, 0, 1, 1, 3, 0, 0, 2, 0, 1, 1, 0, 0, 1, 0, 0, 2, 1, 0, 1, 1, 0, 3, 1, 0, 1, 0, 1, 0, 2, 0, 0, 1, 2, 2, 0, 0, 0, 0, 1, 1, 1, 1, 1, 0, 2, 0, 1, 2, 0, 2, 0, 2, 0, 0, 2, 1, 0, 3, 0, 1, 1, 1, 2, 2, 3, 1, 1, 1, 1, 0, 0, 0, 1, 0, 3, 2, 1, 0, 3],879.846552497990;130216.317519067100;374032.703698169300,false,0
9,1,900,G1_CMAX,[7, 50, 55, 49, 78, 95, 64, 44, 19, 48, 26, 18, 96, 16, 80, 84, 27, 11, 85, 15, 83, 47, 0, 14, 12, 25, 66, 65, 81, 76, 29, 82, 13, 4, 86, 63, 54, 52, 56, 21, 32, 1, 38, 74, 39, 33, 60, 71, 69, 31, 90, 43, 37, 99, 24, 67, 92, 22, 62, 35, 23, 68, 53, 70, 72, 6, 97, 20, 3, 51, 94, 59, 89, 79, 2, 75, 5, 98, 30, 8, 17, 57, 73, 42, 36, 87, 9, 34, 45, 61, 77, 91, 58, 10, 40, 88, 46, 41, 28, 93]|[0, 2, 1, 1, 0, 0, 2, 2, 2, 1, 1, 0, 1, 2, 2, 0, 0, 2, 1, 0, 0, 0, 1, 2, 2, 2, 1, 2, 0, 0, 2, 2, 0, 1, 1, 2, 1, 0, 1, 2, 2, 1, 2, 2, 1, 2, 1, 1, 0, 1, 2, 2, 1, 2, 0, 1, 1, 1, 1, 1, 2, 1, 1, 2, 0, 1, 2, 0, 2, 0, 0, 2, 1, 2, 1, 0, 1, 1, 0, 0, 1, 0, 1, 2, 2, 1, 2, 1, 0, 1, 2, 1, 2, 1, 0, 0, 2, 0, 1, 0]|[0, 4, 3, 3, 0, 1, 3, 1, 0, 0, 3, 1, 1, 3, 0, 0, 0, 1, 1, 1, 0, 2, 2, 0, 1, 3, 0, 4, 2, 2, 1, 0, 2, 0, 3, 3, 2, 2, 2, 0, 3, 0, 4, 2, 2, 4, 3, 1, 1, 3, 0, 0, 2, 2, 1, 0, 0, 1, 3, 2, 3, 2, 1, 3, 2, 1, 3, 1, 2, 0, 2, 0, 0, 1, 2, 2, 3, 0, 2, 0, 1, 2, 0, 0, 0, 3, 2, 1, 2, 1, 0, 0, 4, 2, 1, 1, 2, 2, 2, 1]|[1, 3, 2, 0, 0, 1, 1, 3, 2, 1, 1, 0, 0, 1, 0, 1, 0, 2, 0, 1, 1, 0, 2, 2, 3, 0, 0, 1, 1, 0, 1, 0, 1, 1, 0, 1, 1, 1, 2, 1, 3, 0, 3, 1, 2, 0, 0, 1, 0, 2, 1, 1, 1, 3, 1, 2, 1, 1, 0, 0, 1, 0, 0, 2, 0, 1, 1, 1, 2, 1, 1, 2, 2, 3, 2, 0, 0, 1, 1, 0, 2, 0, 1, 3, 3, 2, 2, 1, 1, 1, 1, 1, 0, 0, 1, 0, 2, 0, 0, 1],908.807093201480;129551.267228198820;373893.422194527100,false,0
9,1,900,G4_BALANCED,[7, 50, 55, 49, 78, 95, 40, 44, 19, 48, 72, 28, 71, 27, 81, 66, 8, 64, 85, 15, 83, 47, 0, 14, 12, 25, 84, 65, 80, 76, 29, 82, 13, 4, 86, 63, 54, 52, 56, 21, 32, 1, 38, 74, 39, 33, 60, 96, 69, 31, 90, 43, 37, 99, 92, 67, 53, 34, 79, 91, 97, 17, 10, 41, 58, 20, 57, 61, 18, 5, 89, 35, 51, 94, 2, 77, 45, 70, 24, 68, 23, 22, 26, 16, 36, 87, 59, 11, 88, 98, 62, 6, 42, 3, 73, 46, 9, 93, 30, 75]|[0, 1, 0, 0, 1, 1, 2, 1, 2, 0, 1, 2, 0, 1, 2, 0, 0, 1, 1, 0, 2, 0, 0, 0, 2, 2, 0, 1, 2, 2, 2, 1, 2, 1, 2, 2, 1, 1, 0, 2, 1, 2, 2, 0, 1, 0, 1, 1, 0, 0, 2, 1, 1, 2, 1, 1, 1, 1, 0, 2, 0, 0, 1, 2, 2, 0, 1, 0, 1, 0, 0, 2, 2, 2, 1, 2, 0, 2, 1, 0, 0, 1, 1, 2, 2, 0, 2, 2, 0, 0, 1, 0, 2, 2, 2, 1, 2, 2, 0, 0]|[0, 3, 0, 0, 3, 1, 1, 2, 0, 1, 2, 3, 1, 1, 0, 0, 0, 3, 1, 2, 2, 2, 1, 0, 1, 3, 0, 1, 2, 2, 1, 2, 3, 0, 2, 4, 2, 3, 0, 0, 2, 4, 4, 1, 3, 1, 3, 1, 1, 2, 4, 2, 2, 1, 2, 1, 1, 1, 0, 0, 1, 1, 2, 2, 4, 2, 3, 0, 0, 1, 2, 4, 2, 1, 3, 0, 1, 4, 0, 2, 2, 1, 0, 1, 4, 0, 0, 4, 1, 1, 0, 2, 0, 2, 3, 3, 1, 4, 2, 0]|[1, 1, 0, 0, 0, 0, 0, 1, 2, 1, 0, 1, 1, 0, 0, 0, 0, 2, 0, 0, 3, 0, 1, 1, 3, 0, 0, 0, 2, 1, 1, 0, 0, 1, 2, 0, 2, 1, 0, 1, 1, 1, 3, 1, 2, 1, 1, 1, 0, 1, 3, 2, 1, 2, 2, 0, 0, 0, 0, 0, 1, 1, 0, 0, 0, 0, 2, 1, 2, 0, 0, 3, 2, 0, 0, 1, 1, 3, 1, 1, 0, 1, 2, 2, 2, 1, 2, 1, 0, 1, 1, 0, 3, 2, 0, 0, 3, 1, 1, 1],873.195451987437;131824.498035726200;371409.216443773000,false,0
9,1,900,G2_TEC,[7, 50, 55, 49, 78, 95, 40, 9, 2, 98, 72, 28, 71, 27, 81, 66, 8, 64, 85, 15, 83, 47, 0, 14, 12, 25, 84, 65, 80, 76, 29, 82, 13, 4, 86, 63, 54, 52, 56, 21, 32, 1, 38, 74, 39, 33, 60, 96, 69, 31, 90, 43, 37, 99, 24, 67, 53, 34, 79, 91, 97, 17, 10, 41, 58, 20, 57, 61, 18, 5, 89, 35, 51, 94, 19, 59, 45, 73, 36, 88, 11, 62, 30, 16, 42, 75, 23, 70, 3, 93, 46, 44, 77, 6, 48, 68, 87, 26, 22, 92]|[0, 1, 0, 0, 1, 1, 0, 2, 2, 0, 1, 1, 1, 1, 2, 0, 2, 2, 1, 0, 2, 0, 1, 2, 2, 2, 1, 2, 2, 2, 2, 2, 2, 1, 0, 2, 1, 1, 0, 2, 1, 1, 2, 0, 1, 2, 1, 1, 1, 1, 0, 1, 1, 2, 1, 1, 1, 1, 2, 1, 2, 0, 1, 0, 2, 1, 0, 0, 1, 1, 1, 1, 2, 1, 1, 2, 0, 2, 2, 0, 2, 1, 2, 2, 1, 2, 0, 2, 1, 2, 1, 2, 2, 0, 1, 1, 0, 1, 2, 1]|[0, 1, 0, 0, 3, 2, 1, 2, 0, 1, 3, 2, 1, 0, 4, 0, 2, 4, 1, 1, 2, 2, 2, 0, 1, 3, 0, 2, 0, 2, 1, 0, 3, 0, 2, 4, 2, 3, 0, 0, 2, 3, 4, 1, 1, 4, 3, 1, 1, 3, 0, 2, 2, 1, 3, 3, 1, 1, 1, 3, 3, 1, 2, 2, 4, 3, 2, 0, 2, 3, 0, 0, 2, 0, 3, 0, 1, 3, 0, 1, 4, 0, 2, 2, 0, 2, 2, 4, 2, 4, 1, 2, 0, 2, 2, 2, 0, 3, 0, 0]|[1, 0, 0, 0, 0, 2, 1, 2, 2, 1, 1, 0, 1, 2, 2, 1, 2, 1, 0, 1, 3, 0, 0, 2, 3, 0, 0, 2, 0, 1, 1, 0, 0, 1, 0, 0, 2, 1, 0, 1, 1, 0, 3, 1, 0, 0, 0, 1, 1, 2, 0, 0, 1, 2, 0, 1, 0, 0, 3, 1, 1, 1, 0, 0, 0, 2, 0, 1, 0, 0, 2, 0, 2, 1, 0, 2, 1, 0, 3, 0, 1, 1, 0, 2, 2, 3, 0, 3, 0, 1, 0, 2, 1, 0, 0, 0, 1, 1, 3, 1],1084.763555214080;126864.690037092540;387582.511784917270,false,0
9,1,900,G3_TWC,[63, 30, 89, 27, 96, 75, 26, 76, 58, 1, 12, 40, 78, 16, 80, 84, 49, 11, 85, 15, 83, 47, 0, 14, 64, 73, 35, 9, 81, 44, 95, 82, 88, 4, 86, 68, 24, 52, 56, 92, 32, 94, 45, 42, 18, 34, 90, 87, 31, 50, 66, 3, 33, 99, 21, 67, 53, 37, 79, 91, 97, 17, 10, 41, 25, 20, 57, 61, 39, 48, 43, 55, 23, 7, 6, 28, 13, 59, 62, 51, 65, 22, 98, 71, 5, 60, 70, 72, 8, 54, 36, 19, 77, 74, 2, 46, 38, 93, 69, 29]|[0, 1, 1, 0, 1, 2, 1, 0, 1, 2, 2, 1, 1, 1, 0, 1, 2, 1, 1, 2, 2, 0, 0, 0, 2, 0, 1, 1, 2, 2, 1, 1, 2, 1, 1, 0, 1, 0, 2, 0, 1, 2, 1, 2, 1, 1, 1, 2, 1, 2, 1, 2, 2, 2, 2, 0, 1, 1, 0, 2, 0, 2, 1, 0, 2, 2, 2, 0, 0, 1, 2, 1, 0, 0, 0, 2, 2, 2, 1, 2, 1, 1, 1, 0, 1, 0, 1, 2, 2, 1, 1, 0, 2, 0, 2, 1, 2, 2, 0, 2]|[0, 1, 0, 0, 1, 2, 3, 2, 1, 2, 4, 1, 1, 2, 1, 0, 4, 0, 1, 3, 2, 2, 1, 1, 1, 0, 3, 1, 4, 2, 2, 3, 3, 0, 3, 1, 2, 2, 2, 2, 2, 0, 2, 0, 1, 2, 3, 1, 3, 4, 0, 2, 4, 1, 0, 1, 1, 2, 1, 1, 2, 0, 1, 2, 4, 4, 0, 0, 1, 3, 2, 0, 2, 0, 2, 3, 3, 0, 1, 2, 1, 2, 2, 0, 3, 2, 1, 4, 1, 2, 0, 2, 0, 1, 3, 1, 2, 4, 2, 2]|[1, 0, 2, 0, 1, 3, 2, 1, 1, 3, 1, 1, 1, 2, 0, 0, 0, 0, 1, 2, 3, 0, 1, 1, 0, 0, 0, 0, 3, 1, 0, 0, 2, 1, 0, 1, 0, 1, 2, 0, 1, 1, 0, 3, 1, 1, 1, 2, 2, 3, 0, 2, 1, 2, 1, 0, 0, 1, 1, 1, 1, 1, 1, 0, 0, 0, 2, 1, 1, 0, 2, 2, 0, 1, 0, 1, 3, 2, 1, 0, 2, 0, 0, 1, 0, 1, 1, 1, 2, 0, 1, 0, 1, 1, 2, 0, 2, 1, 1, 3],910.062131857675;128544.042870063350;396236.015496193100,false,0
10,1,1000,G1_CMAX,[63, 30, 89, 27, 96, 75, 26, 76, 58, 1, 12, 40, 78, 16, 80, 84, 49, 11, 85, 15, 83, 47, 0, 14, 64, 73, 35, 9, 81, 44, 95, 82, 88, 4, 86, 68, 24, 52, 56, 92, 32, 94, 45, 42, 18, 34, 90, 87, 31, 50, 66, 3, 33, 99, 48, 25, 57, 17, 53, 65, 79, 67, 10, 13, 98, 7, 39, 38, 59, 61, 5, 29, 2, 69, 8, 54, 21, 74, 71, 93, 41, 72, 20, 55, 77, 28, 51, 97, 6, 19, 46, 70, 43, 60, 23, 36, 37, 91, 22, 62]|[0, 1, 1, 0, 1, 1, 1, 0, 1, 2, 0, 1, 1, 1, 0, 0, 2, 1, 1, 2, 2, 0, 0, 2, 2, 2, 1, 2, 1, 0, 0, 1, 2, 1, 0, 1, 0, 0, 2, 0, 0, 2, 1, 2, 1, 1, 1, 2, 0, 2, 1, 2, 2, 2, 2, 2, 2, 2, 1, 1, 0, 0, 1, 2, 1, 0, 0, 2, 2, 1, 1, 2, 2, 2, 1, 1, 2, 0, 1, 1, 0, 0, 2, 1, 2, 2, 2, 0, 1, 2, 2, 1, 2, 0, 0, 0, 1, 2, 1, 1]|[0, 1, 0, 0, 1, 2, 3, 2, 0, 2, 0, 1, 1, 2, 1, 2, 4, 0, 1, 3, 2, 2, 1, 1, 1, 2, 3, 1, 3, 2, 1, 3, 4, 0, 0, 2, 0, 2, 2, 2, 2, 0, 2, 0, 1, 1, 3, 1, 1, 1, 0, 2, 4, 2, 1, 3, 4, 0, 1, 1, 1, 1, 1, 3, 2, 0, 1, 3, 0, 0, 1, 1, 3, 3, 0, 2, 0, 1, 2, 1, 2, 0, 4, 3, 0, 3, 2, 2, 3, 0, 1, 1, 3, 2, 2, 0, 2, 1, 2, 1]|[1, 0, 2, 0, 1, 2, 0, 1, 1, 3, 0, 1, 1, 2, 0, 1, 0, 0, 1, 2, 3, 0, 1, 1, 0, 2, 0, 1, 0, 0, 0, 0, 1, 1, 1, 0, 1, 1, 2, 0, 0, 1, 0, 3, 1, 0, 1, 2, 0, 2, 2, 2, 1, 3, 1, 0, 2, 1, 0, 2, 1, 0, 1, 3, 0, 1, 1, 2, 2, 0, 0, 1, 2, 2, 0, 1, 1, 1, 0, 0, 0, 0, 0, 1, 1, 1, 0, 1, 0, 0, 1, 1, 3, 1, 0, 0, 2, 1, 0, 1],861.654264020419;128607.591285472810;382083.274253520900,false,0
10,1,1000,G4_BALANCED,[7, 50, 55, 49, 78, 95, 40, 44, 19, 48, 72, 28, 71, 27, 81, 66, 8, 64, 85, 15, 83, 47, 0, 14, 12, 25, 84, 65, 80, 76, 29, 82, 13, 4, 86, 63, 54, 52, 56, 21, 32, 1, 38, 74, 39, 33, 60, 96, 69, 31, 90, 43, 37, 99, 92, 67, 53, 34, 79, 91, 97, 17, 10, 41, 58, 20, 57, 61, 18, 5, 89, 35, 51, 94, 2, 77, 45, 70, 24, 68, 23, 22, 26, 16, 36, 87, 59, 11, 88, 98, 62, 6, 42, 3, 73, 46, 9, 93, 30, 75]|[0, 1, 0, 0, 1, 1, 2, 1, 2, 0, 1, 2, 0, 1, 2, 0, 0, 1, 1, 0, 2, 0, 0, 0, 2, 2, 0, 1, 2, 2, 2, 1, 2, 1, 2, 2, 1, 1, 0, 2, 1, 2, 2, 0, 1, 0, 1, 1, 0, 0, 2, 1, 1, 2, 1, 1, 1, 1, 0, 2, 0, 0, 1, 2, 2, 0, 1, 0, 1, 0, 0, 2, 2, 2, 1, 2, 0, 2, 1, 0, 0, 1, 1, 2, 2, 0, 2, 2, 0, 0, 1, 0, 2, 2, 2, 1, 2, 2, 0, 0]|[0, 3, 0, 0, 3, 1, 1, 2, 0, 1, 2, 3, 1, 1, 0, 0, 0, 3, 1, 2, 2, 2, 1, 0, 1, 3, 0, 1, 2, 2, 1, 2, 3, 0, 2, 4, 2, 3, 0, 0, 2, 4, 4, 1, 3, 1, 3, 1, 1, 2, 4, 2, 2, 1, 2, 1, 1, 1, 0, 0, 1, 1, 2, 2, 4, 2, 3, 0, 0, 1, 2, 4, 2, 1, 3, 0, 1, 4, 0, 2, 2, 1, 0, 1, 4, 0, 0, 4, 1, 1, 0, 2, 0, 2, 3, 3, 1, 4, 2, 0]|[1, 1, 0, 0, 0, 0, 0, 1, 2, 1, 0, 1, 1, 0, 0, 0, 0, 2, 0, 0, 3, 0, 1, 1, 3, 0, 0, 0, 2, 1, 1, 0, 0, 1, 2, 0, 2, 1, 0, 1, 1, 1, 3, 1, 2, 1, 1, 1, 0, 1, 3, 2, 1, 2, 2, 0, 0, 0, 0, 0, 1, 1, 0, 0, 0, 0, 2, 1, 2, 0, 0, 3, 2, 0, 0, 1, 1, 3, 1, 1, 0, 1, 2, 2, 2, 1, 2, 1, 0, 1, 1, 0, 3, 2, 0, 0, 3, 1, 1, 1],873.195451987437;131824.498035726200;371409.216443773000,false,0
10,1,1000,G2_TEC,[7, 50, 55, 49, 78, 95, 64, 44, 19, 48, 26, 18, 96, 16, 80, 84, 27, 11, 85, 15, 83, 47, 0, 14, 12, 25, 66, 65, 81, 76, 29, 82, 13, 4, 86, 63, 54, 52, 56, 21, 32, 1, 38, 74, 39, 33, 60, 71, 69, 31, 90, 43, 37, 99, 24, 67, 53, 34, 79, 91, 97, 17, 10, 41, 58, 20, 5, 92, 93, 98, 3, 89, 23, 68, 6, 72, 88, 59, 62, 51, 9, 22, 94, 70, 40, 57, 73, 77, 36, 61, 75, 8, 42, 35, 2, 46, 30, 87, 28, 45]|[0, 2, 1, 1, 1, 1, 2, 2, 2, 1, 1, 1, 1, 2, 1, 0, 2, 2, 1, 0, 2, 0, 0, 2, 2, 0, 1, 1, 2, 0, 2, 2, 2, 1, 1, 2, 1, 0, 1, 1, 1, 2, 2, 2, 0, 0, 0, 0, 0, 1, 0, 1, 1, 2, 1, 0, 1, 1, 2, 2, 0, 0, 1, 2, 2, 1, 1, 1, 1, 1, 1, 1, 0, 1, 0, 0, 0, 2, 0, 0, 2, 1, 2, 1, 1, 2, 2, 2, 1, 1, 2, 2, 2, 1, 1, 1, 0, 0, 2, 1]|[0, 4, 0, 2, 3, 2, 1, 2, 0, 0, 3, 3, 2, 1, 1, 0, 2, 4, 1, 1, 2, 2, 1, 1, 1, 0, 0, 1, 4, 2, 2, 0, 3, 0, 3, 4, 2, 2, 2, 1, 2, 3, 4, 0, 1, 1, 0, 1, 1, 2, 0, 0, 1, 1, 3, 2, 1, 2, 1, 0, 1, 1, 2, 0, 4, 3, 3, 0, 2, 2, 1, 0, 2, 2, 2, 2, 1, 0, 1, 0, 2, 1, 1, 0, 3, 0, 3, 0, 1, 1, 2, 2, 0, 0, 2, 1, 2, 0, 3, 1]|[1, 3, 0, 2, 0, 2, 0, 3, 2, 1, 1, 1, 0, 2, 0, 0, 0, 1, 0, 1, 3, 0, 1, 1, 3, 0, 0, 0, 3, 0, 0, 0, 0, 1, 0, 0, 0, 1, 2, 1, 1, 1, 3, 3, 1, 1, 0, 1, 0, 0, 0, 0, 2, 2, 0, 0, 2, 1, 3, 1, 1, 1, 0, 2, 0, 2, 0, 1, 2, 0, 0, 2, 0, 0, 0, 0, 0, 2, 0, 0, 2, 1, 0, 1, 2, 2, 0, 1, 1, 1, 3, 2, 3, 0, 2, 0, 1, 1, 1, 0],980.909571116560;127455.300965494390;382428.308606384730,false,0
10,1,1000,G3_TWC,[63, 30, 89, 27, 96, 75, 26, 76, 58, 1, 12, 40, 78, 16, 80, 84, 49, 11, 85, 15, 83, 47, 0, 14, 64, 73, 35, 9, 81, 44, 95, 82, 88, 4, 86, 68, 24, 52, 56, 92, 32, 94, 45, 42, 18, 34, 90, 87, 31, 50, 66, 3, 33, 99, 21, 67, 53, 37, 79, 91, 97, 17, 10, 41, 25, 20, 57, 61, 39, 48, 43, 55, 23, 7, 6, 28, 13, 59, 62, 51, 65, 22, 98, 71, 5, 60, 70, 72, 8, 54, 36, 19, 77, 74, 2, 46, 38, 93, 69, 29]|[0, 1, 1, 0, 1, 2, 1, 0, 1, 2, 2, 1, 1, 1, 0, 1, 2, 1, 1, 2, 2, 0, 0, 0, 2, 0, 1, 1, 2, 2, 1, 1, 2, 1, 1, 0, 1, 0, 2, 0, 1, 2, 1, 2, 1, 1, 1, 2, 1, 2, 1, 2, 2, 2, 2, 0, 1, 1, 0, 2, 0, 2, 1, 0, 2, 2, 2, 0, 0, 1, 2, 1, 0, 0, 0, 2, 2, 2, 1, 2, 1, 1, 1, 0, 1, 0, 1, 2, 2, 1, 1, 0, 2, 0, 2, 1, 2, 2, 0, 2]|[0, 1, 0, 0, 1, 2, 3, 2, 1, 2, 4, 1, 1, 2, 1, 0, 4, 0, 1, 3, 2, 2, 1, 1, 1, 0, 3, 1, 4, 2, 2, 3, 3, 0, 3, 1, 2, 2, 2, 2, 2, 0, 2, 0, 1, 2, 3, 1, 3, 4, 0, 2, 4, 1, 0, 1, 1, 2, 1, 1, 2, 0, 1, 2, 4, 4, 0, 0, 1, 3, 2, 0, 2, 0, 2, 3, 3, 0, 1, 2, 1, 2, 2, 0, 3, 2, 1, 4, 1, 2, 0, 2, 0, 1, 3, 1, 2, 4, 2, 2]|[1, 0, 2, 0, 1, 3, 2, 1, 1, 3, 1, 1, 1, 2, 0, 0, 0, 0, 1, 2, 3, 0, 1, 1, 0, 0, 0, 0, 3, 1, 0, 0, 2, 1, 0, 1, 0, 1, 2, 0, 1, 1, 0, 3, 1, 1, 1, 2, 2, 3, 0, 2, 1, 2, 1, 0, 0, 1, 1, 1, 1, 1, 1, 0, 0, 0, 2, 1, 1, 0, 2, 2, 0, 1, 0, 1, 3, 2, 1, 0, 2, 0, 0, 1, 0, 1, 1, 1, 2, 0, 1, 0, 1, 1, 2, 0, 2, 1, 1, 3],910.062131857675;128544.042870063350;396236.015496193100,false,0
11,1,1100,G1_CMAX,[63, 30, 89, 27, 96, 75, 26, 76, 58, 1, 12, 40, 78, 16, 80, 84, 49, 11, 85, 15, 83, 47, 0, 14, 64, 73, 35, 9, 81, 44, 95, 82, 88, 4, 86, 68, 24, 52, 56, 92, 32, 94, 45, 42, 18, 34, 90, 87, 31, 50, 66, 3, 33, 99, 48, 25, 57, 17, 53, 65, 79, 67, 10, 13, 98, 7, 39, 38, 59, 61, 5, 29, 2, 69, 8, 54, 21, 74, 71, 93, 41, 72, 20, 55, 77, 28, 51, 97, 6, 19, 46, 70, 43, 60, 23, 36, 37, 91, 22, 62]|[0, 1, 1, 0, 1, 1, 1, 0, 1, 2, 0, 1, 1, 1, 0, 0, 2, 1, 1, 2, 2, 0, 0, 2, 2, 2, 1, 2, 1, 0, 0, 1, 2, 1, 0, 1, 0, 0, 2, 0, 0, 2, 1, 2, 1, 1, 1, 2, 0, 2, 1, 2, 2, 2, 2, 2, 2, 2, 1, 1, 0, 0, 1, 2, 1, 0, 0, 2, 2, 1, 1, 2, 2, 2, 1, 1, 2, 0, 1, 1, 0, 0, 2, 1, 2, 2, 2, 0, 1, 2, 2, 1, 2, 0, 0, 0, 1, 2, 1, 1]|[0, 1, 0, 0, 1, 2, 3, 2, 0, 2, 0, 1, 1, 2, 1, 2, 4, 0, 1, 3, 2, 2, 1, 1, 1, 2, 3, 1, 3, 2, 1, 3, 4, 0, 0, 2, 0, 2, 2, 2, 2, 0, 2, 0, 1, 1, 3, 1, 1, 1, 0, 2, 4, 2, 1, 3, 4, 0, 1, 1, 1, 1, 1, 3, 2, 0, 1, 3, 0, 0, 1, 1, 3, 3, 0, 2, 0, 1, 2, 1, 2, 0, 4, 3, 0, 3, 2, 2, 3, 0, 1, 1, 3, 2, 2, 0, 2, 1, 2, 1]|[1, 0, 2, 0, 1, 2, 0, 1, 1, 3, 0, 1, 1, 2, 0, 1, 0, 0, 1, 2, 3, 0, 1, 1, 0, 2, 0, 1, 0, 0, 0, 0, 1, 1, 1, 0, 1, 1, 2, 0, 0, 1, 0, 3, 1, 0, 1, 2, 0, 2, 2, 2, 1, 3, 1, 0, 2, 1, 0, 2, 1, 0, 1, 3, 0, 1, 1, 2, 2, 0, 0, 1, 2, 2, 0, 1, 1, 1, 0, 0, 0, 0, 0, 1, 1, 1, 0, 1, 0, 0, 1, 1, 3, 1, 0, 0, 2, 1, 0, 1],861.654264020419;128607.591285472810;382083.274253520900,false,0
11,1,1100,G4_BALANCED,[7, 50, 55, 49, 78, 95, 40, 44, 19, 48, 72, 28, 71, 27, 81, 66, 8, 64, 85, 15, 83, 47, 0, 14, 12, 25, 84, 65, 80, 76, 29, 82, 13, 4, 86, 63, 54, 52, 56, 21, 32, 1, 38, 74, 39, 33, 60, 96, 69, 31, 90, 43, 37, 99, 92, 67, 53, 34, 79, 91, 97, 17, 10, 41, 58, 20, 57, 61, 18, 5, 89, 35, 51, 94, 2, 77, 45, 70, 24, 68, 23, 22, 26, 16, 36, 87, 59, 11, 88, 98, 62, 6, 42, 3, 73, 46, 9, 93, 30, 75]|[0, 1, 0, 0, 1, 1, 2, 1, 2, 0, 1, 2, 0, 1, 2, 0, 0, 1, 1, 0, 2, 0, 0, 0, 2, 2, 0, 1, 2, 2, 2, 1, 2, 1, 2, 2, 1, 1, 0, 2, 1, 2, 2, 0, 1, 0, 1, 1, 0, 0, 2, 1, 1, 2, 1, 1, 1, 1, 0, 2, 0, 0, 1, 2, 2, 0, 1, 0, 1, 0, 0, 2, 2, 2, 1, 2, 0, 2, 1, 0, 0, 1, 1, 2, 2, 0, 2, 2, 0, 0, 1, 0, 2, 2, 2, 1, 2, 2, 0, 0]|[0, 3, 0, 0, 3, 1, 1, 2, 0, 1, 2, 3, 1, 1, 0, 0, 0, 3, 1, 2, 2, 2, 1, 0, 1, 3, 0, 1, 2, 2, 1, 2, 3, 0, 2, 4, 2, 3, 0, 0, 2, 4, 4, 1, 3, 1, 3, 1, 1, 2, 4, 2, 2, 1, 2, 1, 1, 1, 0, 0, 1, 1, 2, 2, 4, 2, 3, 0, 0, 1, 2, 4, 2, 1, 3, 0, 1, 4, 0, 2, 2, 1, 0, 1, 4, 0, 0, 4, 1, 1, 0, 2, 0, 2, 3, 3, 1, 4, 2, 0]|[1, 1, 0, 0, 0, 0, 0, 1, 2, 1, 0, 1, 1, 0, 0, 0, 0, 2, 0, 0, 3, 0, 1, 1, 3, 0, 0, 0, 2, 1, 1, 0, 0, 1, 2, 0, 2, 1, 0, 1, 1, 1, 3, 1, 2, 1, 1, 1, 0, 1, 3, 2, 1, 2, 2, 0, 0, 0, 0, 0, 1, 1, 0, 0, 0, 0, 2, 1, 2, 0, 0, 3, 2, 0, 0, 1, 1, 3, 1, 1, 0, 1, 2, 2, 2, 1, 2, 1, 0, 1, 1, 0, 3, 2, 0, 0, 3, 1, 1, 1],873.195451987437;131824.498035726200;371409.216443773000,false,0
11,1,1100,G2_TEC,[63, 30, 89, 27, 96, 75, 26, 76, 58, 1, 12, 40, 78, 16, 80, 84, 49, 11, 85, 15, 83, 47, 0, 14, 64, 73, 35, 9, 81, 44, 95, 82, 88, 4, 86, 68, 24, 52, 56, 92, 32, 94, 45, 42, 18, 34, 90, 87, 31, 50, 66, 3, 33, 99, 21, 67, 53, 37, 79, 91, 97, 17, 10, 41, 25, 20, 57, 61, 39, 48, 43, 55, 23, 7, 6, 28, 13, 59, 62, 51, 65, 22, 98, 71, 5, 60, 70, 72, 8, 54, 36, 19, 77, 74, 2, 46, 38, 93, 69, 29]|[0, 1, 1, 0, 1, 2, 1, 0, 1, 2, 2, 1, 1, 1, 0, 1, 2, 1, 1, 2, 2, 0, 0, 0, 2, 0, 1, 1, 2, 2, 1, 1, 2, 1, 1, 0, 1, 0, 2, 0, 1, 2, 1, 2, 1, 1, 1, 2, 1, 2, 1, 2, 2, 2, 2, 0, 1, 1, 0, 2, 0, 2, 1, 0, 2, 2, 2, 0, 0, 1, 2, 1, 0, 0, 0, 2, 2, 2, 1, 2, 1, 1, 1, 0, 1, 0, 1, 2, 2, 1, 1, 0, 2, 0, 2, 1, 2, 2, 0, 2]|[0, 1, 0, 0, 1, 2, 3, 2, 1, 2, 4, 1, 1, 2, 1, 0, 4, 0, 1, 3, 2, 2, 1, 1, 1, 0, 3, 1, 4, 2, 2, 3, 3, 0, 3, 1, 2, 2, 2, 2, 2, 0, 2, 0, 1, 2, 3, 1, 3, 4, 0, 2, 4, 1, 0, 1, 1, 2, 1, 1, 2, 0, 1, 2, 4, 4, 0, 0, 1, 3, 2, 0, 2, 0, 2, 3, 3, 0, 1, 2, 1, 2, 2, 0, 3, 2, 1, 4, 1, 2, 0, 2, 0, 1, 3, 1, 2, 4, 2, 2]|[1, 0, 2, 0, 1, 3, 2, 1, 1, 3, 1, 1, 1, 2, 0, 0, 0, 0, 1, 2, 3, 0, 1, 1, 0, 0, 0, 0, 3, 1, 0, 0, 2, 1, 0, 1, 0, 1, 2, 0, 1, 1, 0, 3, 1, 1, 1, 2, 2, 3, 0, 2, 1, 2, 1, 0, 0, 1, 1, 1, 1, 1, 1, 0, 0, 0, 2, 1, 1, 0, 2, 2, 0, 1, 0, 1, 3, 2, 1, 0, 2, 0, 0, 1, 0, 1, 1, 1, 2, 0, 1, 0, 1, 1, 2, 0, 2, 1, 1, 3],910.062131857675;128544.042870063350;396236.015496193100,false,0
11,1,1100,G3_TWC,[7, 50, 55, 49, 78, 95, 40, 9, 2, 98, 72, 28, 71, 27, 81, 66, 8, 64, 85, 15, 83, 47, 0, 14, 12, 25, 84, 65, 80, 76, 29, 82, 13, 4, 86, 63, 54, 52, 56, 21, 32, 1, 38, 74, 39, 33, 60, 96, 69, 31, 90, 43, 37, 99, 92, 67, 53, 34, 79, 91, 97, 17, 10, 41, 58, 20, 57, 61, 18, 5, 89, 35, 51, 94, 19, 59, 45, 73, 36, 88, 11, 62, 30, 16, 42, 75, 93, 87, 22, 24, 26, 68, 46, 48, 6, 70, 3, 77, 23, 44]|[0, 2, 0, 0, 1, 1, 2, 2, 2, 0, 1, 2, 1, 1, 2, 0, 2, 2, 1, 0, 2, 0, 0, 0, 2, 2, 0, 2, 2, 2, 2, 2, 2, 1, 1, 2, 1, 1, 0, 2, 1, 1, 2, 0, 1, 0, 1, 0, 0, 1, 0, 1, 1, 2, 1, 1, 1, 1, 0, 1, 0, 0, 1, 0, 2, 1, 0, 0, 1, 1, 1, 1, 2, 2, 1, 2, 0, 2, 2, 0, 2, 1, 0, 1, 1, 2, 2, 0, 1, 1, 0, 1, 1, 1, 0, 2, 2, 2, 0, 2]|[0, 4, 0, 0, 3, 2, 1, 2, 0, 1, 2, 3, 1, 0, 0, 0, 2, 4, 1, 2, 2, 2, 1, 0, 1, 3, 0, 2, 0, 2, 1, 0, 3, 0, 3, 4, 2, 3, 0, 0, 2, 3, 4, 1, 1, 1, 3, 1, 1, 3, 0, 2, 2, 1, 2, 1, 1, 1, 0, 3, 1, 1, 0, 2, 4, 3, 2, 0, 0, 3, 0, 0, 2, 1, 3, 0, 1, 3, 0, 1, 4, 0, 2, 2, 0, 2, 4, 0, 1, 0, 2, 2, 1, 0, 2, 4, 2, 0, 2, 2]|[1, 3, 0, 0, 0, 2, 0, 2, 2, 1, 0, 1, 1, 2, 0, 0, 2, 1, 0, 0, 3, 0, 1, 1, 3, 0, 0, 2, 0, 1, 1, 0, 0, 1, 0, 0, 2, 1, 0, 1, 1, 0, 3, 1, 0, 1, 0, 1, 0, 2, 0, 0, 1, 2, 2, 0, 0, 0, 0, 1, 1, 1, 1, 1, 0, 2, 0, 1, 2, 0, 2, 0, 2, 0, 0, 2, 1, 0, 3, 0, 1, 1, 1, 2, 2, 3, 1, 1, 1, 1, 0, 0, 0, 1, 0, 3, 2, 1, 0, 3],879.846552497990;130216.317519067100;374032.703698169300,false,0
12,1,1200,G1_CMAX,[63, 30, 89, 27, 96, 75, 26, 76, 58, 1, 12, 40, 78, 16, 80, 84, 49, 11, 85, 15, 83, 47, 0, 14, 64, 73, 35, 9, 81, 44, 95, 82, 88, 4, 86, 68, 24, 52, 56, 92, 32, 94, 45, 42, 18, 34, 90, 87, 31, 50, 66, 3, 33, 99, 48, 25, 57, 17, 53, 65, 79, 67, 10, 13, 98, 7, 39, 38, 59, 61, 5, 29, 2, 69, 8, 54, 21, 74, 71, 93, 41, 72, 20, 55, 77, 28, 51, 97, 6, 19, 46, 70, 43, 60, 23, 36, 37, 91, 22, 62]|[0, 1, 1, 0, 1, 1, 1, 0, 1, 2, 0, 1, 1, 1, 0, 0, 2, 1, 1, 2, 2, 0, 0, 2, 2, 2, 1, 2, 1, 0, 0, 1, 2, 1, 0, 1, 0, 0, 2, 0, 0, 2, 1, 2, 1, 1, 1, 2, 0, 2, 1, 2, 2, 2, 2, 2, 2, 2, 1, 1, 0, 0, 1, 2, 1, 0, 0, 2, 2, 1, 1, 2, 2, 2, 1, 1, 2, 0, 1, 1, 0, 0, 2, 1, 2, 2, 2, 0, 1, 2, 2, 1, 2, 0, 0, 0, 1, 2, 1, 1]|[0, 1, 0, 0, 1, 2, 3, 2, 0, 2, 0, 1, 1, 2, 1, 2, 4, 0, 1, 3, 2, 2, 1, 1, 1, 2, 3, 1, 3, 2, 1, 3, 4, 0, 0, 2, 0, 2, 2, 2, 2, 0, 2, 0, 1, 1, 3, 1, 1, 1, 0, 2, 4, 2, 1, 3, 4, 0, 1, 1, 1, 1, 1, 3, 2, 0, 1, 3, 0, 0, 1, 1, 3, 3, 0, 2, 0, 1, 2, 1, 2, 0, 4, 3, 0, 3, 2, 2, 3, 0, 1, 1, 3, 2, 2, 0, 2, 1, 2, 1]|[1, 0, 2, 0, 1, 2, 0, 1, 1, 3, 0, 1, 1, 2, 0, 1, 0, 0, 1, 2, 3, 0, 1, 1, 0, 2, 0, 1, 0, 0, 0, 0, 1, 1, 1, 0, 1, 1, 2, 0, 0, 1, 0, 3, 1, 0, 1, 2, 0, 2, 2, 2, 1, 3, 1, 0, 2, 1, 0, 2, 1, 0, 1, 3, 0, 1, 1, 2, 2, 0, 0, 1, 2, 2, 0, 1, 1, 1, 0, 0, 0, 0, 0, 1, 1, 1, 0, 1, 0, 0, 1, 1, 3, 1, 0, 0, 2, 1, 0, 1],861.654264020419;128607.591285472810;382083.274253520900,false,0
12,1,1200,G4_BALANCED,[7, 50, 55, 49, 78, 95, 40, 44, 19, 48, 72, 18, 96, 16, 80, 84, 27, 11, 85, 15, 83, 47, 0, 14, 12, 25, 66, 65, 81, 76, 29, 82, 13, 4, 86, 63, 54, 52, 56, 21, 32, 1, 38, 74, 39, 33, 60, 71, 69, 31, 90, 43, 37, 99, 24, 67, 53, 34, 79, 91, 97, 17, 10, 41, 58, 20, 57, 61, 28, 5, 89, 35, 51, 94, 2, 64, 88, 59, 62, 8, 9, 22, 68, 70, 30, 98, 73, 77, 36, 92, 75, 3, 42, 23, 6, 46, 26, 87, 93, 45]|[0, 1, 1, 1, 1, 1, 2, 1, 2, 1, 0, 0, 0, 2, 2, 1, 1, 2, 1, 0, 2, 1, 0, 2, 2, 1, 1, 0, 1, 0, 2, 2, 2, 1, 0, 2, 1, 0, 1, 2, 2, 1, 2, 2, 1, 0, 1, 1, 0, 2, 0, 1, 1, 2, 1, 1, 1, 1, 2, 2, 1, 1, 1, 0, 1, 1, 0, 0, 2, 1, 2, 0, 2, 1, 1, 2, 0, 2, 1, 1, 2, 2, 0, 1, 1, 1, 2, 1, 2, 1, 0, 2, 2, 2, 0, 1, 0, 0, 2, 2]|[0, 1, 3, 3, 3, 1, 1, 2, 0, 0, 2, 1, 1, 2, 0, 1, 1, 4, 1, 2, 2, 3, 1, 0, 2, 0, 0, 2, 2, 2, 1, 0, 3, 0, 2, 1, 2, 2, 2, 0, 3, 0, 4, 0, 1, 1, 3, 1, 1, 3, 0, 2, 2, 1, 3, 3, 0, 1, 1, 0, 3, 1, 2, 2, 1, 3, 2, 0, 3, 3, 2, 1, 3, 2, 2, 1, 1, 2, 0, 3, 2, 0, 2, 0, 1, 2, 3, 3, 0, 2, 0, 2, 0, 3, 2, 1, 2, 0, 4, 0]|[1, 0, 1, 0, 0, 0, 0, 1, 2, 1, 0, 0, 0, 2, 0, 2, 0, 1, 0, 0, 3, 1, 1, 2, 3, 2, 0, 1, 0, 0, 1, 0, 0, 1, 0, 2, 1, 1, 2, 1, 3, 0, 3, 3, 0, 1, 1, 1, 0, 2, 0, 0, 1, 2, 0, 1, 1, 0, 3, 0, 1, 1, 0, 1, 1, 2, 0, 1, 1, 0, 2, 1, 0, 0, 2, 0, 0, 2, 1, 0, 2, 3, 1, 1, 2, 0, 0, 1, 3, 2, 1, 2, 3, 1, 0, 0, 0, 1, 1, 0],1017.426393093714;127254.586450461180;382433.303011306560,false,0
12,1,1200,G2_TEC,[7, 50, 55, 49, 78, 95, 64, 44, 19, 48, 26, 18, 96, 16, 80, 84, 27, 11, 85, 15, 83, 47, 0, 14, 12, 25, 66, 65, 81, 76, 29, 82, 13, 4, 86, 63, 54, 52, 56, 21, 32, 1, 38, 74, 39, 33, 60, 71, 69, 31, 90, 3, 34, 99, 24, 67, 35, 53, 20, 10, 87, 22, 91, 41, 58, 79, 57, 61, 28, 5, 89, 37, 51, 73, 2, 59, 45, 94, 36, 88, 40, 62, 30, 8, 42, 75, 23, 70, 43, 93, 46, 9, 77, 6, 98, 68, 97, 72, 17, 92]|[1, 2, 0, 1, 1, 1, 2, 2, 2, 2, 1, 1, 1, 1, 0, 1, 1, 2, 1, 2, 0, 0, 0, 2, 2, 2, 1, 1, 2, 0, 2, 2, 2, 0, 1, 1, 1, 0, 1, 1, 1, 2, 2, 0, 0, 0, 1, 0, 1, 1, 0, 1, 2, 1, 1, 0, 1, 1, 2, 1, 2, 1, 2, 0, 2, 2, 2, 1, 2, 1, 1, 1, 2, 2, 1, 2, 1, 2, 1, 0, 1, 0, 0, 2, 0, 2, 1, 1, 1, 2, 1, 2, 2, 0, 1, 1, 0, 1, 0, 1]|[2, 4, 0, 2, 3, 2, 1, 2, 0, 2, 3, 1, 2, 0, 1, 0, 0, 4, 1, 3, 2, 2, 1, 1, 1, 3, 0, 1, 4, 2, 1, 0, 3, 0, 3, 2, 2, 2, 2, 1, 2, 0, 4, 1, 1, 1, 3, 1, 3, 2, 0, 1, 3, 2, 2, 2, 3, 1, 4, 2, 1, 1, 1, 2, 4, 1, 0, 1, 3, 3, 0, 2, 2, 4, 1, 0, 1, 0, 1, 1, 3, 1, 2, 2, 1, 2, 2, 0, 2, 4, 1, 2, 0, 1, 2, 3, 0, 3, 1, 0]|[1, 3, 0, 2, 0, 0, 0, 2, 2, 3, 1, 1, 0, 2, 0, 0, 2, 1, 0, 2, 0, 0, 1, 1, 3, 0, 0, 0, 3, 0, 1, 0, 3, 1, 0, 1, 1, 1, 2, 1, 1, 1, 3, 1, 1, 1, 0, 1, 2, 0, 0, 0, 1, 2, 0, 0, 0, 2, 0, 0, 2, 1, 1, 1, 0, 3, 2, 1, 1, 0, 2, 1, 0, 0, 1, 2, 0, 1, 1, 0, 2, 0, 1, 2, 1, 3, 0, 1, 0, 1, 0, 2, 1, 0, 0, 1, 1, 1, 1, 1],1045.085100666236;126086.284926568030;373931.093044289300,false,0
12,1,1200,G3_TWC,[7, 50, 55, 49, 78, 95, 40, 44, 19, 48, 72, 28, 71, 27, 81, 66, 8, 64, 85, 15, 83, 47, 0, 14, 12, 25, 84, 65, 80, 76, 29, 82, 13, 4, 86, 63, 54, 52, 56, 21, 32, 1, 38, 74, 39, 33, 60, 96, 69, 31, 90, 43, 37, 99, 92, 67, 53, 34, 79, 91, 97, 17, 10, 41, 58, 20, 57, 61, 18, 5, 89, 35, 51, 94, 2, 77, 45, 70, 24, 68, 23, 22, 26, 16, 36, 87, 59, 11, 88, 98, 62, 6, 42, 3, 73, 46, 9, 93, 30, 75]|[0, 1, 0, 0, 1, 1, 2, 1, 2, 0, 1, 2, 0, 1, 2, 0, 0, 1, 1, 0, 2, 0, 0, 0, 2, 2, 0, 1, 2, 2, 2, 1, 2, 1, 2, 2, 1, 1, 0, 2, 1, 2, 2, 0, 1, 0, 1, 1, 0, 0, 2, 1, 1, 2, 1, 1, 1, 1, 0, 2, 0, 0, 1, 2, 2, 0, 1, 0, 1, 0, 0, 2, 2, 2, 1, 2, 0, 2, 1, 0, 0, 1, 1, 2, 2, 0, 2, 2, 0, 0, 1, 0, 2, 2, 2, 1, 2, 2, 0, 0]|[0, 3, 0, 0, 3, 1, 1, 2, 0, 1, 2, 3, 1, 1, 0, 0, 0, 3, 1, 2, 2, 2, 1, 0, 1, 3, 0, 1, 2, 2, 1, 2, 3, 0, 2, 4, 2, 3, 0, 0, 2, 4, 4, 1, 3, 1, 3, 1, 1, 2, 4, 2, 2, 1, 2, 1, 1, 1, 0, 0, 1, 1, 2, 2, 4, 2, 3, 0, 0, 1, 2, 4, 2, 1, 3, 0, 1, 4, 0, 2, 2, 1, 0, 1, 4, 0, 0, 4, 1, 1, 0, 2, 0, 2, 3, 3, 1, 4, 2, 0]|[1, 1, 0, 0, 0, 0, 0, 1, 2, 1, 0, 1, 1, 0, 0, 0, 0, 2, 0, 0, 3, 0, 1, 1, 3, 0, 0, 0, 2, 1, 1, 0, 0, 1, 2, 0, 2, 1, 0, 1, 1, 1, 3, 1, 2, 1, 1, 1, 0, 1, 3, 2, 1, 2, 2, 0, 0, 0, 0, 0, 1, 1, 0, 0, 0, 0, 2, 1, 2, 0, 0, 3, 2, 0, 0, 1, 1, 3, 1, 1, 0, 1, 2, 2, 2, 1, 2, 1, 0, 1, 1, 0, 3, 2, 0, 0, 3, 1, 1, 1],873.195451987437;131824.498035726200;371409.216443773000,false,0
13,1,1300,G1_CMAX,[7, 50, 55, 49, 78, 95, 40, 44, 19, 48, 72, 18, 96, 16, 80, 84, 27, 11, 85, 15, 83, 47, 0, 14, 12, 25, 66, 65, 81, 76, 29, 82, 13, 4, 86, 63, 54, 52, 56, 21, 32, 1, 38, 74, 39, 33, 60, 71, 69, 31, 90, 43, 37, 99, 24, 67, 53, 92, 98, 91, 94, 17, 10, 41, 58, 20, 57, 97, 28, 5, 61, 59, 51, 45, 87, 89, 79, 70, 68, 35, 64, 62, 8, 42, 46, 9, 36, 75, 22, 26, 23, 6, 30, 3, 77, 2, 93, 73, 34, 88]|[0, 1, 0, 1, 1, 1, 2, 1, 2, 1, 0, 0, 0, 2, 1, 1, 1, 2, 1, 0, 2, 0, 0, 0, 2, 1, 0, 0, 1, 2, 2, 2, 2, 1, 1, 2, 1, 0, 0, 1, 2, 2, 2, 0, 1, 0, 1, 1, 0, 2, 0, 1, 1, 2, 1, 1, 1, 1, 1, 2, 1, 1, 1, 0, 1, 1, 2, 0, 2, 0, 0, 2, 2, 2, 0, 2, 2, 1, 0, 0, 0, 1, 1, 2, 1, 2, 2, 0, 1, 2, 2, 0, 1, 2, 1, 2, 2, 2, 1, 0]|[0, 1, 2, 3, 3, 2, 1, 2, 0, 0, 2, 1, 1, 2, 3, 1, 2, 4, 1, 2, 2, 2, 1, 0, 1, 0, 2, 2, 2, 2, 1, 0, 3, 0, 3, 1, 2, 0, 0, 2, 3, 0, 3, 1, 1, 1, 3, 1, 1, 4, 0, 2, 2, 2, 2, 0, 0, 2, 2, 0, 2, 1, 2, 2, 1, 3, 4, 0, 3, 1, 0, 0, 2, 3, 0, 2, 1, 0, 2, 1, 0, 0, 3, 0, 1, 1, 0, 0, 2, 3, 3, 2, 1, 2, 3, 3, 4, 3, 1, 1]|[1, 0, 0, 0, 0, 2, 0, 1, 2, 1, 0, 0, 0, 2, 0, 2, 2, 0, 0, 0, 3, 0, 1, 1, 3, 2, 1, 1, 0, 1, 1, 0, 0, 1, 0, 2, 2, 0, 0, 2, 3, 1, 2, 1, 0, 1, 1, 1, 0, 3, 0, 0, 1, 3, 0, 0, 1, 2, 2, 0, 0, 1, 0, 1, 1, 2, 1, 1, 1, 0, 1, 2, 0, 2, 1, 2, 3, 1, 1, 1, 0, 1, 0, 3, 0, 1, 3, 1, 0, 1, 1, 0, 2, 2, 1, 2, 1, 0, 0, 0],864.790258647323;129792.345556349580;373403.884199507300,false,0
13,1,1300,G4_BALANCED,[7, 50, 55, 49, 78, 95, 64, 44, 19, 48, 26, 18, 96, 16, 80, 84, 27, 11, 85, 15, 83, 47, 0, 14, 12, 25, 66, 65, 81, 76, 29, 82, 13, 4, 86, 63, 54, 52, 56, 21, 32, 1, 38, 74, 39, 33, 60, 71, 69, 31, 90, 43, 37, 99, 24, 67, 53, 34, 79, 91, 97, 17, 10, 41, 58, 20, 5, 92, 93, 98, 3, 89, 51, 94, 2, 59, 45, 73, 70, 88, 72, 62, 68, 36, 30, 40, 28, 77, 22, 87, 75, 8, 42, 23, 6, 46, 9, 35, 61, 57]|[0, 1, 1, 1, 1, 1, 2, 0, 2, 1, 1, 1, 1, 1, 2, 1, 2, 2, 1, 0, 2, 0, 1, 1, 0, 0, 1, 1, 2, 2, 2, 2, 2, 1, 1, 1, 1, 0, 0, 1, 0, 1, 2, 0, 0, 0, 0, 0, 0, 1, 0, 1, 1, 2, 1, 1, 1, 1, 2, 1, 2, 0, 1, 2, 1, 1, 1, 1, 1, 1, 1, 1, 0, 2, 2, 2, 1, 2, 1, 0, 0, 0, 1, 2, 0, 1, 1, 2, 2, 0, 2, 2, 2, 0, 0, 1, 2, 2, 1, 2]|[0, 1, 0, 2, 3, 2, 1, 2, 0, 0, 3, 3, 2, 2, 4, 0, 2, 4, 1, 1, 2, 2, 1, 3, 0, 0, 0, 1, 4, 2, 1, 0, 3, 0, 3, 2, 2, 2, 0, 1, 2, 3, 4, 1, 1, 1, 0, 1, 1, 3, 0, 2, 1, 1, 3, 3, 1, 1, 1, 3, 3, 1, 1, 0, 2, 3, 0, 0, 2, 2, 1, 0, 0, 1, 4, 0, 1, 3, 0, 1, 2, 1, 2, 0, 2, 3, 3, 0, 0, 0, 2, 2, 0, 2, 2, 1, 2, 3, 1, 0]|[1, 0, 0, 2, 0, 2, 0, 0, 2, 1, 1, 1, 0, 2, 2, 0, 0, 1, 0, 1, 3, 0, 2, 1, 0, 0, 0, 0, 3, 3, 1, 0, 0, 1, 0, 0, 0, 1, 0, 1, 0, 2, 3, 1, 1, 1, 0, 1, 0, 2, 0, 0, 2, 2, 0, 1, 0, 0, 3, 1, 1, 1, 1, 2, 2, 2, 1, 1, 2, 0, 0, 2, 0, 0, 0, 2, 0, 0, 1, 0, 0, 0, 0, 3, 1, 2, 1, 1, 3, 1, 3, 2, 3, 0, 0, 0, 2, 3, 1, 2],1134.110551493750;126613.848596705040;366518.561533426700,false,0
13,1,1300,G2_TEC,[7, 50, 55, 49, 78, 95, 64, 44, 19, 48, 26, 18, 96, 16, 80, 84, 27, 11, 85, 15, 83, 47, 0, 14, 12, 25, 66, 65, 81, 76, 29, 82, 13, 4, 86, 63, 54, 52, 56, 21, 32, 1, 38, 74, 39, 33, 60, 71, 69, 31, 90, 3, 34, 99, 24, 67, 35, 53, 20, 10, 87, 22, 91, 41, 58, 79, 57, 61, 28, 5, 89, 37, 51, 73, 2, 59, 45, 94, 36, 88, 40, 62, 30, 8, 42, 75, 23, 70, 43, 93, 46, 9, 77, 6, 98, 68, 97, 72, 17, 92]|[1, 2, 0, 1, 1, 1, 2, 2, 2, 2, 1, 1, 1, 1, 0, 1, 1, 2, 1, 2, 0, 0, 0, 2, 2, 2, 1, 1, 2, 0, 2, 2, 2, 0, 1, 1, 1, 0, 1, 1, 1, 2, 2, 0, 0, 0, 1, 0, 1, 1, 0, 1, 2, 1, 1, 0, 1, 1, 2, 1, 2, 1, 2, 0, 2, 2, 2, 1, 2, 1, 1, 1, 2, 2, 1, 2, 1, 2, 1, 0, 1, 0, 0, 2, 0, 2, 1, 1, 1, 2, 1, 2, 2, 0, 1, 1, 0, 1, 0, 1]|[2, 4, 0, 2, 3, 2, 1, 2, 0, 2, 3, 1, 2, 0, 1, 0, 0, 4, 1, 3, 2, 2, 1, 1, 1, 3, 0, 1, 4, 2, 1, 0, 3, 0, 3, 2, 2, 2, 2, 1, 2, 0, 4, 1, 1, 1, 3, 1, 3, 2, 0, 1, 3, 2, 2, 2, 3, 1, 4, 2, 1, 1, 1, 2, 4, 1, 0, 1, 3, 3, 0, 2, 2, 4, 1, 0, 1, 0, 1, 1, 3, 1, 2, 2, 1, 2, 2, 0, 2, 4, 1, 2, 0, 1, 2, 3, 0, 3, 1, 0]|[1, 3, 0, 2, 0, 0, 0, 2, 2, 3, 1, 1, 0, 2, 0, 0, 2, 1, 0, 2, 0, 0, 1, 1, 3, 0, 0, 0, 3, 0, 1, 0, 3, 1, 0, 1, 1, 1, 2, 1, 1, 1, 3, 1, 1, 1, 0, 1, 2, 0, 0, 0, 1, 2, 0, 0, 0, 2, 0, 0, 2, 1, 1, 1, 0, 3, 2, 1, 1, 0, 2, 1, 0, 0, 1, 2, 0, 1, 1, 0, 2, 0, 1, 2, 1, 3, 0, 1, 0, 1, 0, 2, 1, 0, 0, 1, 1, 1, 1, 1],1045.085100666236;126086.284926568030;373931.093044289300,false,0
13,1,1300,G3_TWC,[7, 50, 55, 49, 78, 95, 40, 44, 19, 48, 72, 28, 71, 27, 81, 66, 8, 64, 85, 15, 83, 47, 0, 14, 12, 25, 84, 65, 80, 76, 29, 82, 13, 4, 86, 63, 54, 52, 56, 21, 32, 1, 38, 74, 39, 33, 60, 96, 69, 31, 90, 43, 37, 99, 92, 67, 53, 34, 79, 91, 97, 17, 10, 41, 58, 20, 57, 61, 18, 5, 89, 35, 51, 94, 2, 77, 45, 70, 24, 68, 23, 22, 26, 16, 36, 87, 59, 11, 88, 98, 62, 6, 42, 3, 73, 46, 9, 93, 30, 75]|[0, 1, 0, 0, 1, 1, 2, 1, 2, 0, 1, 2, 0, 1, 2, 0, 0, 1, 1, 0, 2, 0, 0, 0, 2, 2, 0, 1, 2, 2, 2, 1, 2, 1, 2, 2, 1, 1, 0, 2, 1, 2, 2, 0, 1, 0, 1, 1, 0, 0, 2, 1, 1, 2, 1, 1, 1, 1, 0, 2, 0, 0, 1, 2, 2, 0, 1, 0, 1, 0, 0, 2, 2, 2, 1, 2, 0, 2, 1, 0, 0, 1, 1, 2, 2, 0, 2, 2, 0, 0, 1, 0, 2, 2, 2, 1, 2, 2, 0, 0]|[0, 3, 0, 0, 3, 1, 1, 2, 0, 1, 2, 3, 1, 1, 0, 0, 0, 3, 1, 2, 2, 2, 1, 0, 1, 3, 0, 1, 2, 2, 1, 2, 3, 0, 2, 4, 2, 3, 0, 0, 2, 4, 4, 1, 3, 1, 3, 1, 1, 2, 4, 2, 2, 1, 2, 1, 1, 1, 0, 0, 1, 1, 2, 2, 4, 2, 3, 0, 0, 1, 2, 4, 2, 1, 3, 0, 1, 4, 0, 2, 2, 1, 0, 1, 4, 0, 0, 4, 1, 1, 0, 2, 0, 2, 3, 3, 1, 4, 2, 0]|[1, 1, 0, 0, 0, 0, 0, 1, 2, 1, 0, 1, 1, 0, 0, 0, 0, 2, 0, 0, 3, 0, 1, 1, 3, 0, 0, 0, 2, 1, 1, 0, 0, 1, 2, 0, 2, 1, 0, 1, 1, 1, 3, 1, 2, 1, 1, 1, 0, 1, 3, 2, 1, 2, 2, 0, 0, 0, 0, 0, 1, 1, 0, 0, 0, 0, 2, 1, 2, 0, 0, 3, 2, 0, 0, 1, 1, 3, 1, 1, 0, 1, 2, 2, 2, 1, 2, 1, 0, 1, 1, 0, 3, 2, 0, 0, 3, 1, 1, 1],873.195451987437;131824.498035726200;371409.216443773000,false,0
14,1,1400,G1_CMAX,[7, 50, 55, 49, 78, 95, 40, 44, 19, 48, 72, 18, 96, 16, 80, 84, 27, 11, 85, 15, 83, 47, 0, 14, 12, 25, 66, 65, 81, 76, 29, 82, 13, 4, 86, 63, 54, 52, 56, 21, 32, 1, 38, 74, 39, 33, 60, 71, 69, 31, 90, 43, 37, 99, 24, 67, 53, 17, 57, 9, 79, 73, 10, 88, 98, 68, 26, 45, 59, 61, 5, 35, 51, 94, 2, 28, 41, 64, 62, 23, 91, 22, 20, 70, 97, 89, 34, 77, 36, 92, 75, 8, 42, 3, 6, 46, 30, 87, 93, 58]|[2, 1, 1, 1, 1, 0, 2, 0, 2, 1, 0, 0, 1, 0, 0, 0, 1, 2, 1, 0, 2, 0, 1, 0, 2, 2, 1, 0, 1, 2, 2, 2, 2, 1, 1, 1, 1, 0, 0, 1, 2, 2, 2, 0, 0, 2, 1, 2, 0, 2, 0, 1, 1, 1, 1, 2, 1, 2, 2, 2, 0, 2, 1, 2, 1, 1, 0, 2, 2, 0, 1, 0, 2, 1, 2, 2, 0, 0, 1, 2, 2, 1, 2, 1, 0, 1, 1, 2, 1, 0, 0, 1, 1, 2, 1, 2, 1, 0, 1, 2]|[4, 1, 0, 3, 1, 0, 1, 2, 0, 0, 0, 1, 1, 0, 1, 2, 2, 4, 1, 2, 2, 2, 2, 2, 1, 2, 3, 2, 3, 2, 1, 0, 4, 0, 3, 2, 3, 2, 0, 2, 3, 0, 3, 1, 1, 4, 3, 1, 1, 1, 0, 2, 2, 0, 2, 4, 0, 0, 4, 1, 1, 3, 2, 3, 2, 3, 1, 3, 0, 0, 1, 2, 2, 2, 3, 0, 2, 0, 1, 3, 1, 2, 4, 0, 1, 3, 2, 0, 2, 2, 0, 3, 1, 2, 3, 1, 1, 0, 1, 2]|[0, 0, 2, 0, 0, 1, 0, 1, 2, 1, 0, 0, 1, 0, 0, 1, 2, 0, 0, 0, 3, 0, 2, 1, 3, 2, 0, 1, 0, 1, 1, 0, 1, 1, 0, 2, 0, 1, 0, 2, 3, 1, 2, 1, 1, 1, 1, 2, 0, 2, 0, 0, 1, 2, 0, 1, 1, 1, 1, 1, 1, 0, 0, 3, 2, 2, 1, 2, 2, 1, 0, 1, 0, 1, 2, 2, 1, 0, 1, 1, 1, 0, 0, 1, 1, 1, 2, 1, 2, 0, 1, 0, 1, 2, 0, 1, 2, 1, 0, 2],921.624968307695;128012.545435975770;385778.695999701040,false,0
14,1,1400,G4_BALANCED,[7, 50, 55, 49, 78, 95, 64, 44, 19, 48, 26, 18, 96, 16, 80, 84, 27, 11, 85, 15, 83, 47, 0, 14, 12, 25, 66, 65, 81, 76, 29, 82, 13, 4, 86, 63, 54, 52, 56, 21, 32, 1, 38, 74, 39, 33, 60, 71, 69, 31, 90, 3, 34, 99, 24, 67, 35, 53, 20, 10, 87, 22, 91, 41, 58, 79, 57, 61, 28, 5, 89, 37, 51, 73, 6, 8, 88, 59, 62, 98, 9, 17, 75, 97, 94, 92, 70, 40, 72, 45, 36, 23, 77, 42, 2, 46, 43, 93, 30, 68]|[2, 0, 0, 1, 1, 1, 2, 2, 2, 2, 1, 0, 1, 1, 0, 1, 1, 2, 1, 2, 2, 0, 1, 2, 2, 2, 1, 0, 0, 0, 2, 2, 0, 1, 1, 2, 1, 2, 1, 0, 1, 1, 2, 0, 2, 0, 1, 0, 2, 1, 1, 2, 1, 1, 2, 0, 1, 1, 2, 1, 2, 1, 2, 0, 1, 0, 2, 0, 0, 1, 1, 1, 1, 1, 0, 2, 0, 2, 0, 0, 2, 0, 0, 0, 0, 1, 1, 1, 1, 1, 2, 2, 2, 2, 1, 1, 1, 2, 0, 1]|[4, 2, 0, 2, 3, 2, 1, 2, 0, 2, 3, 1, 2, 2, 1, 2, 3, 1, 1, 3, 2, 2, 2, 0, 4, 3, 0, 0, 2, 2, 1, 0, 2, 0, 3, 4, 2, 0, 2, 2, 2, 0, 4, 1, 1, 1, 3, 1, 3, 3, 2, 2, 1, 2, 4, 2, 3, 1, 1, 2, 1, 1, 1, 2, 2, 1, 0, 1, 2, 3, 0, 2, 2, 1, 2, 2, 1, 0, 1, 1, 2, 1, 2, 0, 0, 2, 2, 3, 1, 0, 0, 1, 0, 0, 1, 1, 2, 4, 2, 2]|[0, 1, 0, 2, 0, 2, 0, 3, 2, 3, 1, 0, 0, 2, 0, 0, 2, 2, 0, 2, 3, 0, 0, 2, 1, 0, 0, 1, 1, 0, 1, 0, 1, 1, 0, 0, 0, 0, 2, 0, 1, 0, 3, 1, 2, 1, 0, 1, 2, 2, 0, 2, 1, 2, 1, 0, 0, 0, 3, 0, 2, 1, 1, 0, 0, 1, 2, 1, 0, 0, 2, 1, 0, 2, 0, 2, 0, 2, 0, 1, 2, 1, 1, 1, 0, 0, 2, 2, 1, 0, 3, 0, 1, 3, 1, 0, 0, 1, 1, 0],988.202088329752;126742.806815402830;379222.822442559400,false,0
14,1,1400,G2_TEC,[7, 50, 55, 49, 78, 95, 40, 9, 2, 98, 72, 28, 71, 27, 81, 66, 8, 64, 85, 15, 83, 47, 0, 14, 12, 25, 84, 65, 80, 76, 29, 82, 13, 4, 86, 63, 54, 52, 56, 21, 32, 1, 38, 74, 39, 33, 60, 96, 69, 31, 90, 43, 37, 99, 92, 67, 53, 34, 20, 10, 87, 22, 91, 41, 58, 79, 57, 61, 18, 5, 89, 35, 51, 73, 19, 59, 45, 94, 36, 88, 11, 62, 30, 16, 42, 75, 23, 70, 3, 93, 46, 44, 77, 6, 48, 68, 97, 26, 17, 24]|[0, 2, 0, 0, 1, 2, 1, 2, 2, 2, 1, 2, 0, 0, 2, 0, 2, 2, 1, 0, 2, 0, 0, 0, 2, 2, 0, 2, 2, 2, 2, 2, 2, 1, 1, 1, 1, 0, 1, 2, 1, 1, 2, 0, 1, 0, 1, 0, 1, 1, 0, 1, 1, 2, 1, 0, 1, 1, 2, 1, 2, 1, 1, 0, 2, 0, 0, 1, 1, 1, 1, 1, 0, 2, 1, 2, 0, 2, 2, 0, 2, 0, 0, 2, 1, 2, 0, 2, 2, 2, 1, 2, 2, 0, 1, 1, 0, 1, 0, 1]|[0, 4, 0, 0, 3, 4, 3, 2, 0, 2, 2, 3, 1, 0, 0, 0, 2, 4, 1, 2, 2, 2, 1, 0, 1, 3, 0, 2, 0, 2, 1, 0, 3, 0, 3, 2, 2, 2, 2, 0, 2, 3, 4, 1, 1, 1, 3, 1, 3, 3, 2, 1, 2, 1, 0, 2, 1, 1, 4, 2, 1, 1, 3, 2, 4, 0, 2, 1, 1, 3, 0, 2, 2, 3, 3, 0, 1, 1, 0, 1, 4, 1, 2, 2, 0, 2, 2, 4, 2, 4, 1, 1, 0, 1, 0, 2, 1, 3, 1, 2]|[1, 3, 0, 0, 0, 0, 2, 2, 2, 3, 2, 1, 1, 0, 0, 0, 2, 1, 0, 0, 3, 0, 1, 1, 3, 0, 0, 2, 0, 1, 1, 0, 0, 1, 0, 1, 2, 1, 2, 1, 1, 0, 3, 1, 0, 1, 0, 1, 2, 2, 0, 0, 1, 2, 1, 0, 0, 0, 0, 0, 2, 1, 1, 0, 0, 0, 0, 1, 1, 0, 2, 1, 1, 0, 0, 2, 1, 0, 3, 0, 1, 0, 1, 2, 2, 3, 0, 3, 2, 1, 0, 3, 1, 0, 1, 0, 1, 1, 1, 0],917.979475330835;129090.915781258430;367537.499036164000,false,0
14,1,1400,G3_TWC,[7, 50, 55, 49, 78, 95, 40, 44, 19, 48, 72, 28, 71, 27, 81, 66, 8, 64, 85, 15, 83, 47, 0, 14, 12, 25, 84, 65, 80, 76, 29, 82, 13, 4, 86, 63, 54, 52, 56, 21, 32, 1, 38, 74, 39, 33, 60, 96, 69, 31, 90, 43, 37, 99, 92, 67, 53, 34, 79, 91, 97, 17, 10, 41, 58, 20, 57, 61, 18, 5, 89, 35, 51, 94, 2, 77, 45, 70, 24, 68, 23, 22, 26, 16, 36, 87, 59, 11, 88, 98, 62, 6, 42, 3, 73, 46, 9, 93, 30, 75]|[0, 1, 0, 0, 1, 1, 2, 1, 2, 0, 1, 2, 0, 1, 2, 0, 0, 1, 1, 0, 2, 0, 0, 0, 2, 2, 0, 1, 2, 2, 2, 1, 2, 1, 2, 2, 1, 1, 0, 2, 1, 2, 2, 0, 1, 0, 1, 1, 0, 0, 2, 1, 1, 2, 1, 1, 1, 1, 0, 2, 0, 0, 1, 2, 2, 0, 1, 0, 1, 0, 0, 2, 2, 2, 1, 2, 0, 2, 1, 0, 0, 1, 1, 2, 2, 0, 2, 2, 0, 0, 1, 0, 2, 2, 2, 1, 2, 2, 0, 0]|[0, 3, 0, 0, 3, 1, 1, 2, 0, 1, 2, 3, 1, 1, 0, 0, 0, 3, 1, 2, 2, 2, 1, 0, 1, 3, 0, 1, 2, 2, 1, 2, 3, 0, 2, 4, 2, 3, 0, 0, 2, 4, 4, 1, 3, 1, 3, 1, 1, 2, 4, 2, 2, 1, 2, 1, 1, 1, 0, 0, 1, 1, 2, 2, 4, 2, 3, 0, 0, 1, 2, 4, 2, 1, 3, 0, 1, 4, 0, 2, 2, 1, 0, 1, 4, 0, 0, 4, 1, 1, 0, 2, 0, 2, 3, 3, 1, 4, 2, 0]|[1, 1, 0, 0, 0, 0, 0, 1, 2, 1, 0, 1, 1, 0, 0, 0, 0, 2, 0, 0, 3, 0, 1, 1, 3, 0, 0, 0, 2, 1, 1, 0, 0, 1, 2, 0, 2, 1, 0, 1, 1, 1, 3, 1, 2, 1, 1, 1, 0, 1, 3, 2, 1, 2, 2, 0, 0, 0, 0, 0, 1, 1, 0, 0, 0, 0, 2, 1, 2, 0, 0, 3, 2, 0, 0, 1, 1, 3, 1, 1, 0, 1, 2, 2, 2, 1, 2, 1, 0, 1, 1, 0, 3, 2, 0, 0, 3, 1, 1, 1],873.195451987437;131824.498035726200;371409.216443773000,false,0
15,1,1500,G1_CMAX,[63, 30, 89, 27, 96, 75, 26, 76, 58, 1, 12, 40, 78, 16, 80, 84, 49, 11, 85, 15, 83, 47, 0, 14, 64, 73, 35, 9, 81, 44, 95, 82, 88, 4, 86, 68, 24, 52, 56, 92, 32, 94, 45, 42, 18, 34, 90, 87, 31, 50, 66, 3, 33, 99, 48, 25, 57, 17, 53, 65, 79, 67, 10, 13, 98, 7, 39, 38, 59, 61, 5, 29, 2, 69, 8, 54, 21, 74, 71, 93, 41, 72, 20, 55, 77, 28, 51, 97, 6, 19, 46, 70, 43, 60, 23, 36, 37, 91, 22, 62]|[0, 1, 1, 0, 1, 1, 1, 0, 1, 2, 0, 1, 1, 1, 0, 0, 2, 1, 1, 2, 2, 0, 0, 2, 2, 2, 1, 2, 1, 0, 0, 1, 2, 1, 0, 1, 0, 0, 2, 0, 0, 2, 1, 2, 1, 1, 1, 2, 0, 2, 1, 2, 2, 2, 2, 2, 2, 2, 1, 1, 0, 0, 1, 2, 1, 0, 0, 2, 2, 1, 1, 2, 2, 2, 1, 1, 2, 0, 1, 1, 0, 0, 2, 1, 2, 2, 2, 0, 1, 2, 2, 1, 2, 0, 0, 0, 1, 2, 1, 1]|[0, 1, 0, 0, 1, 2, 3, 2, 0, 2, 0, 1, 1, 2, 1, 2, 4, 0, 1, 3, 2, 2, 1, 1, 1, 2, 3, 1, 3, 2, 1, 3, 4, 0, 0, 2, 0, 2, 2, 2, 2, 0, 2, 0, 1, 1, 3, 1, 1, 1, 0, 2, 4, 2, 1, 3, 4, 0, 1, 1, 1, 1, 1, 3, 2, 0, 1, 3, 0, 0, 1, 1, 3, 3, 0, 2, 0, 1, 2, 1, 2, 0, 4, 3, 0, 3, 2, 2, 3, 0, 1, 1, 3, 2, 2, 0, 2, 1, 2, 1]|[1, 0, 2, 0, 1, 2, 0, 1, 1, 3, 0, 1, 1, 2, 0, 1, 0, 0, 1, 2, 3, 0, 1, 1, 0, 2, 0, 1, 0, 0, 0, 0, 1, 1, 1, 0, 1, 1, 2, 0, 0, 1, 0, 3, 1, 0, 1, 2, 0, 2, 2, 2, 1, 3, 1, 0, 2, 1, 0, 2, 1, 0, 1, 3, 0, 1, 1, 2, 2, 0, 0, 1, 2, 2, 0, 1, 1, 1, 0, 0, 0, 0, 0, 1, 1, 1, 0, 1, 0, 0, 1, 1, 3, 1, 0, 0, 2, 1, 0, 1],861.654264020419;128607.591285472810;382083.274253520900,false,0
15,1,1500,G4_BALANCED,[7, 50, 55, 49, 78, 95, 64, 44, 19, 48, 26, 18, 96, 16, 80, 84, 27, 11, 85, 15, 83, 47, 0, 14, 12, 25, 66, 65, 81, 76, 29, 82, 13, 4, 86, 63, 54, 52, 56, 21, 32, 1, 38, 74, 39, 33, 60, 71, 69, 31, 90, 3, 34, 99, 24, 67, 35, 53, 20, 10, 87, 22, 91, 41, 58, 79, 57, 61, 28, 5, 89, 37, 51, 73, 6, 8, 88, 59, 62, 98, 9, 17, 75, 97, 94, 92, 70, 40, 72, 45, 36, 23, 77, 42, 2, 46, 43, 93, 30, 68]|[2, 0, 0, 1, 1, 1, 2, 2, 2, 2, 1, 0, 1, 1, 0, 1, 1, 2, 1, 2, 2, 0, 1, 2, 2, 2, 1, 0, 0, 0, 2, 2, 0, 1, 1, 2, 1, 2, 1, 0, 1, 1, 2, 0, 2, 0, 1, 0, 2, 1, 1, 2, 1, 1, 2, 0, 1, 1, 2, 1, 2, 1, 2, 0, 1, 0, 2, 0, 0, 1, 1, 1, 1, 1, 0, 2, 0, 2, 0, 0, 2, 0, 0, 0, 0, 1, 1, 1, 1, 1, 2, 2, 2, 2, 1, 1, 1, 2, 0, 1]|[4, 2, 0, 2, 3, 2, 1, 2, 0, 2, 3, 1, 2, 2, 1, 2, 3, 1, 1, 3, 2, 2, 2, 0, 4, 3, 0, 0, 2, 2, 1, 0, 2, 0, 3, 4, 2, 0, 2, 2, 2, 0, 4, 1, 1, 1, 3, 1, 3, 3, 2, 2, 1, 2, 4, 2, 3, 1, 1, 2, 1, 1, 1, 2, 2, 1, 0, 1, 2, 3, 0, 2, 2, 1, 2, 2, 1, 0, 1, 1, 2, 1, 2, 0, 0, 2, 2, 3, 1, 0, 0, 1, 0, 0, 1, 1, 2, 4, 2, 2]|[0, 1, 0, 2, 0, 2, 0, 3, 2, 3, 1, 0, 0, 2, 0, 0, 2, 2, 0, 2, 3, 0, 0, 2, 1, 0, 0, 1, 1, 0, 1, 0, 1, 1, 0, 0, 0, 0, 2, 0, 1, 0, 3, 1, 2, 1, 0, 1, 2, 2, 0, 2, 1, 2, 1, 0, 0, 0, 3, 0, 2, 1, 1, 0, 0, 1, 2, 1, 0, 0, 2, 1, 0, 2, 0, 2, 0, 2, 0, 1, 2, 1, 1, 1, 0, 0, 2, 2, 1, 0, 3, 0, 1, 3, 1, 0, 0, 1, 1, 0],988.202088329752;126742.806815402830;379222.822442559400,false,0
15,1,1500,G2_TEC,[7, 50, 55, 49, 78, 95, 64, 44, 19, 48, 26, 18, 96, 16, 80, 84, 27, 11, 85, 15, 83, 47, 0, 14, 12, 25, 66, 65, 81, 76, 29, 82, 13, 4, 86, 63, 54, 52, 56, 21, 32, 1, 38, 74, 39, 33, 60, 71, 69, 31, 90, 3, 34, 99, 24, 67, 35, 53, 20, 10, 87, 22, 91, 41, 58, 79, 57, 61, 70, 88, 45, 51, 97, 73, 17, 6, 77, 36, 89, 37, 92, 23, 42, 8, 68, 5, 28, 98, 72, 59, 43, 94, 30, 62, 46, 9, 93, 40, 75, 2]|[0, 2, 0, 1, 1, 1, 2, 2, 2, 1, 1, 1, 0, 1, 1, 1, 2, 2, 1, 0, 2, 0, 1, 0, 2, 1, 1, 0, 2, 0, 2, 2, 2, 1, 1, 2, 1, 0, 1, 2, 2, 2, 2, 0, 2, 0, 1, 1, 1, 1, 1, 2, 1, 2, 1, 1, 1, 1, 1, 1, 1, 1, 1, 2, 2, 1, 2, 0, 1, 0, 2, 0, 0, 1, 2, 0, 2, 0, 1, 2, 1, 2, 2, 2, 1, 1, 0, 1, 1, 2, 1, 2, 0, 1, 1, 2, 1, 1, 0, 2]|[2, 4, 0, 2, 1, 2, 1, 2, 0, 0, 3, 3, 1, 2, 1, 0, 3, 1, 1, 1, 2, 2, 2, 0, 2, 0, 0, 2, 4, 2, 1, 0, 3, 0, 3, 4, 2, 2, 2, 0, 3, 4, 4, 1, 1, 1, 3, 1, 1, 3, 3, 2, 1, 1, 3, 0, 1, 0, 3, 2, 2, 1, 2, 0, 4, 3, 0, 0, 2, 1, 0, 0, 0, 1, 0, 2, 0, 0, 0, 0, 0, 3, 0, 2, 2, 3, 2, 2, 3, 0, 0, 1, 1, 0, 1, 2, 2, 3, 0, 3]|[1, 3, 0, 2, 1, 2, 0, 2, 2, 1, 1, 1, 0, 2, 0, 0, 1, 2, 0, 1, 3, 0, 0, 1, 3, 2, 0, 1, 3, 0, 1, 0, 0, 1, 0, 0, 0, 1, 2, 1, 3, 1, 3, 1, 2, 1, 1, 1, 1, 2, 1, 2, 1, 2, 0, 2, 0, 1, 2, 0, 0, 1, 0, 2, 0, 2, 2, 1, 2, 0, 0, 1, 1, 2, 3, 0, 1, 0, 2, 2, 1, 1, 3, 2, 0, 0, 0, 0, 1, 2, 0, 0, 1, 1, 0, 2, 2, 2, 1, 2],1044.674314065967;125494.371566871970;372192.813691940740,false,0
15,1,1500,G3_TWC,[7, 50, 55, 49, 78, 95, 40, 9, 2, 98, 72, 28, 71, 27, 81, 66, 8, 64, 85, 15, 83, 47, 0, 14, 12, 25, 84, 65, 80, 76, 29, 82, 13, 4, 86, 63, 54, 52, 56, 21, 32, 1, 38, 74, 39, 33, 60, 96, 69, 31, 90, 43, 37, 99, 92, 67, 53, 34, 20, 10, 87, 22, 91, 41, 58, 79, 57, 61, 18, 5, 89, 35, 51, 73, 19, 59, 45, 94, 36, 88, 11, 62, 30, 16, 42, 75, 23, 70, 3, 93, 46, 44, 77, 6, 48, 68, 97, 26, 17, 24]|[0, 2, 0, 0, 1, 2, 1, 2, 2, 2, 1, 2, 0, 0, 2, 0, 2, 2, 1, 0, 2, 0, 0, 0, 2, 2, 0, 2, 2, 2, 2, 2, 2, 1, 1, 1, 1, 0, 1, 2, 1, 1, 2, 0, 1, 0, 1, 0, 1, 1, 0, 1, 1, 2, 1, 0, 1, 1, 2, 1, 2, 1, 1, 0, 2, 0, 0, 1, 1, 1, 1, 1, 0, 2, 1, 2, 0, 2, 2, 0, 2, 0, 0, 2, 1, 2, 0, 2, 2, 2, 1, 2, 2, 0, 1, 1, 0, 1, 0, 1]|[0, 4, 0, 0, 3, 4, 3, 2, 0, 2, 2, 3, 1, 0, 0, 0, 2, 4, 1, 2, 2, 2, 1, 0, 1, 3, 0, 2, 0, 2, 1, 0, 3, 0, 3, 2, 2, 2, 2, 0, 2, 3, 4, 1, 1, 1, 3, 1, 3, 3, 2, 1, 2, 1, 0, 2, 1, 1, 4, 2, 1, 1, 3, 2, 4, 0, 2, 1, 1, 3, 0, 2, 2, 3, 3, 0, 1, 1, 0, 1, 4, 1, 2, 2, 0, 2, 2, 4, 2, 4, 1, 1, 0, 1, 0, 2, 1, 3, 1, 2]|[1, 3, 0, 0, 0, 0, 2, 2, 2, 3, 2, 1, 1, 0, 0, 0, 2, 1, 0, 0, 3, 0, 1, 1, 3, 0, 0, 2, 0, 1, 1, 0, 0, 1, 0, 1, 2, 1, 2, 1, 1, 0, 3, 1, 0, 1, 0, 1, 2, 2, 0, 0, 1, 2, 1, 0, 0, 0, 0, 0, 2, 1, 1, 0, 0, 0, 0, 1, 1, 0, 2, 1, 1, 0, 0, 2, 1, 0, 3, 0, 1, 0, 1, 2, 2, 3, 0, 3, 2, 1, 0, 3, 1, 0, 1, 0, 1, 1, 1, 0],917.979475330835;129090.915781258430;367537.499036164000,false,0
16,1,1600,G1_CMAX,[63, 30, 89, 27, 96, 75, 26, 76, 58, 1, 12, 40, 78, 16, 80, 84, 49, 11, 85, 15, 83, 47, 0, 14, 64, 73, 35, 9, 81, 44, 95, 82, 88, 4, 86, 68, 24, 52, 56, 92, 32, 94, 45, 42, 18, 34, 90, 87, 31, 50, 66, 3, 33, 99, 48, 25, 57, 17, 53, 65, 79, 67, 10, 13, 98, 7, 39, 38, 59, 61, 5, 29, 2, 69, 8, 54, 21, 74, 71, 93, 41, 72, 20, 55, 77, 28, 51, 97, 6, 19, 46, 70, 43, 60, 23, 36, 37, 91, 22, 62]|[0, 1, 1, 0, 1, 1, 1, 0, 1, 2, 0, 1, 1, 1, 0, 0, 2, 1, 1, 2, 2, 0, 0, 2, 2, 2, 1, 2, 1, 0, 0, 1, 2, 1, 0, 1, 0, 0, 2, 0, 0, 2, 1, 2, 1, 1, 1, 2, 0, 2, 1, 2, 2, 2, 2, 2, 2, 2, 1, 1, 0, 0, 1, 2, 1, 0, 0, 2, 2, 1, 1, 2, 2, 2, 1, 1, 2, 0, 1, 1, 0, 0, 2, 1, 2, 2, 2, 0, 1, 2, 2, 1, 2, 0, 0, 0, 1, 2, 1, 1]|[0, 1, 0, 0, 1, 2, 3, 2, 0, 2, 0, 1, 1, 2, 1, 2, 4, 0, 1, 3, 2, 2, 1, 1, 1, 2, 3, 1, 3, 2, 1, 3, 4, 0, 0, 2, 0, 2, 2, 2, 2, 0, 2, 0, 1, 1, 3, 1, 1, 1, 0, 2, 4, 2, 1, 3, 4, 0, 1, 1, 1, 1, 1, 3, 2, 0, 1, 3, 0, 0, 1, 1, 3, 3, 0, 2, 0, 1, 2, 1, 2, 0, 4, 3, 0, 3, 2, 2, 3, 0, 1, 1, 3, 2, 2, 0, 2, 1, 2, 1]|[1, 0, 2, 0, 1, 2, 0, 1, 1, 3, 0, 1, 1, 2, 0, 1, 0, 0, 1, 2, 3, 0, 1, 1, 0, 2, 0, 1, 0, 0, 0, 0, 1, 1, 1, 0, 1, 1, 2, 0, 0, 1, 0, 3, 1, 0, 1, 2, 0, 2, 2, 2, 1, 3, 1, 0, 2, 1, 0, 2, 1, 0, 1, 3, 0, 1, 1, 2, 2, 0, 0, 1, 2, 2, 0, 1, 1, 1, 0, 0, 0, 0, 0, 1, 1, 1, 0, 1, 0, 0, 1, 1, 3, 1, 0, 0, 2, 1, 0, 1],861.654264020419;128607.591285472810;382083.274253520900,false,0
16,1,1600,G4_BALANCED,[7, 50, 55, 49, 78, 95, 40, 44, 19, 48, 72, 18, 96, 16, 80, 84, 27, 11, 85, 15, 83, 47, 0, 14, 12, 25, 66, 65, 81, 76, 29, 82, 13, 4, 86, 63, 54, 52, 56, 21, 32, 1, 38, 74, 39, 33, 60, 71, 69, 31, 90, 43, 37, 99, 24, 67, 53, 34, 79, 91, 97, 17, 10, 41, 58, 68, 26, 45, 70, 73, 28, 51, 87, 57, 22, 23, 8, 36, 88, 59, 89, 6, 64, 61, 92, 77, 20, 98, 5, 3, 94, 2, 42, 62, 46, 75, 93, 30, 9, 35]|[0, 1, 1, 1, 1, 0, 2, 0, 2, 1, 1, 0, 1, 2, 2, 1, 1, 2, 1, 0, 2, 1, 1, 0, 2, 2, 1, 1, 1, 2, 2, 2, 2, 1, 1, 2, 1, 0, 0, 2, 2, 2, 2, 2, 0, 2, 2, 1, 0, 2, 0, 2, 1, 2, 1, 0, 2, 1, 1, 2, 1, 1, 1, 2, 1, 0, 0, 2, 1, 1, 2, 2, 1, 2, 1, 2, 1, 1, 0, 1, 1, 0, 0, 0, 1, 2, 2, 1, 2, 2, 1, 2, 2, 1, 1, 0, 1, 1, 2, 2]|[0, 1, 0, 3, 1, 0, 1, 2, 0, 0, 3, 1, 2, 1, 4, 1, 1, 4, 1, 2, 2, 3, 1, 0, 1, 3, 0, 1, 3, 0, 1, 0, 4, 0, 3, 4, 0, 2, 0, 0, 3, 4, 3, 0, 1, 4, 0, 1, 1, 1, 2, 3, 2, 1, 3, 1, 1, 2, 1, 0, 3, 1, 1, 3, 2, 2, 1, 4, 0, 2, 3, 2, 1, 4, 3, 3, 3, 2, 1, 1, 3, 2, 2, 0, 2, 0, 4, 2, 1, 2, 2, 3, 0, 1, 1, 0, 1, 1, 0, 0]|[1, 0, 2, 0, 0, 1, 0, 1, 2, 1, 1, 0, 0, 2, 2, 2, 0, 0, 0, 0, 3, 1, 2, 1, 3, 0, 0, 0, 0, 1, 1, 0, 1, 1, 0, 0, 1, 1, 0, 1, 3, 1, 2, 3, 1, 1, 1, 1, 0, 2, 1, 3, 1, 2, 0, 0, 2, 2, 0, 0, 1, 2, 0, 3, 2, 0, 1, 0, 1, 2, 1, 0, 1, 1, 0, 1, 0, 2, 0, 0, 1, 0, 0, 1, 2, 1, 0, 0, 2, 2, 1, 2, 3, 1, 0, 1, 0, 0, 0, 2],986.133291956110;125344.439151600300;372557.814607441000,false,0
16,1,1600,G2_TEC,[7, 50, 55, 49, 78, 95, 64, 44, 19, 48, 26, 18, 96, 16, 80, 84, 27, 11, 85, 15, 83, 47, 0, 14, 12, 25, 66, 65, 81, 76, 29, 82, 13, 4, 86, 63, 54, 52, 56, 21, 32, 1, 38, 74, 39, 33, 60, 71, 69, 31, 90, 3, 34, 99, 24, 67, 35, 53, 20, 10, 87, 22, 91, 41, 58, 79, 57, 61, 70, 88, 45, 51, 97, 73, 17, 6, 77, 36, 89, 37, 92, 23, 42, 8, 68, 5, 28, 98, 72, 59, 43, 94, 30, 62, 46, 9, 93, 40, 75, 2]|[0, 2, 0, 1, 1, 1, 2, 2, 2, 1, 1, 1, 0, 1, 1, 1, 2, 2, 1, 0, 2, 0, 1, 0, 2, 1, 1, 0, 2, 0, 2, 2, 2, 1, 1, 2, 1, 0, 1, 2, 2, 2, 2, 0, 2, 0, 1, 1, 1, 1, 1, 2, 1, 2, 1, 1, 1, 1, 1, 1, 1, 1, 1, 2, 2, 1, 2, 0, 1, 0, 2, 0, 0, 1, 2, 0, 2, 0, 1, 2, 1, 2, 2, 2, 1, 1, 0, 1, 1, 2, 1, 2, 0, 1, 1, 2, 1, 1, 0, 2]|[2, 4, 0, 2, 1, 2, 1, 2, 0, 0, 3, 3, 1, 2, 1, 0, 3, 1, 1, 1, 2, 2, 2, 0, 2, 0, 0, 2, 4, 2, 1, 0, 3, 0, 3, 4, 2, 2, 2, 0, 3, 4, 4, 1, 1, 1, 3, 1, 1, 3, 3, 2, 1, 1, 3, 0, 1, 0, 3, 2, 2, 1, 2, 0, 4, 3, 0, 0, 2, 1, 0, 0, 0, 1, 0, 2, 0, 0, 0, 0, 0, 3, 0, 2, 2, 3, 2, 2, 3, 0, 0, 1, 1, 0, 1, 2, 2, 3, 0, 3]|[1, 3, 0, 2, 1, 2, 0, 2, 2, 1, 1, 1, 0, 2, 0, 0, 1, 2, 0, 1, 3, 0, 0, 1, 3, 2, 0, 1, 3, 0, 1, 0, 0, 1, 0, 0, 0, 1, 2, 1, 3, 1, 3, 1, 2, 1, 1, 1, 1, 2, 1, 2, 1, 2, 0, 2, 0, 1, 2, 0, 0, 1, 0, 2, 0, 2, 2, 1, 2, 0, 0, 1, 1, 2, 3, 0, 1, 0, 2, 2, 1, 1, 3, 2, 0, 0, 0, 0, 1, 2, 0, 0, 1, 1, 0, 2, 2, 2, 1, 2],1044.674314065967;125494.371566871970;372192.813691940740,false,0
16,1,1600,G3_TWC,[7, 50, 55, 49, 78, 95, 40, 9, 2, 98, 72, 28, 71, 27, 81, 66, 8, 64, 85, 15, 83, 47, 0, 14, 12, 25, 84, 65, 80, 76, 29, 82, 13, 4, 86, 63, 54, 52, 56, 21, 32, 1, 38, 74, 39, 33, 60, 96, 69, 31, 90, 43, 37, 99, 92, 67, 53, 34, 20, 10, 87, 22, 91, 41, 58, 79, 57, 61, 18, 5, 89, 35, 51, 73, 19, 59, 45, 94, 77, 97, 24, 23, 42, 16, 68, 88, 70, 48, 26, 6, 3, 36, 30, 62, 46, 44, 93, 11, 75, 17]|[0, 2, 0, 0, 1, 2, 1, 2, 2, 2, 1, 1, 0, 0, 1, 0, 2, 2, 1, 0, 2, 0, 0, 0, 2, 1, 1, 2, 2, 2, 2, 2, 2, 1, 1, 2, 1, 0, 1, 2, 1, 1, 2, 0, 1, 0, 1, 0, 1, 1, 0, 1, 1, 2, 1, 0, 1, 1, 1, 1, 2, 1, 1, 0, 2, 1, 0, 1, 1, 0, 1, 1, 0, 1, 1, 2, 2, 2, 2, 0, 1, 0, 1, 2, 1, 0, 2, 1, 1, 0, 2, 2, 0, 0, 1, 2, 2, 2, 2, 0]|[0, 4, 0, 0, 1, 4, 3, 2, 3, 2, 2, 3, 1, 0, 1, 0, 2, 4, 1, 1, 2, 2, 1, 0, 1, 0, 0, 2, 0, 2, 1, 0, 3, 0, 3, 4, 2, 2, 2, 0, 2, 3, 4, 1, 1, 1, 3, 1, 1, 3, 2, 1, 2, 1, 0, 2, 1, 1, 3, 2, 1, 1, 2, 2, 4, 3, 2, 1, 3, 1, 0, 2, 2, 1, 3, 0, 0, 1, 0, 1, 2, 2, 0, 2, 3, 1, 4, 0, 3, 1, 2, 0, 2, 1, 1, 2, 4, 1, 2, 1]|[1, 3, 0, 0, 1, 0, 2, 2, 2, 3, 2, 1, 1, 0, 0, 0, 2, 1, 0, 1, 3, 0, 1, 1, 0, 2, 0, 2, 0, 1, 1, 0, 0, 1, 0, 0, 2, 1, 2, 1, 1, 0, 3, 1, 0, 1, 1, 1, 1, 2, 0, 0, 1, 2, 1, 0, 0, 0, 2, 0, 2, 1, 0, 0, 0, 2, 0, 1, 1, 0, 2, 1, 1, 2, 0, 2, 1, 0, 1, 1, 0, 0, 2, 2, 1, 0, 3, 1, 1, 0, 2, 3, 1, 0, 0, 2, 1, 2, 3, 1],903.609255720845;127299.691182154450;355261.013298346100,false,0
17,1,1700,G1_CMAX,[63, 30, 89, 27, 96, 75, 26, 76, 58, 1, 12, 40, 78, 16, 80, 84, 49, 11, 85, 15, 83, 47, 0, 14, 64, 73, 35, 9, 81, 44, 95, 82, 88, 4, 86, 68, 24, 52, 56, 92, 32, 94, 45, 42, 18, 34, 90, 87, 31, 50, 66, 3, 33, 99, 48, 25, 57, 17, 53, 65, 79, 67, 10, 13, 98, 7, 39, 38, 59, 61, 5, 29, 2, 69, 8, 54, 21, 74, 71, 93, 41, 72, 20, 55, 77, 28, 51, 97, 6, 19, 46, 70, 43, 60, 23, 36, 37, 91, 22, 62]|[0, 1, 1, 0, 1, 1, 1, 0, 1, 2, 0, 1, 1, 1, 0, 0, 2, 1, 1, 2, 2, 0, 0, 2, 2, 2, 1, 2, 1, 0, 0, 1, 2, 1, 0, 1, 0, 0, 2, 0, 0, 2, 1, 2, 1, 1, 1, 2, 0, 2, 1, 2, 2, 2, 2, 2, 2, 2, 1, 1, 0, 0, 1, 2, 1, 0, 0, 2, 2, 1, 1, 2, 2, 2, 1, 1, 2, 0, 1, 1, 0, 0, 2, 1, 2, 2, 2, 0, 1, 2, 2, 1, 2, 0, 0, 0, 1, 2, 1, 1]|[0, 1, 0, 0, 1, 2, 3, 2, 0, 2, 0, 1, 1, 2, 1, 2, 4, 0, 1, 3, 2, 2, 1, 1, 1, 2, 3, 1, 3, 2, 1, 3, 4, 0, 0, 2, 0, 2, 2, 2, 2, 0, 2, 0, 1, 1, 3, 1, 1, 1, 0, 2, 4, 2, 1, 3, 4, 0, 1, 1, 1, 1, 1, 3, 2, 0, 1, 3, 0, 0, 1, 1, 3, 3, 0, 2, 0, 1, 2, 1, 2, 0, 4, 3, 0, 3, 2, 2, 3, 0, 1, 1, 3, 2, 2, 0, 2, 1, 2, 1]|[1, 0, 2, 0, 1, 2, 0, 1, 1, 3, 0, 1, 1, 2, 0, 1, 0, 0, 1, 2, 3, 0, 1, 1, 0, 2, 0, 1, 0, 0, 0, 0, 1, 1, 1, 0, 1, 1, 2, 0, 0, 1, 0, 3, 1, 0, 1, 2, 0, 2, 2, 2, 1, 3, 1, 0, 2, 1, 0, 2, 1, 0, 1, 3, 0, 1, 1, 2, 2, 0, 0, 1, 2, 2, 0, 1, 1, 1, 0, 0, 0, 0, 0, 1, 1, 1, 0, 1, 0, 0, 1, 1, 3, 1, 0, 0, 2, 1, 0, 1],861.654264020419;128607.591285472810;382083.274253520900,false,0
17,1,1700,G4_BALANCED,[7, 50, 55, 49, 78, 95, 40, 44, 19, 48, 72, 18, 96, 16, 80, 84, 27, 11, 85, 15, 83, 47, 0, 14, 12, 25, 66, 65, 81, 76, 29, 82, 13, 4, 86, 63, 54, 52, 56, 21, 32, 1, 38, 74, 39, 33, 60, 71, 69, 31, 90, 43, 37, 99, 24, 67, 53, 34, 79, 91, 97, 17, 10, 41, 58, 68, 26, 45, 70, 73, 28, 51, 87, 57, 22, 23, 8, 36, 88, 59, 89, 6, 64, 61, 92, 77, 20, 98, 5, 3, 94, 2, 42, 62, 46, 75, 93, 30, 9, 35]|[0, 1, 1, 1, 1, 0, 2, 0, 2, 1, 1, 0, 1, 2, 2, 1, 1, 2, 1, 0, 2, 1, 1, 0, 2, 2, 1, 1, 1, 2, 2, 2, 2, 1, 1, 2, 1, 0, 0, 2, 2, 2, 2, 2, 0, 2, 2, 1, 0, 2, 0, 2, 1, 2, 1, 0, 2, 1, 1, 2, 1, 1, 1, 2, 1, 0, 0, 2, 1, 1, 2, 2, 1, 2, 1, 2, 1, 1, 0, 1, 1, 0, 0, 0, 1, 2, 2, 1, 2, 2, 1, 2, 2, 1, 1, 0, 1, 1, 2, 2]|[0, 1, 0, 3, 1, 0, 1, 2, 0, 0, 3, 1, 2, 1, 4, 1, 1, 4, 1, 2, 2, 3, 1, 0, 1, 3, 0, 1, 3, 0, 1, 0, 4, 0, 3, 4, 0, 2, 0, 0, 3, 4, 3, 0, 1, 4, 0, 1, 1, 1, 2, 3, 2, 1, 3, 1, 1, 2, 1, 0, 3, 1, 1, 3, 2, 2, 1, 4, 0, 2, 3, 2, 1, 4, 3, 3, 3, 2, 1, 1, 3, 2, 2, 0, 2, 0, 4, 2, 1, 2, 2, 3, 0, 1, 1, 0, 1, 1, 0, 0]|[1, 0, 2, 0, 0, 1, 0, 1, 2, 1, 1, 0, 0, 2, 2, 2, 0, 0, 0, 0, 3, 1, 2, 1, 3, 0, 0, 0, 0, 1, 1, 0, 1, 1, 0, 0, 1, 1, 0, 1, 3, 1, 2, 3, 1, 1, 1, 1, 0, 2, 1, 3, 1, 2, 0, 0, 2, 2, 0, 0, 1, 2, 0, 3, 2, 0, 1, 0, 1, 2, 1, 0, 1, 1, 0, 1, 0, 2, 0, 0, 1, 0, 0, 1, 2, 1, 0, 0, 2, 2, 1, 2, 3, 1, 0, 1, 0, 0, 0, 2],986.133291956110;125344.439151600300;372557.814607441000,false,0
17,1,1700,G2_TEC,[7, 50, 55, 49, 78, 95, 64, 44, 19, 48, 26, 18, 96, 16, 80, 84, 27, 11, 85, 15, 83, 47, 0, 14, 12, 25, 66, 65, 81, 76, 29, 82, 13, 4, 86, 63, 54, 52, 56, 21, 32, 1, 38, 74, 39, 33, 60, 71, 69, 31, 90, 3, 34, 99, 24, 67, 35, 53, 20, 10, 87, 22, 91, 41, 58, 79, 57, 61, 70, 88, 45, 51, 97, 73, 17, 6, 77, 36, 89, 37, 92, 23, 42, 8, 68, 5, 28, 98, 72, 59, 43, 94, 30, 62, 46, 9, 93, 40, 75, 2]|[0, 2, 0, 1, 1, 1, 2, 2, 2, 1, 1, 1, 0, 1, 1, 1, 2, 2, 1, 0, 2, 0, 1, 0, 2, 1, 1, 0, 2, 0, 2, 2, 2, 1, 1, 2, 1, 0, 1, 2, 2, 2, 2, 0, 2, 0, 1, 1, 1, 1, 1, 2, 1, 2, 1, 1, 1, 1, 1, 1, 1, 1, 1, 2, 2, 1, 2, 0, 1, 0, 2, 0, 0, 1, 2, 0, 2, 0, 1, 2, 1, 2, 2, 2, 1, 1, 0, 1, 1, 2, 1, 2, 0, 1, 1, 2, 1, 1, 0, 2]|[2, 4, 0, 2, 1, 2, 1, 2, 0, 0, 3, 3, 1, 2, 1, 0, 3, 1, 1, 1, 2, 2, 2, 0, 2, 0, 0, 2, 4, 2, 1, 0, 3, 0, 3, 4, 2, 2, 2, 0, 3, 4, 4, 1, 1, 1, 3, 1, 1, 3, 3, 2, 1, 1, 3, 0, 1, 0, 3, 2, 2, 1, 2, 0, 4, 3, 0, 0, 2, 1, 0, 0, 0, 1, 0, 2, 0, 0, 0, 0, 0, 3, 0, 2, 2, 3, 2, 2, 3, 0, 0, 1, 1, 0, 1, 2, 2, 3, 0, 3]|[1, 3, 0, 2, 1, 2, 0, 2, 2, 1, 1, 1, 0, 2, 0, 0, 1, 2, 0, 1, 3, 0, 0, 1, 3, 2, 0, 1, 3, 0, 1, 0, 0, 1, 0, 0, 0, 1, 2, 1, 3, 1, 3, 1, 2, 1, 1, 1, 1, 2, 1, 2, 1, 2, 0, 2, 0, 1, 2, 0, 0, 1, 0, 2, 0, 2, 2, 1, 2, 0, 0, 1, 1, 2, 3, 0, 1, 0, 2, 2, 1, 1, 3, 2, 0, 0, 0, 0, 1, 2, 0, 0, 1, 1, 0, 2, 2, 2, 1, 2],1044.674314065967;125494.371566871970;372192.813691940740,false,0
17,1,1700,G3_TWC,[63, 30, 89, 27, 96, 75, 26, 76, 58, 1, 12, 40, 78, 16, 80, 84, 49, 11, 85, 15, 83, 47, 0, 14, 64, 73, 35, 9, 81, 44, 95, 82, 88, 4, 86, 68, 24, 52, 56, 92, 32, 94, 45, 42, 18, 34, 90, 87, 31, 50, 66, 3, 33, 99, 48, 25, 57, 17, 53, 65, 79, 67, 10, 13, 98, 7, 39, 38, 59, 61, 5, 60, 51, 54, 2, 28, 41, 72, 62, 23, 91, 22, 20, 70, 97, 55, 37, 77, 36, 21, 29, 8, 74, 43, 6, 46, 69, 71, 93, 19]|[2, 1, 1, 0, 1, 0, 1, 0, 0, 2, 0, 1, 1, 0, 0, 0, 2, 1, 1, 2, 2, 0, 0, 0, 2, 2, 1, 2, 1, 0, 0, 2, 2, 1, 1, 1, 1, 0, 2, 0, 0, 2, 1, 2, 1, 1, 1, 2, 1, 2, 0, 2, 2, 1, 1, 2, 2, 2, 1, 1, 0, 0, 0, 2, 1, 1, 0, 2, 2, 1, 1, 0, 2, 1, 2, 2, 0, 0, 1, 0, 2, 1, 2, 2, 0, 1, 1, 1, 1, 2, 2, 2, 1, 2, 1, 2, 0, 0, 1, 2]|[4, 1, 0, 0, 1, 0, 3, 2, 2, 2, 0, 1, 1, 0, 1, 2, 4, 0, 1, 3, 2, 2, 1, 2, 1, 2, 3, 1, 3, 2, 1, 0, 4, 0, 3, 2, 3, 2, 2, 2, 2, 0, 2, 0, 1, 1, 3, 1, 3, 1, 2, 2, 4, 0, 0, 4, 4, 0, 1, 1, 1, 1, 2, 3, 2, 3, 1, 3, 0, 0, 1, 2, 2, 2, 3, 0, 2, 0, 1, 2, 1, 2, 4, 4, 1, 3, 2, 2, 2, 0, 1, 3, 1, 3, 3, 1, 2, 1, 1, 2]|[0, 0, 2, 0, 0, 1, 0, 1, 1, 3, 0, 1, 1, 0, 0, 1, 0, 0, 0, 2, 3, 0, 1, 1, 0, 2, 0, 1, 0, 0, 0, 0, 1, 1, 0, 2, 0, 1, 2, 0, 0, 1, 0, 3, 1, 0, 1, 2, 0, 2, 0, 2, 1, 2, 1, 1, 2, 1, 0, 2, 1, 0, 0, 3, 0, 2, 1, 2, 2, 0, 0, 1, 0, 1, 2, 2, 0, 0, 1, 0, 1, 0, 0, 3, 1, 1, 2, 2, 2, 1, 1, 2, 1, 3, 0, 1, 1, 1, 0, 2],877.630426829798;128177.489756882100;371615.113094845300,false,0
18,1,1800,G1_CMAX,[7, 50, 55, 49, 78, 95, 40, 9, 2, 98, 72, 28, 71, 27, 81, 66, 8, 64, 85, 15, 83, 47, 0, 14, 12, 25, 84, 65, 80, 76, 29, 82, 13, 4, 86, 63, 54, 52, 56, 21, 32, 1, 38, 74, 39, 33, 60, 96, 69, 31, 90, 43, 37, 99, 92, 67, 53, 34, 79, 91, 97, 17, 10, 41, 58, 20, 57, 61, 18, 5, 89, 35, 51, 94, 19, 59, 45, 73, 36, 88, 26, 62, 75, 30, 70, 48, 24, 16, 93, 42, 6, 44, 22, 87, 77, 11, 68, 23, 3, 46]|[0, 1, 1, 0, 1, 1, 0, 0, 2, 1, 2, 2, 1, 1, 0, 1, 0, 2, 1, 0, 2, 0, 0, 0, 2, 2, 1, 1, 2, 2, 1, 2, 2, 1, 0, 2, 1, 1, 0, 2, 1, 1, 0, 2, 1, 0, 1, 1, 0, 0, 2, 1, 1, 2, 1, 1, 1, 1, 0, 2, 0, 0, 1, 0, 2, 2, 0, 0, 1, 1, 0, 1, 0, 2, 1, 2, 0, 2, 2, 0, 0, 0, 0, 0, 2, 1, 1, 2, 2, 2, 0, 2, 1, 0, 2, 2, 1, 0, 2, 1]|[0, 3, 0, 0, 3, 2, 1, 2, 0, 0, 1, 3, 1, 3, 1, 3, 0, 4, 1, 1, 2, 2, 1, 0, 4, 3, 2, 1, 2, 2, 2, 0, 3, 0, 2, 4, 0, 3, 0, 0, 2, 0, 2, 2, 3, 1, 3, 1, 1, 2, 4, 2, 2, 1, 2, 1, 1, 1, 0, 0, 1, 1, 1, 2, 4, 4, 2, 0, 3, 3, 2, 0, 0, 1, 3, 0, 1, 3, 4, 1, 2, 1, 0, 2, 4, 0, 0, 1, 4, 0, 2, 2, 1, 0, 0, 4, 2, 2, 2, 1]|[1, 1, 2, 0, 0, 2, 1, 1, 2, 1, 3, 1, 1, 0, 0, 0, 0, 1, 0, 1, 3, 0, 1, 1, 1, 0, 0, 0, 2, 1, 2, 0, 3, 1, 0, 0, 1, 1, 0, 1, 1, 0, 1, 1, 2, 1, 0, 1, 0, 1, 3, 2, 1, 2, 2, 0, 0, 0, 0, 0, 1, 1, 0, 1, 0, 0, 0, 1, 1, 0, 0, 0, 1, 0, 0, 2, 1, 0, 2, 0, 0, 1, 1, 1, 3, 1, 1, 2, 1, 3, 0, 1, 1, 1, 1, 1, 0, 0, 2, 0],857.338748306240;130642.962295542910;371780.324660746400,false,0
18,1,1800,G4_BALANCED,[63, 30, 89, 27, 96, 75, 26, 76, 58, 1, 12, 40, 78, 16, 80, 84, 49, 11, 85, 15, 83, 47, 0, 14, 64, 73, 66, 65, 81, 44, 29, 82, 13, 4, 86, 7, 54, 52, 56, 21, 32, 48, 38, 74, 39, 33, 60, 71, 69, 31, 90, 43, 37, 99, 24, 67, 53, 34, 79, 91, 97, 17, 10, 41, 19, 20, 57, 61, 28, 5, 45, 51, 87, 88, 22, 6, 77, 36, 55, 72, 23, 94, 50, 8, 42, 95, 18, 59, 93, 92, 70, 2, 62, 68, 35, 98, 25, 9, 3, 46]|[2, 1, 1, 1, 1, 2, 0, 0, 2, 2, 1, 1, 1, 2, 2, 0, 1, 1, 1, 0, 2, 0, 1, 0, 2, 2, 1, 0, 2, 2, 2, 2, 2, 1, 1, 2, 1, 0, 1, 2, 2, 0, 2, 1, 0, 2, 1, 1, 1, 1, 0, 1, 1, 2, 1, 0, 1, 1, 1, 1, 2, 2, 1, 2, 2, 1, 0, 0, 1, 2, 2, 1, 1, 0, 1, 0, 1, 1, 1, 2, 0, 2, 1, 1, 2, 0, 2, 2, 1, 1, 0, 1, 1, 1, 1, 1, 2, 2, 1, 2]|[4, 1, 0, 1, 1, 2, 1, 2, 4, 2, 3, 3, 2, 1, 0, 0, 1, 0, 1, 1, 2, 2, 2, 0, 2, 2, 0, 2, 4, 2, 1, 0, 3, 0, 3, 1, 2, 2, 2, 0, 3, 2, 4, 1, 0, 4, 3, 1, 1, 3, 2, 0, 2, 1, 3, 1, 1, 1, 3, 2, 1, 0, 2, 0, 4, 2, 1, 0, 0, 1, 0, 2, 1, 1, 2, 2, 2, 2, 3, 4, 2, 1, 1, 3, 0, 0, 1, 0, 1, 2, 2, 1, 1, 2, 1, 2, 4, 0, 2, 1]|[0, 0, 2, 0, 1, 3, 1, 1, 0, 3, 1, 1, 0, 2, 0, 1, 0, 0, 0, 1, 3, 0, 0, 1, 3, 2, 0, 1, 2, 2, 1, 0, 0, 1, 0, 0, 1, 1, 2, 1, 3, 1, 3, 1, 0, 0, 1, 1, 1, 2, 1, 0, 2, 2, 0, 0, 0, 1, 2, 0, 2, 1, 0, 2, 0, 0, 1, 1, 1, 2, 0, 0, 1, 0, 0, 0, 2, 2, 1, 1, 0, 0, 0, 0, 3, 1, 0, 2, 0, 2, 0, 1, 1, 0, 0, 0, 1, 0, 0, 1],1121.410363983383;123488.722149796730;356334.261009768800,false,0
18,1,1800,G2_TEC,[7, 50, 55, 49, 78, 95, 64, 44, 19, 48, 26, 18, 96, 16, 80, 84, 27, 11, 85, 15, 83, 47, 0, 14, 12, 25, 66, 65, 81, 76, 29, 82, 13, 4, 86, 63, 54, 52, 56, 21, 32, 1, 38, 74, 39, 33, 60, 71, 69, 31, 90, 3, 34, 99, 24, 67, 35, 53, 20, 10, 87, 22, 91, 41, 58, 79, 57, 61, 70, 88, 45, 51, 97, 73, 17, 6, 77, 36, 89, 37, 92, 23, 42, 8, 68, 5, 28, 98, 72, 59, 43, 94, 30, 62, 46, 9, 93, 40, 75, 2]|[0, 2, 0, 1, 1, 1, 2, 2, 2, 1, 1, 1, 0, 1, 1, 1, 2, 2, 1, 0, 2, 0, 1, 0, 2, 1, 1, 0, 2, 0, 2, 2, 2, 1, 1, 2, 1, 0, 1, 2, 2, 2, 2, 0, 2, 0, 1, 1, 1, 1, 1, 2, 1, 2, 1, 1, 1, 1, 1, 1, 1, 1, 1, 2, 2, 1, 2, 0, 1, 0, 2, 0, 0, 1, 2, 0, 2, 0, 1, 2, 1, 2, 2, 2, 1, 1, 0, 1, 1, 2, 1, 2, 0, 1, 1, 2, 1, 1, 0, 2]|[2, 4, 0, 2, 1, 2, 1, 2, 0, 0, 3, 3, 1, 2, 1, 0, 3, 1, 1, 1, 2, 2, 2, 0, 2, 0, 0, 2, 4, 2, 1, 0, 3, 0, 3, 4, 2, 2, 2, 0, 3, 4, 4, 1, 1, 1, 3, 1, 1, 3, 3, 2, 1, 1, 3, 0, 1, 0, 3, 2, 2, 1, 2, 0, 4, 3, 0, 0, 2, 1, 0, 0, 0, 1, 0, 2, 0, 0, 0, 0, 0, 3, 0, 2, 2, 3, 2, 2, 3, 0, 0, 1, 1, 0, 1, 2, 2, 3, 0, 3]|[1, 3, 0, 2, 1, 2, 0, 2, 2, 1, 1, 1, 0, 2, 0, 0, 1, 2, 0, 1, 3, 0, 0, 1, 3, 2, 0, 1, 3, 0, 1, 0, 0, 1, 0, 0, 0, 1, 2, 1, 3, 1, 3, 1, 2, 1, 1, 1, 1, 2, 1, 2, 1, 2, 0, 2, 0, 1, 2, 0, 0, 1, 0, 2, 0, 2, 2, 1, 2, 0, 0, 1, 1, 2, 3, 0, 1, 0, 2, 2, 1, 1, 3, 2, 0, 0, 0, 0, 1, 2, 0, 0, 1, 1, 0, 2, 2, 2, 1, 2],1044.674314065967;125494.371566871970;372192.813691940740,false,0
18,1,1800,G3_TWC,[7, 50, 55, 49, 78, 95, 40, 9, 2, 98, 72, 28, 71, 27, 81, 66, 8, 64, 85, 15, 83, 47, 0, 14, 12, 25, 84, 65, 80, 76, 29, 82, 13, 4, 86, 63, 54, 52, 56, 21, 32, 1, 38, 74, 39, 33, 60, 96, 69, 31, 90, 43, 37, 99, 92, 67, 53, 34, 20, 10, 87, 22, 91, 41, 58, 79, 57, 61, 18, 5, 89, 35, 51, 73, 19, 59, 45, 94, 77, 97, 24, 23, 42, 16, 68, 88, 70, 48, 26, 6, 3, 36, 30, 62, 46, 44, 93, 11, 75, 17]|[0, 2, 0, 0, 1, 2, 1, 2, 2, 2, 1, 1, 0, 0, 1, 0, 2, 2, 1, 0, 2, 0, 0, 0, 2, 1, 1, 2, 2, 2, 2, 2, 2, 1, 1, 2, 1, 0, 1, 2, 1, 1, 2, 0, 1, 0, 1, 0, 1, 1, 0, 1, 1, 2, 1, 0, 1, 1, 1, 1, 2, 1, 1, 0, 2, 1, 0, 1, 1, 0, 1, 1, 0, 1, 1, 2, 2, 2, 2, 0, 1, 0, 1, 2, 1, 0, 2, 1, 1, 0, 2, 2, 0, 0, 1, 2, 2, 2, 2, 0]|[0, 4, 0, 0, 1, 4, 3, 2, 3, 2, 2, 3, 1, 0, 1, 0, 2, 4, 1, 1, 2, 2, 1, 0, 1, 0, 0, 2, 0, 2, 1, 0, 3, 0, 3, 4, 2, 2, 2, 0, 2, 3, 4, 1, 1, 1, 3, 1, 1, 3, 2, 1, 2, 1, 0, 2, 1, 1, 3, 2, 1, 1, 2, 2, 4, 3, 2, 1, 3, 1, 0, 2, 2, 1, 3, 0, 0, 1, 0, 1, 2, 2, 0, 2, 3, 1, 4, 0, 3, 1, 2, 0, 2, 1, 1, 2, 4, 1, 2, 1]|[1, 3, 0, 0, 1, 0, 2, 2, 2, 3, 2, 1, 1, 0, 0, 0, 2, 1, 0, 1, 3, 0, 1, 1, 0, 2, 0, 2, 0, 1, 1, 0, 0, 1, 0, 0, 2, 1, 2, 1, 1, 0, 3, 1, 0, 1, 1, 1, 1, 2, 0, 0, 1, 2, 1, 0, 0, 0, 2, 0, 2, 1, 0, 0, 0, 2, 0, 1, 1, 0, 2, 1, 1, 2, 0, 2, 1, 0, 1, 1, 0, 0, 2, 2, 1, 0, 3, 1, 1, 0, 2, 3, 1, 0, 0, 2, 1, 2, 3, 1],903.609255720845;127299.691182154450;355261.013298346100,false,0
19,1,1900,G1_CMAX,[63, 30, 89, 27, 96, 75, 26, 76, 58, 1, 12, 40, 78, 16, 80, 84, 49, 11, 85, 15, 83, 47, 0, 14, 64, 73, 66, 65, 81, 44, 29, 82, 13, 4, 86, 7, 54, 52, 56, 21, 32, 48, 38, 74, 39, 33, 60, 71, 69, 31, 90, 43, 37, 99, 24, 67, 53, 34, 79, 91, 97, 17, 10, 41, 19, 20, 57, 61, 28, 5, 45, 51, 87, 88, 22, 6, 77, 94, 62, 98, 9, 2, 95, 35, 8, 92, 25, 18, 72, 59, 36, 23, 55, 42, 70, 46, 3, 93, 50, 68]|[0, 2, 1, 2, 1, 2, 0, 2, 2, 2, 2, 1, 1, 0, 2, 0, 1, 2, 1, 0, 2, 0, 1, 0, 2, 1, 1, 2, 2, 2, 2, 2, 2, 1, 1, 0, 1, 2, 1, 2, 2, 0, 2, 1, 1, 0, 1, 1, 1, 1, 1, 1, 1, 2, 1, 1, 1, 1, 1, 1, 2, 2, 1, 2, 2, 1, 0, 0, 0, 2, 2, 1, 1, 2, 1, 0, 2, 1, 1, 1, 2, 1, 1, 1, 1, 1, 2, 1, 2, 2, 1, 2, 1, 2, 0, 2, 2, 1, 2, 1]|[0, 4, 0, 3, 1, 2, 1, 2, 4, 4, 2, 3, 1, 0, 0, 0, 2, 4, 1, 1, 2, 2, 2, 0, 4, 1, 0, 2, 4, 2, 1, 0, 3, 0, 3, 2, 2, 0, 2, 0, 3, 2, 4, 1, 1, 1, 3, 2, 3, 3, 3, 0, 2, 1, 3, 0, 0, 1, 3, 2, 1, 0, 2, 0, 4, 3, 1, 0, 2, 1, 0, 3, 2, 3, 2, 2, 0, 3, 1, 2, 2, 1, 2, 1, 3, 0, 4, 3, 4, 0, 2, 3, 3, 0, 2, 1, 2, 1, 4, 2]|[1, 3, 2, 1, 1, 3, 1, 2, 0, 1, 3, 1, 1, 0, 0, 0, 2, 1, 0, 1, 3, 0, 0, 1, 1, 2, 0, 2, 2, 2, 1, 0, 3, 1, 0, 1, 0, 0, 2, 1, 3, 1, 3, 1, 0, 1, 0, 2, 2, 2, 1, 0, 1, 2, 0, 2, 1, 1, 2, 0, 2, 3, 0, 2, 0, 2, 1, 1, 0, 2, 0, 0, 0, 0, 0, 0, 1, 2, 1, 0, 2, 1, 2, 0, 0, 1, 1, 1, 1, 2, 2, 1, 1, 3, 0, 1, 2, 0, 3, 0],1094.749419624529;124169.874278669510;376625.294010257800,false,0
19,1,1900,G4_BALANCED,[63, 30, 89, 27, 96, 75, 26, 76, 58, 1, 12, 40, 78, 16, 80, 84, 49, 11, 85, 15, 83, 47, 0, 14, 64, 73, 66, 65, 81, 44, 29, 82, 13, 4, 86, 7, 54, 52, 56, 21, 32, 48, 38, 74, 39, 33, 60, 71, 69, 31, 90, 43, 37, 99, 24, 67, 53, 34, 79, 91, 97, 17, 10, 41, 19, 20, 57, 61, 28, 5, 45, 51, 87, 88, 22, 6, 77, 36, 55, 72, 23, 94, 50, 8, 42, 95, 18, 59, 93, 92, 70, 2, 62, 68, 35, 98, 25, 9, 3, 46]|[2, 1, 1, 1, 1, 2, 0, 0, 2, 2, 1, 1, 1, 2, 2, 0, 1, 1, 1, 0, 2, 0, 1, 0, 2, 2, 1, 0, 2, 2, 2, 2, 2, 1, 1, 2, 1, 0, 1, 2, 2, 0, 2, 1, 0, 2, 1, 1, 1, 1, 0, 1, 1, 2, 1, 0, 1, 1, 1, 1, 2, 2, 1, 2, 2, 1, 0, 0, 1, 2, 2, 1, 1, 0, 1, 0, 1, 1, 1, 2, 0, 2, 1, 1, 2, 0, 2, 2, 1, 1, 0, 1, 1, 1, 1, 1, 2, 2, 1, 2]|[4, 1, 0, 1, 1, 2, 1, 2, 4, 2, 3, 3, 2, 1, 0, 0, 1, 0, 1, 1, 2, 2, 2, 0, 2, 2, 0, 2, 4, 2, 1, 0, 3, 0, 3, 1, 2, 2, 2, 0, 3, 2, 4, 1, 0, 4, 3, 1, 1, 3, 2, 0, 2, 1, 3, 1, 1, 1, 3, 2, 1, 0, 2, 0, 4, 2, 1, 0, 0, 1, 0, 2, 1, 1, 2, 2, 2, 2, 3, 4, 2, 1, 1, 3, 0, 0, 1, 0, 1, 2, 2, 1, 1, 2, 1, 2, 4, 0, 2, 1]|[0, 0, 2, 0, 1, 3, 1, 1, 0, 3, 1, 1, 0, 2, 0, 1, 0, 0, 0, 1, 3, 0, 0, 1, 3, 2, 0, 1, 2, 2, 1, 0, 0, 1, 0, 0, 1, 1, 2, 1, 3, 1, 3, 1, 0, 0, 1, 1, 1, 2, 1, 0, 2, 2, 0, 0, 0, 1, 2, 0, 2, 1, 0, 2, 0, 0, 1, 1, 1, 2, 0, 0, 1, 0, 0, 0, 2, 2, 1, 1, 0, 0, 0, 0, 3, 1, 0, 2, 0, 2, 0, 1, 1, 0, 0, 0, 1, 0, 0, 1],1121.410363983383;123488.722149796730;356334.261009768800,false,0
19,1,1900,G2_TEC,[7, 50, 55, 49, 78, 95, 64, 44, 19, 48, 26, 18, 96, 16, 80, 84, 27, 11, 85, 15, 83, 47, 0, 14, 12, 25, 66, 65, 81, 76, 29, 82, 13, 4, 86, 63, 54, 52, 56, 21, 32, 1, 38, 74, 39, 33, 60, 71, 69, 31, 90, 43, 37, 99, 24, 67, 53, 34, 79, 91, 97, 17, 10, 41, 58, 20, 57, 61, 28, 5, 89, 35, 51, 45, 87, 94, 92, 3, 59, 8, 22, 75, 98, 9, 40, 68, 23, 36, 42, 6, 62, 30, 73, 72, 93, 88, 46, 2, 77, 70]|[2, 2, 0, 1, 1, 1, 2, 1, 2, 1, 2, 0, 2, 1, 2, 0, 1, 2, 1, 2, 0, 0, 1, 2, 0, 2, 1, 2, 2, 0, 2, 2, 2, 1, 1, 2, 1, 0, 1, 2, 0, 1, 2, 0, 0, 0, 1, 1, 0, 1, 0, 1, 1, 1, 1, 1, 1, 1, 0, 2, 0, 0, 1, 2, 2, 1, 0, 0, 2, 1, 1, 2, 1, 2, 0, 2, 1, 1, 2, 2, 1, 2, 0, 2, 0, 1, 2, 2, 2, 0, 1, 0, 1, 0, 0, 0, 1, 1, 2, 0]|[0, 4, 0, 3, 3, 2, 1, 1, 0, 0, 4, 1, 1, 2, 0, 0, 3, 4, 1, 0, 0, 2, 2, 0, 2, 3, 0, 2, 4, 2, 1, 0, 3, 0, 3, 4, 2, 2, 2, 0, 0, 0, 4, 1, 1, 1, 3, 1, 1, 3, 0, 2, 2, 0, 3, 3, 0, 1, 0, 0, 1, 1, 2, 4, 4, 3, 2, 0, 3, 3, 0, 2, 0, 0, 0, 1, 2, 2, 0, 2, 1, 2, 1, 2, 1, 2, 3, 0, 0, 2, 3, 2, 2, 2, 1, 1, 1, 2, 0, 2]|[1, 3, 0, 0, 0, 2, 0, 0, 2, 1, 1, 0, 2, 2, 0, 1, 2, 1, 0, 1, 1, 0, 2, 2, 1, 0, 0, 2, 2, 1, 1, 0, 0, 1, 0, 0, 1, 1, 2, 1, 1, 0, 3, 1, 1, 1, 0, 1, 0, 2, 0, 0, 1, 2, 1, 1, 1, 1, 0, 2, 1, 1, 0, 0, 0, 2, 0, 1, 1, 0, 2, 3, 2, 1, 1, 0, 0, 0, 2, 2, 1, 3, 1, 2, 1, 0, 1, 3, 3, 0, 0, 1, 0, 0, 1, 0, 0, 2, 1, 0],900.623555131562;127876.024750506810;398188.645849842700,false,0
19,1,1900,G3_TWC,[7, 50, 55, 87, 78, 95, 40, 44, 19, 48, 72, 18, 96, 16, 80, 84, 27, 11, 85, 15, 83, 47, 0, 14, 12, 25, 66, 65, 81, 76, 29, 82, 13, 4, 86, 63, 54, 52, 56, 21, 32, 1, 38, 74, 39, 33, 60, 71, 69, 31, 90, 43, 37, 99, 24, 67, 53, 34, 79, 91, 97, 17, 10, 41, 58, 68, 26, 45, 70, 73, 46, 30, 51, 57, 2, 8, 88, 59, 62, 92, 9, 22, 75, 49, 94, 61, 6, 64, 5, 98, 36, 23, 77, 42, 28, 89, 3, 93, 35, 20]|[0, 2, 1, 1, 1, 1, 2, 2, 2, 1, 1, 0, 1, 2, 2, 1, 2, 2, 1, 0, 2, 0, 1, 2, 2, 1, 1, 2, 1, 2, 2, 2, 2, 1, 0, 2, 1, 0, 1, 2, 2, 2, 2, 2, 0, 0, 0, 1, 0, 0, 1, 2, 1, 2, 1, 0, 1, 1, 0, 1, 1, 0, 2, 2, 2, 1, 0, 1, 1, 0, 1, 0, 2, 1, 1, 2, 0, 2, 1, 1, 2, 1, 2, 1, 2, 1, 0, 2, 0, 1, 1, 2, 2, 2, 2, 1, 1, 0, 2, 1]|[0, 4, 0, 2, 3, 2, 1, 2, 0, 0, 3, 1, 2, 1, 0, 1, 3, 4, 1, 1, 2, 2, 2, 0, 1, 0, 0, 2, 3, 0, 1, 0, 3, 0, 2, 4, 2, 2, 2, 0, 3, 2, 3, 2, 1, 1, 0, 1, 1, 2, 2, 3, 1, 1, 2, 1, 3, 0, 0, 1, 3, 1, 1, 3, 4, 2, 0, 1, 0, 2, 1, 1, 2, 3, 2, 2, 1, 0, 0, 0, 2, 1, 2, 3, 1, 0, 2, 1, 2, 2, 1, 3, 0, 0, 3, 1, 2, 1, 0, 2]|[1, 3, 0, 2, 0, 2, 0, 2, 2, 1, 1, 0, 0, 2, 0, 2, 1, 1, 1, 1, 3, 0, 1, 2, 3, 2, 0, 2, 0, 1, 1, 0, 3, 1, 0, 0, 0, 1, 2, 1, 3, 3, 2, 1, 1, 1, 0, 1, 0, 1, 0, 3, 2, 2, 0, 0, 0, 1, 0, 1, 0, 1, 1, 3, 0, 0, 0, 2, 1, 0, 0, 1, 0, 0, 2, 2, 0, 2, 1, 1, 2, 1, 3, 0, 0, 1, 0, 0, 0, 0, 1, 1, 1, 3, 1, 0, 0, 1, 2, 0],981.619658998580;125927.737000844370;359293.223417070000,false,0
20,1,2000,G1_CMAX,[63, 30, 89, 27, 96, 75, 26, 76, 58, 1, 12, 40, 78, 16, 80, 84, 49, 11, 85, 15, 83, 47, 0, 14, 64, 73, 66, 65, 81, 44, 29, 82, 13, 4, 86, 7, 54, 52, 56, 21, 32, 48, 38, 74, 39, 33, 60, 71, 69, 31, 90, 43, 37, 99, 24, 67, 53, 34, 79, 91, 97, 17, 10, 41, 19, 20, 57, 61, 28, 94, 18, 87, 51, 5, 25, 59, 45, 98, 36, 88, 72, 62, 95, 50, 55, 2, 92, 77, 93, 42, 6, 70, 22, 35, 23, 8, 68, 9, 3, 46]|[0, 1, 1, 0, 1, 2, 1, 0, 1, 2, 2, 1, 1, 1, 2, 1, 1, 2, 1, 2, 2, 0, 1, 0, 2, 1, 1, 1, 2, 2, 2, 1, 2, 1, 1, 0, 1, 0, 0, 2, 0, 1, 0, 0, 0, 2, 1, 1, 0, 1, 1, 1, 1, 2, 1, 1, 1, 1, 1, 1, 0, 0, 1, 2, 0, 2, 2, 0, 0, 1, 1, 1, 1, 1, 2, 2, 0, 1, 1, 2, 2, 1, 1, 2, 1, 2, 1, 2, 2, 2, 0, 0, 1, 1, 2, 1, 0, 2, 2, 1]|[0, 1, 0, 0, 1, 2, 3, 2, 1, 2, 2, 3, 1, 2, 0, 0, 2, 4, 1, 3, 2, 2, 2, 0, 1, 1, 0, 1, 4, 2, 2, 3, 3, 0, 3, 0, 0, 2, 0, 0, 2, 3, 1, 1, 1, 4, 3, 2, 1, 3, 3, 0, 2, 1, 3, 0, 1, 2, 3, 2, 2, 1, 1, 0, 2, 4, 0, 0, 2, 3, 1, 2, 3, 3, 3, 0, 0, 2, 0, 3, 4, 1, 2, 4, 0, 3, 0, 0, 4, 0, 2, 2, 2, 1, 3, 2, 1, 2, 2, 1]|[1, 0, 2, 0, 1, 3, 2, 1, 1, 3, 3, 1, 1, 2, 0, 0, 2, 1, 1, 2, 3, 0, 0, 1, 0, 2, 0, 2, 2, 1, 3, 0, 3, 1, 0, 1, 1, 1, 0, 1, 0, 0, 1, 1, 1, 1, 0, 2, 0, 2, 1, 0, 1, 2, 0, 2, 0, 1, 2, 0, 1, 1, 1, 2, 0, 0, 2, 1, 0, 2, 1, 0, 0, 0, 2, 2, 1, 0, 1, 0, 1, 1, 0, 3, 2, 2, 1, 1, 1, 3, 0, 0, 0, 0, 1, 2, 1, 2, 2, 0],1078.043684555876;123965.402150400710;360320.480478177250,false,0
20,1,2000,G4_BALANCED,[63, 30, 89, 27, 96, 75, 26, 76, 58, 1, 12, 40, 78, 16, 80, 84, 49, 11, 85, 15, 83, 47, 0, 14, 64, 73, 66, 65, 81, 44, 29, 82, 13, 4, 86, 7, 54, 52, 56, 21, 32, 48, 38, 74, 39, 33, 60, 71, 69, 31, 90, 43, 37, 99, 24, 67, 53, 34, 79, 91, 97, 17, 10, 41, 19, 20, 57, 61, 28, 5, 45, 51, 87, 88, 22, 6, 77, 36, 55, 72, 23, 94, 50, 8, 42, 95, 18, 59, 93, 92, 70, 2, 62, 68, 35, 98, 25, 9, 3, 46]|[2, 1, 1, 1, 1, 2, 0, 0, 2, 2, 1, 1, 1, 2, 2, 0, 1, 1, 1, 0, 2, 0, 1, 0, 2, 2, 1, 0, 2, 2, 2, 2, 2, 1, 1, 2, 1, 0, 1, 2, 2, 0, 2, 1, 0, 2, 1, 1, 1, 1, 0, 1, 1, 2, 1, 0, 1, 1, 1, 1, 2, 2, 1, 2, 2, 1, 0, 0, 1, 2, 2, 1, 1, 0, 1, 0, 1, 1, 1, 2, 0, 2, 1, 1, 2, 0, 2, 2, 1, 1, 0, 1, 1, 1, 1, 1, 2, 2, 1, 2]|[4, 1, 0, 1, 1, 2, 1, 2, 4, 2, 3, 3, 2, 1, 0, 0, 1, 0, 1, 1, 2, 2, 2, 0, 2, 2, 0, 2, 4, 2, 1, 0, 3, 0, 3, 1, 2, 2, 2, 0, 3, 2, 4, 1, 0, 4, 3, 1, 1, 3, 2, 0, 2, 1, 3, 1, 1, 1, 3, 2, 1, 0, 2, 0, 4, 2, 1, 0, 0, 1, 0, 2, 1, 1, 2, 2, 2, 2, 3, 4, 2, 1, 1, 3, 0, 0, 1, 0, 1, 2, 2, 1, 1, 2, 1, 2, 4, 0, 2, 1]|[0, 0, 2, 0, 1, 3, 1, 1, 0, 3, 1, 1, 0, 2, 0, 1, 0, 0, 0, 1, 3, 0, 0, 1, 3, 2, 0, 1, 2, 2, 1, 0, 0, 1, 0, 0, 1, 1, 2, 1, 3, 1, 3, 1, 0, 0, 1, 1, 1, 2, 1, 0, 2, 2, 0, 0, 0, 1, 2, 0, 2, 1, 0, 2, 0, 0, 1, 1, 1, 2, 0, 0, 1, 0, 0, 0, 2, 2, 1, 1, 0, 0, 0, 0, 3, 1, 0, 2, 0, 2, 0, 1, 1, 0, 0, 0, 1, 0, 0, 1],1121.410363983383;123488.722149796730;356334.261009768800,false,0
20,1,2000,G2_TEC,[63, 30, 89, 27, 96, 75, 26, 76, 58, 1, 12, 40, 78, 16, 80, 84, 49, 11, 85, 15, 83, 47, 0, 14, 64, 73, 66, 65, 81, 44, 29, 82, 13, 4, 86, 7, 54, 52, 56, 21, 32, 48, 38, 74, 39, 33, 60, 71, 69, 31, 90, 43, 37, 99, 24, 67, 53, 34, 79, 91, 97, 17, 10, 41, 19, 20, 57, 45, 70, 25, 28, 35, 51, 5, 2, 59, 61, 94, 36, 88, 72, 62, 95, 50, 55, 98, 92, 77, 93, 42, 6, 18, 22, 87, 23, 8, 68, 9, 3, 46]|[2, 0, 1, 0, 1, 2, 0, 0, 2, 2, 0, 1, 0, 2, 2, 0, 1, 2, 1, 0, 2, 0, 0, 0, 2, 2, 0, 1, 2, 2, 2, 2, 2, 1, 1, 1, 1, 1, 1, 2, 2, 2, 2, 1, 0, 2, 1, 1, 0, 1, 0, 1, 1, 2, 0, 1, 1, 1, 1, 1, 0, 1, 1, 0, 2, 2, 0, 0, 0, 2, 0, 1, 1, 2, 1, 2, 1, 2, 1, 0, 1, 1, 2, 1, 0, 2, 1, 2, 2, 2, 0, 1, 1, 1, 0, 2, 1, 2, 2, 2]|[4, 2, 0, 0, 1, 2, 1, 2, 4, 2, 0, 3, 1, 2, 0, 0, 2, 4, 1, 1, 2, 2, 1, 0, 1, 2, 0, 1, 0, 2, 1, 0, 3, 0, 3, 2, 2, 3, 2, 0, 3, 1, 4, 1, 1, 4, 3, 1, 1, 3, 2, 0, 2, 1, 2, 1, 1, 1, 3, 2, 0, 2, 2, 2, 4, 4, 1, 1, 2, 4, 2, 2, 2, 1, 1, 0, 1, 1, 2, 1, 3, 1, 2, 1, 2, 2, 2, 0, 4, 0, 1, 1, 1, 1, 2, 2, 2, 2, 2, 1]|[0, 1, 2, 0, 0, 3, 1, 1, 0, 3, 0, 1, 1, 2, 0, 1, 2, 0, 0, 1, 3, 0, 1, 1, 0, 2, 0, 2, 0, 2, 1, 0, 0, 1, 0, 2, 2, 1, 2, 1, 3, 0, 3, 1, 1, 0, 1, 1, 0, 2, 0, 0, 2, 2, 1, 0, 0, 0, 2, 0, 1, 0, 0, 0, 0, 0, 1, 1, 0, 1, 0, 1, 0, 2, 1, 2, 1, 0, 2, 0, 1, 1, 3, 0, 0, 3, 2, 1, 1, 3, 0, 1, 1, 1, 0, 2, 0, 2, 2, 1],860.198229593149;127358.045618049790;359632.788899051700,false,0
20,1,2000,G3_TWC,[7, 50, 55, 87, 78, 95, 40, 44, 19, 48, 72, 18, 96, 16, 80, 84, 27, 11, 85, 15, 83, 47, 0, 14, 12, 25, 66, 65, 81, 76, 29, 82, 13, 4, 86, 63, 54, 52, 56, 21, 32, 1, 38, 74, 39, 33, 60, 71, 69, 31, 90, 43, 37, 99, 24, 67, 53, 34, 79, 91, 97, 17, 10, 41, 58, 68, 26, 45, 70, 73, 46, 30, 51, 57, 2, 8, 88, 59, 62, 92, 9, 22, 75, 49, 94, 61, 6, 64, 5, 98, 36, 23, 77, 42, 28, 89, 3, 93, 35, 20]|[0, 2, 1, 1, 1, 1, 2, 2, 2, 1, 1, 0, 1, 2, 2, 1, 2, 2, 1, 0, 2, 0, 1, 2, 2, 1, 1, 2, 1, 2, 2, 2, 2, 1, 0, 2, 1, 0, 1, 2, 2, 2, 2, 2, 0, 0, 0, 1, 0, 0, 1, 2, 1, 2, 1, 0, 1, 1, 0, 1, 1, 0, 2, 2, 2, 1, 0, 1, 1, 0, 1, 0, 2, 1, 1, 2, 0, 2, 1, 1, 2, 1, 2, 1, 2, 1, 0, 2, 0, 1, 1, 2, 2, 2, 2, 1, 1, 0, 2, 1]|[0, 4, 0, 2, 3, 2, 1, 2, 0, 0, 3, 1, 2, 1, 0, 1, 3, 4, 1, 1, 2, 2, 2, 0, 1, 0, 0, 2, 3, 0, 1, 0, 3, 0, 2, 4, 2, 2, 2, 0, 3, 2, 3, 2, 1, 1, 0, 1, 1, 2, 2, 3, 1, 1, 2, 1, 3, 0, 0, 1, 3, 1, 1, 3, 4, 2, 0, 1, 0, 2, 1, 1, 2, 3, 2, 2, 1, 0, 0, 0, 2, 1, 2, 3, 1, 0, 2, 1, 2, 2, 1, 3, 0, 0, 3, 1, 2, 1, 0, 2]|[1, 3, 0, 2, 0, 2, 0, 2, 2, 1, 1, 0, 0, 2, 0, 2, 1, 1, 1, 1, 3, 0, 1, 2, 3, 2, 0, 2, 0, 1, 1, 0, 3, 1, 0, 0, 0, 1, 2, 1, 3, 3, 2, 1, 1, 1, 0, 1, 0, 1, 0, 3, 2, 2, 0, 0, 0, 1, 0, 1, 0, 1, 1, 3, 0, 0, 0, 2, 1, 0, 0, 1, 0, 0, 2, 2, 0, 2, 1, 1, 2, 1, 3, 0, 0, 1, 0, 0, 0, 0, 1, 1, 1, 3, 1, 0, 0, 1, 2, 0],981.619658998580;125927.737000844370;359293.223417070000,false,0
21,1,2100,G1_CMAX,[7, 50, 55, 49, 78, 95, 40, 9, 2, 98, 72, 26, 96, 16, 80, 84, 27, 11, 85, 15, 83, 47, 0, 14, 64, 73, 35, 76, 81, 44, 75, 82, 88, 4, 86, 68, 24, 52, 56, 92, 32, 94, 45, 42, 18, 34, 90, 87, 31, 30, 66, 3, 33, 99, 48, 25, 57, 17, 53, 65, 79, 67, 10, 41, 19, 63, 39, 38, 59, 5, 89, 60, 51, 54, 58, 28, 61, 37, 70, 13, 97, 62, 20, 12, 74, 29, 23, 1, 43, 77, 46, 91, 93, 6, 36, 8, 71, 69, 22, 21]|[0, 2, 0, 2, 1, 0, 1, 0, 2, 1, 1, 1, 1, 1, 0, 1, 1, 2, 1, 2, 2, 0, 0, 2, 2, 2, 2, 0, 1, 2, 0, 2, 0, 1, 0, 1, 1, 0, 2, 1, 0, 2, 1, 0, 0, 1, 1, 0, 0, 0, 0, 1, 2, 2, 1, 2, 2, 0, 1, 1, 0, 1, 0, 2, 1, 2, 0, 1, 0, 1, 1, 2, 2, 1, 2, 2, 1, 1, 1, 0, 2, 1, 0, 1, 0, 2, 0, 2, 2, 2, 2, 2, 1, 1, 2, 2, 1, 0, 1, 0]|[2, 4, 0, 4, 1, 0, 1, 2, 3, 2, 2, 3, 1, 2, 1, 0, 2, 4, 1, 3, 2, 2, 1, 1, 1, 2, 4, 2, 3, 2, 1, 0, 1, 0, 1, 2, 3, 2, 2, 0, 2, 0, 2, 1, 1, 1, 3, 0, 1, 2, 0, 2, 4, 2, 0, 3, 0, 1, 1, 1, 0, 0, 2, 3, 3, 4, 1, 2, 2, 1, 0, 2, 2, 2, 4, 3, 0, 2, 1, 2, 1, 0, 2, 3, 1, 1, 2, 2, 3, 0, 1, 1, 1, 3, 4, 2, 1, 1, 2, 2]|[1, 3, 0, 0, 1, 1, 1, 1, 2, 0, 2, 0, 1, 2, 0, 0, 2, 1, 0, 2, 3, 0, 1, 1, 0, 2, 3, 1, 0, 3, 0, 0, 0, 1, 0, 2, 0, 1, 2, 1, 0, 1, 0, 1, 0, 0, 1, 1, 0, 1, 0, 0, 1, 3, 1, 0, 2, 1, 0, 2, 0, 2, 0, 3, 0, 0, 1, 0, 1, 0, 2, 2, 0, 1, 0, 1, 0, 2, 1, 0, 1, 1, 1, 1, 1, 1, 0, 3, 3, 1, 1, 1, 0, 0, 2, 2, 1, 0, 0, 1],841.448800753755;129735.837945515280;366973.625585754630,false,0
21,1,2100,G4_BALANCED,[63, 30, 89, 27, 96, 75, 26, 76, 58, 1, 12, 18, 78, 16, 80, 84, 49, 11, 85, 15, 83, 47, 0, 14, 64, 25, 66, 65, 81, 44, 29, 82, 13, 4, 86, 7, 54, 52, 56, 21, 32, 48, 38, 74, 39, 33, 60, 71, 69, 31, 90, 3, 34, 99, 24, 67, 35, 53, 20, 10, 87, 22, 91, 41, 19, 79, 57, 61, 70, 88, 45, 37, 51, 94, 2, 59, 55, 28, 62, 36, 92, 23, 42, 9, 8, 77, 68, 98, 5, 43, 72, 17, 40, 6, 46, 95, 93, 50, 73, 97]|[2, 0, 1, 1, 1, 0, 1, 0, 2, 2, 2, 1, 0, 2, 2, 1, 1, 2, 1, 0, 2, 0, 1, 0, 2, 2, 1, 0, 1, 2, 2, 2, 2, 1, 0, 0, 1, 2, 1, 2, 2, 2, 2, 2, 2, 2, 0, 1, 0, 2, 0, 2, 1, 2, 1, 0, 1, 1, 2, 1, 2, 1, 1, 0, 2, 1, 0, 0, 0, 1, 2, 0, 1, 2, 1, 2, 0, 1, 1, 1, 1, 1, 2, 1, 1, 2, 1, 1, 0, 1, 1, 1, 2, 0, 1, 1, 1, 1, 1, 2]|[4, 2, 0, 1, 1, 0, 3, 2, 4, 2, 2, 0, 1, 1, 0, 2, 1, 1, 1, 2, 2, 2, 2, 0, 4, 3, 0, 0, 3, 2, 1, 0, 4, 0, 2, 2, 2, 0, 2, 0, 3, 4, 3, 2, 1, 4, 0, 1, 1, 1, 2, 2, 1, 1, 3, 1, 1, 2, 4, 2, 1, 1, 2, 2, 4, 3, 2, 0, 2, 3, 3, 0, 3, 1, 1, 0, 0, 0, 0, 1, 2, 2, 0, 1, 2, 0, 2, 2, 2, 1, 3, 1, 0, 2, 1, 2, 1, 1, 1, 1]|[0, 1, 2, 0, 1, 1, 2, 0, 0, 3, 3, 2, 0, 2, 0, 0, 0, 2, 0, 0, 3, 0, 1, 1, 1, 0, 0, 1, 0, 2, 1, 0, 1, 1, 0, 1, 2, 0, 2, 1, 3, 1, 2, 1, 2, 1, 0, 1, 0, 2, 1, 2, 0, 2, 0, 0, 0, 2, 0, 0, 2, 1, 0, 0, 0, 2, 1, 1, 0, 0, 1, 1, 1, 0, 1, 2, 0, 1, 1, 1, 2, 0, 3, 2, 0, 1, 0, 0, 0, 0, 1, 1, 3, 0, 0, 2, 0, 0, 2, 2],1018.700164363685;124416.358268827050;352238.287173622500,false,0
21,1,2100,G2_TEC,[63, 30, 89, 27, 96, 75, 26, 76, 58, 1, 12, 18, 78, 16, 80, 84, 49, 11, 85, 15, 83, 47, 0, 14, 64, 25, 66, 65, 81, 44, 29, 82, 13, 4, 86, 7, 54, 52, 56, 21, 32, 48, 38, 74, 39, 33, 60, 71, 69, 31, 90, 3, 34, 99, 24, 67, 35, 53, 20, 10, 87, 22, 91, 41, 19, 79, 57, 61, 70, 88, 45, 37, 51, 94, 2, 59, 55, 28, 62, 36, 92, 23, 42, 9, 8, 77, 68, 98, 5, 43, 72, 17, 40, 6, 46, 95, 93, 50, 73, 97]|[2, 0, 1, 1, 1, 0, 1, 0, 2, 2, 2, 1, 0, 2, 2, 1, 1, 2, 1, 0, 2, 0, 1, 0, 2, 2, 1, 0, 1, 2, 2, 2, 2, 1, 0, 0, 1, 2, 1, 2, 2, 2, 2, 2, 2, 2, 0, 1, 0, 2, 0, 2, 1, 2, 1, 0, 1, 1, 2, 1, 2, 1, 1, 0, 2, 1, 0, 0, 0, 1, 2, 0, 1, 2, 1, 2, 0, 1, 1, 1, 1, 1, 2, 1, 1, 2, 1, 1, 0, 1, 1, 1, 2, 0, 1, 1, 1, 1, 1, 2]|[4, 2, 0, 1, 1, 0, 3, 2, 4, 2, 2, 0, 1, 1, 0, 2, 1, 1, 1, 2, 2, 2, 2, 0, 4, 3, 0, 0, 3, 2, 1, 0, 4, 0, 2, 2, 2, 0, 2, 0, 3, 4, 3, 2, 1, 4, 0, 1, 1, 1, 2, 2, 1, 1, 3, 1, 1, 2, 4, 2, 1, 1, 2, 2, 4, 3, 2, 0, 2, 3, 3, 0, 3, 1, 1, 0, 0, 0, 0, 1, 2, 2, 0, 1, 2, 0, 2, 2, 2, 1, 3, 1, 0, 2, 1, 2, 1, 1, 1, 1]|[0, 1, 2, 0, 1, 1, 2, 0, 0, 3, 3, 2, 0, 2, 0, 0, 0, 2, 0, 0, 3, 0, 1, 1, 1, 0, 0, 1, 0, 2, 1, 0, 1, 1, 0, 1, 2, 0, 2, 1, 3, 1, 2, 1, 2, 1, 0, 1, 0, 2, 1, 2, 0, 2, 0, 0, 0, 2, 0, 0, 2, 1, 0, 0, 0, 2, 1, 1, 0, 0, 1, 1, 1, 0, 1, 2, 0, 1, 1, 1, 2, 0, 3, 2, 0, 1, 0, 0, 0, 0, 1, 1, 3, 0, 0, 2, 0, 0, 2, 2],1018.700164363685;124416.358268827050;352238.287173622500,false,0
21,1,2100,G3_TWC,[7, 50, 55, 87, 78, 95, 40, 44, 19, 48, 72, 18, 96, 16, 80, 84, 27, 11, 85, 15, 83, 47, 0, 14, 12, 25, 66, 65, 81, 76, 29, 82, 13, 4, 86, 63, 54, 52, 56, 21, 32, 1, 38, 74, 39, 33, 60, 71, 69, 31, 90, 43, 37, 99, 24, 67, 53, 34, 79, 91, 97, 17, 10, 41, 58, 68, 26, 45, 70, 73, 46, 30, 51, 57, 2, 8, 88, 59, 62, 92, 9, 22, 75, 49, 94, 61, 6, 64, 5, 98, 36, 23, 77, 42, 28, 89, 3, 93, 35, 20]|[0, 2, 1, 1, 1, 1, 2, 2, 2, 1, 1, 0, 1, 2, 2, 1, 2, 2, 1, 0, 2, 0, 1, 2, 2, 1, 1, 2, 1, 2, 2, 2, 2, 1, 0, 2, 1, 0, 1, 2, 2, 2, 2, 2, 0, 0, 0, 1, 0, 0, 1, 2, 1, 2, 1, 0, 1, 1, 0, 1, 1, 0, 2, 2, 2, 1, 0, 1, 1, 0, 1, 0, 2, 1, 1, 2, 0, 2, 1, 1, 2, 1, 2, 1, 2, 1, 0, 2, 0, 1, 1, 2, 2, 2, 2, 1, 1, 0, 2, 1]|[0, 4, 0, 2, 3, 2, 1, 2, 0, 0, 3, 1, 2, 1, 0, 1, 3, 4, 1, 1, 2, 2, 2, 0, 1, 0, 0, 2, 3, 0, 1, 0, 3, 0, 2, 4, 2, 2, 2, 0, 3, 2, 3, 2, 1, 1, 0, 1, 1, 2, 2, 3, 1, 1, 2, 1, 3, 0, 0, 1, 3, 1, 1, 3, 4, 2, 0, 1, 0, 2, 1, 1, 2, 3, 2, 2, 1, 0, 0, 0, 2, 1, 2, 3, 1, 0, 2, 1, 2, 2, 1, 3, 0, 0, 3, 1, 2, 1, 0, 2]|[1, 3, 0, 2, 0, 2, 0, 2, 2, 1, 1, 0, 0, 2, 0, 2, 1, 1, 1, 1, 3, 0, 1, 2, 3, 2, 0, 2, 0, 1, 1, 0, 3, 1, 0, 0, 0, 1, 2, 1, 3, 3, 2, 1, 1, 1, 0, 1, 0, 1, 0, 3, 2, 2, 0, 0, 0, 1, 0, 1, 0, 1, 1, 3, 0, 0, 0, 2, 1, 0, 0, 1, 0, 0, 2, 2, 0, 2, 1, 1, 2, 1, 3, 0, 0, 1, 0, 0, 0, 0, 1, 1, 1, 3, 1, 0, 0, 1, 2, 0],981.619658998580;125927.737000844370;359293.223417070000,false,0
22,1,2200,G1_CMAX,[7, 50, 55, 49, 78, 95, 40, 9, 2, 98, 72, 26, 96, 16, 80, 84, 27, 11, 85, 15, 83, 47, 0, 14, 64, 73, 35, 76, 81, 44, 75, 82, 88, 4, 86, 68, 24, 52, 56, 92, 32, 94, 45, 42, 18, 34, 90, 87, 31, 30, 66, 3, 33, 99, 48, 25, 57, 17, 53, 65, 79, 67, 10, 41, 19, 63, 39, 38, 59, 5, 89, 60, 51, 54, 58, 28, 61, 37, 70, 13, 97, 62, 20, 12, 74, 29, 23, 1, 43, 77, 46, 91, 93, 6, 36, 8, 71, 69, 22, 21]|[0, 2, 0, 2, 1, 0, 1, 0, 2, 1, 1, 1, 1, 1, 0, 1, 1, 2, 1, 2, 2, 0, 0, 2, 2, 2, 2, 0, 1, 2, 0, 2, 0, 1, 0, 1, 1, 0, 2, 1, 0, 2, 1, 0, 0, 1, 1, 0, 0, 0, 0, 1, 2, 2, 1, 2, 2, 0, 1, 1, 0, 1, 0, 2, 1, 2, 0, 1, 0, 1, 1, 2, 2, 1, 2, 2, 1, 1, 1, 0, 2, 1, 0, 1, 0, 2, 0, 2, 2, 2, 2, 2, 1, 1, 2, 2, 1, 0, 1, 0]|[2, 4, 0, 4, 1, 0, 1, 2, 3, 2, 2, 3, 1, 2, 1, 0, 2, 4, 1, 3, 2, 2, 1, 1, 1, 2, 4, 2, 3, 2, 1, 0, 1, 0, 1, 2, 3, 2, 2, 0, 2, 0, 2, 1, 1, 1, 3, 0, 1, 2, 0, 2, 4, 2, 0, 3, 0, 1, 1, 1, 0, 0, 2, 3, 3, 4, 1, 2, 2, 1, 0, 2, 2, 2, 4, 3, 0, 2, 1, 2, 1, 0, 2, 3, 1, 1, 2, 2, 3, 0, 1, 1, 1, 3, 4, 2, 1, 1, 2, 2]|[1, 3, 0, 0, 1, 1, 1, 1, 2, 0, 2, 0, 1, 2, 0, 0, 2, 1, 0, 2, 3, 0, 1, 1, 0, 2, 3, 1, 0, 3, 0, 0, 0, 1, 0, 2, 0, 1, 2, 1, 0, 1, 0, 1, 0, 0, 1, 1, 0, 1, 0, 0, 1, 3, 1, 0, 2, 1, 0, 2, 0, 2, 0, 3, 0, 0, 1, 0, 1, 0, 2, 2, 0, 1, 0, 1, 0, 2, 1, 0, 1, 1, 1, 1, 1, 1, 0, 3, 3, 1, 1, 1, 0, 0, 2, 2, 1, 0, 0, 1],841.448800753755;129735.837945515280;366973.625585754630,false,0
22,1,2200,G4_BALANCED,[63, 30, 89, 27, 96, 75, 26, 76, 58, 1, 12, 18, 78, 16, 80, 84, 49, 11, 85, 15, 83, 47, 0, 14, 64, 25, 66, 65, 81, 44, 29, 82, 13, 4, 86, 7, 54, 52, 56, 21, 32, 48, 38, 74, 39, 33, 60, 71, 69, 31, 90, 3, 34, 99, 24, 67, 35, 53, 20, 10, 87, 22, 91, 41, 19, 79, 57, 61, 70, 88, 45, 37, 51, 94, 2, 59, 55, 28, 62, 36, 92, 23, 42, 9, 8, 77, 68, 98, 5, 43, 72, 17, 40, 6, 46, 95, 93, 50, 73, 97]|[2, 0, 1, 1, 1, 0, 1, 0, 2, 2, 2, 1, 0, 2, 2, 1, 1, 2, 1, 0, 2, 0, 1, 0, 2, 2, 1, 0, 1, 2, 2, 2, 2, 1, 0, 0, 1, 2, 1, 2, 2, 2, 2, 2, 2, 2, 0, 1, 0, 2, 0, 2, 1, 2, 1, 0, 1, 1, 2, 1, 2, 1, 1, 0, 2, 1, 0, 0, 0, 1, 2, 0, 1, 2, 1, 2, 0, 1, 1, 1, 1, 1, 2, 1, 1, 2, 1, 1, 0, 1, 1, 1, 2, 0, 1, 1, 1, 1, 1, 2]|[4, 2, 0, 1, 1, 0, 3, 2, 4, 2, 2, 0, 1, 1, 0, 2, 1, 1, 1, 2, 2, 2, 2, 0, 4, 3, 0, 0, 3, 2, 1, 0, 4, 0, 2, 2, 2, 0, 2, 0, 3, 4, 3, 2, 1, 4, 0, 1, 1, 1, 2, 2, 1, 1, 3, 1, 1, 2, 4, 2, 1, 1, 2, 2, 4, 3, 2, 0, 2, 3, 3, 0, 3, 1, 1, 0, 0, 0, 0, 1, 2, 2, 0, 1, 2, 0, 2, 2, 2, 1, 3, 1, 0, 2, 1, 2, 1, 1, 1, 1]|[0, 1, 2, 0, 1, 1, 2, 0, 0, 3, 3, 2, 0, 2, 0, 0, 0, 2, 0, 0, 3, 0, 1, 1, 1, 0, 0, 1, 0, 2, 1, 0, 1, 1, 0, 1, 2, 0, 2, 1, 3, 1, 2, 1, 2, 1, 0, 1, 0, 2, 1, 2, 0, 2, 0, 0, 0, 2, 0, 0, 2, 1, 0, 0, 0, 2, 1, 1, 0, 0, 1, 1, 1, 0, 1, 2, 0, 1, 1, 1, 2, 0, 3, 2, 0, 1, 0, 0, 0, 0, 1, 1, 3, 0, 0, 2, 0, 0, 2, 2],1018.700164363685;124416.358268827050;352238.287173622500,false,0
22,1,2200,G2_TEC,[63, 30, 89, 27, 96, 75, 26, 76, 58, 1, 12, 18, 78, 16, 80, 84, 49, 11, 85, 15, 83, 47, 0, 14, 64, 25, 66, 65, 81, 44, 29, 82, 13, 4, 86, 7, 54, 52, 56, 21, 32, 48, 38, 74, 39, 33, 60, 71, 69, 31, 90, 3, 34, 99, 24, 67, 35, 53, 20, 10, 87, 22, 91, 41, 19, 79, 57, 61, 70, 88, 45, 37, 51, 94, 2, 59, 55, 28, 62, 36, 92, 23, 42, 9, 8, 77, 68, 98, 5, 43, 72, 17, 40, 6, 46, 95, 93, 50, 73, 97]|[2, 0, 1, 1, 1, 0, 1, 0, 2, 2, 2, 1, 0, 2, 2, 1, 1, 2, 1, 0, 2, 0, 1, 0, 2, 2, 1, 0, 1, 2, 2, 2, 2, 1, 0, 0, 1, 2, 1, 2, 2, 2, 2, 2, 2, 2, 0, 1, 0, 2, 0, 2, 1, 2, 1, 0, 1, 1, 2, 1, 2, 1, 1, 0, 2, 1, 0, 0, 0, 1, 2, 0, 1, 2, 1, 2, 0, 1, 1, 1, 1, 1, 2, 1, 1, 2, 1, 1, 0, 1, 1, 1, 2, 0, 1, 1, 1, 1, 1, 2]|[4, 2, 0, 1, 1, 0, 3, 2, 4, 2, 2, 0, 1, 1, 0, 2, 1, 1, 1, 2, 2, 2, 2, 0, 4, 3, 0, 0, 3, 2, 1, 0, 4, 0, 2, 2, 2, 0, 2, 0, 3, 4, 3, 2, 1, 4, 0, 1, 1, 1, 2, 2, 1, 1, 3, 1, 1, 2, 4, 2, 1, 1, 2, 2, 4, 3, 2, 0, 2, 3, 3, 0, 3, 1, 1, 0, 0, 0, 0, 1, 2, 2, 0, 1, 2, 0, 2, 2, 2, 1, 3, 1, 0, 2, 1, 2, 1, 1, 1, 1]|[0, 1, 2, 0, 1, 1, 2, 0, 0, 3, 3, 2, 0, 2, 0, 0, 0, 2, 0, 0, 3, 0, 1, 1, 1, 0, 0, 1, 0, 2, 1, 0, 1, 1, 0, 1, 2, 0, 2, 1, 3, 1, 2, 1, 2, 1, 0, 1, 0, 2, 1, 2, 0, 2, 0, 0, 0, 2, 0, 0, 2, 1, 0, 0, 0, 2, 1, 1, 0, 0, 1, 1, 1, 0, 1, 2, 0, 1, 1, 1, 2, 0, 3, 2, 0, 1, 0, 0, 0, 0, 1, 1, 3, 0, 0, 2, 0, 0, 2, 2],1018.700164363685;124416.358268827050;352238.287173622500,false,0
22,1,2200,G3_TWC,[7, 50, 55, 87, 78, 95, 40, 44, 19, 48, 72, 18, 96, 16, 80, 84, 27, 11, 85, 15, 83, 47, 0, 14, 12, 25, 66, 65, 81, 76, 29, 82, 13, 4, 86, 63, 54, 52, 56, 21, 32, 1, 38, 74, 39, 33, 60, 71, 69, 31, 90, 43, 37, 99, 24, 67, 53, 34, 79, 91, 97, 17, 10, 41, 58, 68, 26, 45, 70, 73, 46, 30, 51, 57, 2, 8, 88, 59, 62, 92, 9, 22, 75, 49, 94, 61, 6, 64, 5, 98, 36, 23, 77, 42, 28, 89, 3, 93, 35, 20]|[0, 2, 1, 1, 1, 1, 2, 2, 2, 1, 1, 0, 1, 2, 2, 1, 2, 2, 1, 0, 2, 0, 1, 2, 2, 1, 1, 2, 1, 2, 2, 2, 2, 1, 0, 2, 1, 0, 1, 2, 2, 2, 2, 2, 0, 0, 0, 1, 0, 0, 1, 2, 1, 2, 1, 0, 1, 1, 0, 1, 1, 0, 2, 2, 2, 1, 0, 1, 1, 0, 1, 0, 2, 1, 1, 2, 0, 2, 1, 1, 2, 1, 2, 1, 2, 1, 0, 2, 0, 1, 1, 2, 2, 2, 2, 1, 1, 0, 2, 1]|[0, 4, 0, 2, 3, 2, 1, 2, 0, 0, 3, 1, 2, 1, 0, 1, 3, 4, 1, 1, 2, 2, 2, 0, 1, 0, 0, 2, 3, 0, 1, 0, 3, 0, 2, 4, 2, 2, 2, 0, 3, 2, 3, 2, 1, 1, 0, 1, 1, 2, 2, 3, 1, 1, 2, 1, 3, 0, 0, 1, 3, 1, 1, 3, 4, 2, 0, 1, 0, 2, 1, 1, 2, 3, 2, 2, 1, 0, 0, 0, 2, 1, 2, 3, 1, 0, 2, 1, 2, 2, 1, 3, 0, 0, 3, 1, 2, 1, 0, 2]|[1, 3, 0, 2, 0, 2, 0, 2, 2, 1, 1, 0, 0, 2, 0, 2, 1, 1, 1, 1, 3, 0, 1, 2, 3, 2, 0, 2, 0, 1, 1, 0, 3, 1, 0, 0, 0, 1, 2, 1, 3, 3, 2, 1, 1, 1, 0, 1, 0, 1, 0, 3, 2, 2, 0, 0, 0, 1, 0, 1, 0, 1, 1, 3, 0, 0, 0, 2, 1, 0, 0, 1, 0, 0, 2, 2, 0, 2, 1, 1, 2, 1, 3, 0, 0, 1, 0, 0, 0, 0, 1, 1, 1, 3, 1, 0, 0, 1, 2, 0],981.619658998580;125927.737000844370;359293.223417070000,false,0
23,1,2300,G1_CMAX,[7, 50, 55, 49, 78, 95, 40, 9, 2, 98, 72, 26, 96, 16, 80, 84, 27, 11, 85, 15, 83, 47, 0, 14, 64, 73, 35, 76, 81, 44, 75, 82, 88, 4, 86, 68, 24, 52, 56, 92, 32, 94, 45, 42, 18, 34, 90, 87, 31, 30, 66, 3, 33, 99, 48, 25, 57, 17, 53, 65, 79, 67, 10, 41, 19, 63, 39, 38, 59, 5, 89, 60, 51, 54, 58, 28, 61, 37, 70, 13, 97, 62, 20, 12, 74, 29, 23, 1, 43, 77, 46, 91, 93, 6, 36, 8, 71, 69, 22, 21]|[0, 2, 0, 2, 1, 0, 1, 0, 2, 1, 1, 1, 1, 1, 0, 1, 1, 2, 1, 2, 2, 0, 0, 2, 2, 2, 2, 0, 1, 2, 0, 2, 0, 1, 0, 1, 1, 0, 2, 1, 0, 2, 1, 0, 0, 1, 1, 0, 0, 0, 0, 1, 2, 2, 1, 2, 2, 0, 1, 1, 0, 1, 0, 2, 1, 2, 0, 1, 0, 1, 1, 2, 2, 1, 2, 2, 1, 1, 1, 0, 2, 1, 0, 1, 0, 2, 0, 2, 2, 2, 2, 2, 1, 1, 2, 2, 1, 0, 1, 0]|[2, 4, 0, 4, 1, 0, 1, 2, 3, 2, 2, 3, 1, 2, 1, 0, 2, 4, 1, 3, 2, 2, 1, 1, 1, 2, 4, 2, 3, 2, 1, 0, 1, 0, 1, 2, 3, 2, 2, 0, 2, 0, 2, 1, 1, 1, 3, 0, 1, 2, 0, 2, 4, 2, 0, 3, 0, 1, 1, 1, 0, 0, 2, 3, 3, 4, 1, 2, 2, 1, 0, 2, 2, 2, 4, 3, 0, 2, 1, 2, 1, 0, 2, 3, 1, 1, 2, 2, 3, 0, 1, 1, 1, 3, 4, 2, 1, 1, 2, 2]|[1, 3, 0, 0, 1, 1, 1, 1, 2, 0, 2, 0, 1, 2, 0, 0, 2, 1, 0, 2, 3, 0, 1, 1, 0, 2, 3, 1, 0, 3, 0, 0, 0, 1, 0, 2, 0, 1, 2, 1, 0, 1, 0, 1, 0, 0, 1, 1, 0, 1, 0, 0, 1, 3, 1, 0, 2, 1, 0, 2, 0, 2, 0, 3, 0, 0, 1, 0, 1, 0, 2, 2, 0, 1, 0, 1, 0, 2, 1, 0, 1, 1, 1, 1, 1, 1, 0, 3, 3, 1, 1, 1, 0, 0, 2, 2, 1, 0, 0, 1],841.448800753755;129735.837945515280;366973.625585754630,false,0
23,1,2300,G4_BALANCED,[63, 30, 89, 27, 96, 75, 26, 76, 58, 1, 12, 18, 78, 16, 80, 84, 49, 11, 85, 15, 83, 47, 0, 14, 64, 25, 66, 65, 81, 44, 29, 82, 13, 4, 86, 7, 54, 52, 56, 21, 32, 48, 38, 74, 39, 33, 60, 71, 69, 31, 90, 3, 34, 99, 24, 67, 35, 53, 20, 10, 87, 22, 91, 41, 19, 79, 57, 61, 70, 88, 45, 37, 51, 94, 2, 59, 55, 28, 62, 36, 92, 23, 42, 9, 8, 77, 68, 98, 5, 43, 72, 17, 40, 6, 46, 95, 93, 50, 73, 97]|[2, 0, 1, 1, 1, 0, 1, 0, 2, 2, 2, 1, 0, 2, 2, 1, 1, 2, 1, 0, 2, 0, 1, 0, 2, 2, 1, 0, 1, 2, 2, 2, 2, 1, 0, 0, 1, 2, 1, 2, 2, 2, 2, 2, 2, 2, 0, 1, 0, 2, 0, 2, 1, 2, 1, 0, 1, 1, 2, 1, 2, 1, 1, 0, 2, 1, 0, 0, 0, 1, 2, 0, 1, 2, 1, 2, 0, 1, 1, 1, 1, 1, 2, 1, 1, 2, 1, 1, 0, 1, 1, 1, 2, 0, 1, 1, 1, 1, 1, 2]|[4, 2, 0, 1, 1, 0, 3, 2, 4, 2, 2, 0, 1, 1, 0, 2, 1, 1, 1, 2, 2, 2, 2, 0, 4, 3, 0, 0, 3, 2, 1, 0, 4, 0, 2, 2, 2, 0, 2, 0, 3, 4, 3, 2, 1, 4, 0, 1, 1, 1, 2, 2, 1, 1, 3, 1, 1, 2, 4, 2, 1, 1, 2, 2, 4, 3, 2, 0, 2, 3, 3, 0, 3, 1, 1, 0, 0, 0, 0, 1, 2, 2, 0, 1, 2, 0, 2, 2, 2, 1, 3, 1, 0, 2, 1, 2, 1, 1, 1, 1]|[0, 1, 2, 0, 1, 1, 2, 0, 0, 3, 3, 2, 0, 2, 0, 0, 0, 2, 0, 0, 3, 0, 1, 1, 1, 0, 0, 1, 0, 2, 1, 0, 1, 1, 0, 1, 2, 0, 2, 1, 3, 1, 2, 1, 2, 1, 0, 1, 0, 2, 1, 2, 0, 2, 0, 0, 0, 2, 0, 0, 2, 1, 0, 0, 0, 2, 1, 1, 0, 0, 1, 1, 1, 0, 1, 2, 0, 1, 1, 1, 2, 0, 3, 2, 0, 1, 0, 0, 0, 0, 1, 1, 3, 0, 0, 2, 0, 0, 2, 2],1018.700164363685;124416.358268827050;352238.287173622500,false,0
23,1,2300,G2_TEC,[63, 30, 89, 27, 96, 75, 26, 76, 58, 1, 12, 18, 78, 16, 80, 84, 49, 11, 85, 15, 83, 47, 0, 14, 64, 25, 66, 65, 81, 44, 29, 82, 13, 4, 86, 7, 54, 52, 56, 21, 32, 48, 38, 74, 39, 33, 60, 71, 69, 31, 90, 3, 34, 99, 24, 67, 35, 53, 20, 10, 87, 22, 91, 41, 19, 79, 57, 61, 70, 88, 45, 37, 51, 94, 2, 59, 55, 28, 62, 36, 92, 23, 42, 9, 8, 77, 68, 98, 5, 43, 72, 17, 40, 6, 46, 95, 93, 50, 73, 97]|[2, 0, 1, 1, 1, 0, 1, 0, 2, 2, 2, 1, 0, 2, 2, 1, 1, 2, 1, 0, 2, 0, 1, 0, 2, 2, 1, 0, 1, 2, 2, 2, 2, 1, 0, 0, 1, 2, 1, 2, 2, 2, 2, 2, 2, 2, 0, 1, 0, 2, 0, 2, 1, 2, 1, 0, 1, 1, 2, 1, 2, 1, 1, 0, 2, 1, 0, 0, 0, 1, 2, 0, 1, 2, 1, 2, 0, 1, 1, 1, 1, 1, 2, 1, 1, 2, 1, 1, 0, 1, 1, 1, 2, 0, 1, 1, 1, 1, 1, 2]|[4, 2, 0, 1, 1, 0, 3, 2, 4, 2, 2, 0, 1, 1, 0, 2, 1, 1, 1, 2, 2, 2, 2, 0, 4, 3, 0, 0, 3, 2, 1, 0, 4, 0, 2, 2, 2, 0, 2, 0, 3, 4, 3, 2, 1, 4, 0, 1, 1, 1, 2, 2, 1, 1, 3, 1, 1, 2, 4, 2, 1, 1, 2, 2, 4, 3, 2, 0, 2, 3, 3, 0, 3, 1, 1, 0, 0, 0, 0, 1, 2, 2, 0, 1, 2, 0, 2, 2, 2, 1, 3, 1, 0, 2, 1, 2, 1, 1, 1, 1]|[0, 1, 2, 0, 1, 1, 2, 0, 0, 3, 3, 2, 0, 2, 0, 0, 0, 2, 0, 0, 3, 0, 1, 1, 1, 0, 0, 1, 0, 2, 1, 0, 1, 1, 0, 1, 2, 0, 2, 1, 3, 1, 2, 1, 2, 1, 0, 1, 0, 2, 1, 2, 0, 2, 0, 0, 0, 2, 0, 0, 2, 1, 0, 0, 0, 2, 1, 1, 0, 0, 1, 1, 1, 0, 1, 2, 0, 1, 1, 1, 2, 0, 3, 2, 0, 1, 0, 0, 0, 0, 1, 1, 3, 0, 0, 2, 0, 0, 2, 2],1018.700164363685;124416.358268827050;352238.287173622500,false,0
23,1,2300,G3_TWC,[7, 50, 55, 49, 78, 95, 40, 9, 2, 98, 72, 28, 71, 27, 81, 66, 8, 64, 85, 15, 83, 47, 0, 14, 12, 25, 84, 65, 80, 76, 29, 82, 13, 4, 86, 63, 54, 52, 56, 21, 32, 1, 38, 74, 39, 33, 60, 96, 69, 31, 90, 43, 37, 99, 92, 67, 53, 34, 20, 10, 87, 22, 91, 41, 58, 79, 57, 61, 18, 5, 89, 35, 51, 73, 19, 59, 45, 94, 77, 97, 24, 23, 42, 16, 68, 88, 70, 48, 26, 6, 3, 36, 30, 62, 46, 44, 93, 11, 75, 17]|[0, 2, 0, 0, 1, 2, 1, 2, 2, 2, 1, 1, 0, 0, 1, 0, 2, 2, 1, 0, 2, 0, 0, 0, 2, 1, 1, 2, 2, 2, 2, 2, 2, 1, 1, 2, 1, 0, 1, 2, 1, 1, 2, 0, 1, 0, 1, 0, 1, 1, 0, 1, 1, 2, 1, 0, 1, 1, 1, 1, 2, 1, 1, 0, 2, 1, 0, 1, 1, 0, 1, 1, 0, 1, 1, 2, 2, 2, 2, 0, 1, 0, 1, 2, 1, 0, 2, 1, 1, 0, 2, 2, 0, 0, 1, 2, 2, 2, 2, 0]|[0, 4, 0, 0, 1, 4, 3, 2, 3, 2, 2, 3, 1, 0, 1, 0, 2, 4, 1, 1, 2, 2, 1, 0, 1, 0, 0, 2, 0, 2, 1, 0, 3, 0, 3, 4, 2, 2, 2, 0, 2, 3, 4, 1, 1, 1, 3, 1, 1, 3, 2, 1, 2, 1, 0, 2, 1, 1, 3, 2, 1, 1, 2, 2, 4, 3, 2, 1, 3, 1, 0, 2, 2, 1, 3, 0, 0, 1, 0, 1, 2, 2, 0, 2, 3, 1, 4, 0, 3, 1, 2, 0, 2, 1, 1, 2, 4, 1, 2, 1]|[1, 3, 0, 0, 1, 0, 2, 2, 2, 3, 2, 1, 1, 0, 0, 0, 2, 1, 0, 1, 3, 0, 1, 1, 0, 2, 0, 2, 0, 1, 1, 0, 0, 1, 0, 0, 2, 1, 2, 1, 1, 0, 3, 1, 0, 1, 1, 1, 1, 2, 0, 0, 1, 2, 1, 0, 0, 0, 2, 0, 2, 1, 0, 0, 0, 2, 0, 1, 1, 0, 2, 1, 1, 2, 0, 2, 1, 0, 1, 1, 0, 0, 2, 2, 1, 0, 3, 1, 1, 0, 2, 3, 1, 0, 0, 2, 1, 2, 3, 1],903.609255720845;127299.691182154450;355261.013298346100,false,0
24,1,2400,G1_CMAX,[7, 50, 55, 49, 78, 95, 40, 9, 2, 98, 72, 26, 96, 16, 80, 84, 27, 11, 85, 15, 83, 47, 0, 14, 64, 73, 35, 76, 81, 44, 75, 82, 88, 4, 86, 68, 24, 52, 56, 92, 32, 94, 45, 42, 18, 34, 90, 87, 31, 30, 66, 3, 33, 99, 48, 25, 57, 17, 53, 65, 79, 67, 10, 41, 19, 63, 39, 38, 59, 5, 89, 60, 51, 54, 58, 28, 61, 37, 70, 13, 97, 62, 20, 12, 74, 29, 23, 1, 43, 77, 46, 91, 93, 6, 36, 8, 71, 69, 22, 21]|[0, 2, 0, 2, 1, 0, 1, 0, 2, 1, 1, 1, 1, 1, 0, 1, 1, 2, 1, 2, 2, 0, 0, 2, 2, 2, 2, 0, 1, 2, 0, 2, 0, 1, 0, 1, 1, 0, 2, 1, 0, 2, 1, 0, 0, 1, 1, 0, 0, 0, 0, 1, 2, 2, 1, 2, 2, 0, 1, 1, 0, 1, 0, 2, 1, 2, 0, 1, 0, 1, 1, 2, 2, 1, 2, 2, 1, 1, 1, 0, 2, 1, 0, 1, 0, 2, 0, 2, 2, 2, 2, 2, 1, 1, 2, 2, 1, 0, 1, 0]|[2, 4, 0, 4, 1, 0, 1, 2, 3, 2, 2, 3, 1, 2, 1, 0, 2, 4, 1, 3, 2, 2, 1, 1, 1, 2, 4, 2, 3, 2, 1, 0, 1, 0, 1, 2, 3, 2, 2, 0, 2, 0, 2, 1, 1, 1, 3, 0, 1, 2, 0, 2, 4, 2, 0, 3, 0, 1, 1, 1, 0, 0, 2, 3, 3, 4, 1, 2, 2, 1, 0, 2, 2, 2, 4, 3, 0, 2, 1, 2, 1, 0, 2, 3, 1, 1, 2, 2, 3, 0, 1, 1, 1, 3, 4, 2, 1, 1, 2, 2]|[1, 3, 0, 0, 1, 1, 1, 1, 2, 0, 2, 0, 1, 2, 0, 0, 2, 1, 0, 2, 3, 0, 1, 1, 0, 2, 3, 1, 0, 3, 0, 0, 0, 1, 0, 2, 0, 1, 2, 1, 0, 1, 0, 1, 0, 0, 1, 1, 0, 1, 0, 0, 1, 3, 1, 0, 2, 1, 0, 2, 0, 2, 0, 3, 0, 0, 1, 0, 1, 0, 2, 2, 0, 1, 0, 1, 0, 2, 1, 0, 1, 1, 1, 1, 1, 1, 0, 3, 3, 1, 1, 1, 0, 0, 2, 2, 1, 0, 0, 1],841.448800753755;129735.837945515280;366973.625585754630,false,0
24,1,2400,G4_BALANCED,[63, 30, 89, 27, 96, 75, 26, 76, 58, 1, 12, 18, 78, 16, 80, 84, 49, 11, 85, 15, 83, 47, 0, 14, 64, 25, 66, 65, 81, 44, 29, 82, 13, 4, 86, 7, 54, 52, 56, 21, 32, 48, 38, 74, 39, 33, 60, 71, 69, 31, 90, 3, 34, 99, 24, 67, 35, 53, 20, 10, 87, 22, 91, 41, 19, 79, 57, 61, 70, 88, 45, 37, 51, 94, 2, 59, 55, 28, 62, 36, 92, 23, 42, 9, 8, 77, 68, 98, 5, 43, 72, 17, 40, 6, 46, 95, 93, 50, 73, 97]|[2, 0, 1, 1, 1, 0, 1, 0, 2, 2, 2, 1, 0, 2, 2, 1, 1, 2, 1, 0, 2, 0, 1, 0, 2, 2, 1, 0, 1, 2, 2, 2, 2, 1, 0, 0, 1, 2, 1, 2, 2, 2, 2, 2, 2, 2, 0, 1, 0, 2, 0, 2, 1, 2, 1, 0, 1, 1, 2, 1, 2, 1, 1, 0, 2, 1, 0, 0, 0, 1, 2, 0, 1, 2, 1, 2, 0, 1, 1, 1, 1, 1, 2, 1, 1, 2, 1, 1, 0, 1, 1, 1, 2, 0, 1, 1, 1, 1, 1, 2]|[4, 2, 0, 1, 1, 0, 3, 2, 4, 2, 2, 0, 1, 1, 0, 2, 1, 1, 1, 2, 2, 2, 2, 0, 4, 3, 0, 0, 3, 2, 1, 0, 4, 0, 2, 2, 2, 0, 2, 0, 3, 4, 3, 2, 1, 4, 0, 1, 1, 1, 2, 2, 1, 1, 3, 1, 1, 2, 4, 2, 1, 1, 2, 2, 4, 3, 2, 0, 2, 3, 3, 0, 3, 1, 1, 0, 0, 0, 0, 1, 2, 2, 0, 1, 2, 0, 2, 2, 2, 1, 3, 1, 0, 2, 1, 2, 1, 1, 1, 1]|[0, 1, 2, 0, 1, 1, 2, 0, 0, 3, 3, 2, 0, 2, 0, 0, 0, 2, 0, 0, 3, 0, 1, 1, 1, 0, 0, 1, 0, 2, 1, 0, 1, 1, 0, 1, 2, 0, 2, 1, 3, 1, 2, 1, 2, 1, 0, 1, 0, 2, 1, 2, 0, 2, 0, 0, 0, 2, 0, 0, 2, 1, 0, 0, 0, 2, 1, 1, 0, 0, 1, 1, 1, 0, 1, 2, 0, 1, 1, 1, 2, 0, 3, 2, 0, 1, 0, 0, 0, 0, 1, 1, 3, 0, 0, 2, 0, 0, 2, 2],1018.700164363685;124416.358268827050;352238.287173622500,false,0
24,1,2400,G2_TEC,[63, 30, 89, 27, 96, 75, 26, 76, 58, 1, 12, 18, 78, 16, 80, 84, 49, 11, 85, 15, 83, 47, 0, 14, 64, 25, 66, 65, 81, 44, 29, 82, 13, 4, 86, 7, 54, 52, 56, 21, 32, 48, 38, 74, 39, 33, 60, 71, 69, 31, 90, 3, 34, 99, 24, 67, 35, 53, 20, 10, 87, 22, 91, 41, 19, 79, 57, 61, 70, 88, 45, 37, 51, 94, 2, 59, 55, 28, 62, 36, 92, 23, 42, 9, 8, 77, 68, 98, 5, 43, 72, 17, 40, 6, 46, 95, 93, 50, 73, 97]|[2, 0, 1, 1, 1, 0, 1, 0, 2, 2, 2, 1, 0, 2, 2, 1, 1, 2, 1, 0, 2, 0, 1, 0, 2, 2, 1, 0, 1, 2, 2, 2, 2, 1, 0, 0, 1, 2, 1, 2, 2, 2, 2, 2, 2, 2, 0, 1, 0, 2, 0, 2, 1, 2, 1, 0, 1, 1, 2, 1, 2, 1, 1, 0, 2, 1, 0, 0, 0, 1, 2, 0, 1, 2, 1, 2, 0, 1, 1, 1, 1, 1, 2, 1, 1, 2, 1, 1, 0, 1, 1, 1, 2, 0, 1, 1, 1, 1, 1, 2]|[4, 2, 0, 1, 1, 0, 3, 2, 4, 2, 2, 0, 1, 1, 0, 2, 1, 1, 1, 2, 2, 2, 2, 0, 4, 3, 0, 0, 3, 2, 1, 0, 4, 0, 2, 2, 2, 0, 2, 0, 3, 4, 3, 2, 1, 4, 0, 1, 1, 1, 2, 2, 1, 1, 3, 1, 1, 2, 4, 2, 1, 1, 2, 2, 4, 3, 2, 0, 2, 3, 3, 0, 3, 1, 1, 0, 0, 0, 0, 1, 2, 2, 0, 1, 2, 0, 2, 2, 2, 1, 3, 1, 0, 2, 1, 2, 1, 1, 1, 1]|[0, 1, 2, 0, 1, 1, 2, 0, 0, 3, 3, 2, 0, 2, 0, 0, 0, 2, 0, 0, 3, 0, 1, 1, 1, 0, 0, 1, 0, 2, 1, 0, 1, 1, 0, 1, 2, 0, 2, 1, 3, 1, 2, 1, 2, 1, 0, 1, 0, 2, 1, 2, 0, 2, 0, 0, 0, 2, 0, 0, 2, 1, 0, 0, 0, 2, 1, 1, 0, 0, 1, 1, 1, 0, 1, 2, 0, 1, 1, 1, 2, 0, 3, 2, 0, 1, 0, 0, 0, 0, 1, 1, 3, 0, 0, 2, 0, 0, 2, 2],1018.700164363685;124416.358268827050;352238.287173622500,false,0
24,1,2400,G3_TWC,[63, 30, 89, 27, 96, 75, 26, 76, 58, 1, 12, 18, 78, 16, 80, 84, 49, 11, 85, 15, 83, 47, 0, 14, 64, 25, 66, 65, 81, 44, 29, 82, 13, 4, 86, 7, 54, 52, 56, 21, 32, 48, 38, 74, 39, 33, 60, 71, 69, 31, 90, 3, 34, 99, 24, 67, 35, 53, 20, 10, 87, 22, 91, 41, 19, 79, 57, 61, 70, 88, 45, 37, 51, 94, 2, 59, 55, 28, 62, 36, 92, 23, 42, 9, 73, 8, 6, 40, 5, 98, 97, 17, 77, 95, 46, 72, 43, 93, 50, 68]|[2, 0, 1, 1, 1, 0, 1, 0, 2, 2, 2, 1, 0, 2, 2, 1, 1, 2, 1, 0, 2, 0, 1, 0, 2, 1, 1, 0, 1, 2, 2, 2, 2, 1, 0, 0, 1, 2, 2, 2, 2, 2, 2, 0, 2, 2, 0, 1, 0, 2, 0, 1, 1, 2, 1, 1, 1, 1, 2, 1, 1, 1, 2, 0, 2, 1, 0, 0, 0, 1, 2, 1, 2, 2, 1, 1, 2, 2, 1, 1, 1, 1, 2, 1, 1, 1, 0, 2, 0, 1, 2, 1, 2, 2, 2, 0, 1, 1, 1, 1]|[4, 1, 0, 1, 1, 0, 3, 2, 4, 2, 2, 0, 1, 1, 0, 2, 1, 4, 1, 2, 2, 2, 2, 1, 1, 1, 0, 0, 3, 2, 1, 0, 4, 0, 2, 2, 2, 0, 2, 0, 3, 4, 3, 1, 1, 4, 0, 1, 1, 1, 2, 2, 1, 1, 3, 0, 1, 2, 4, 2, 3, 1, 1, 2, 4, 3, 2, 0, 2, 3, 3, 2, 2, 4, 1, 2, 3, 3, 0, 1, 2, 1, 0, 1, 1, 2, 2, 0, 2, 2, 1, 2, 0, 0, 1, 0, 1, 1, 1, 2]|[0, 1, 2, 0, 1, 1, 2, 0, 0, 3, 3, 2, 0, 2, 0, 0, 0, 1, 0, 0, 3, 0, 1, 1, 0, 2, 0, 1, 0, 2, 1, 0, 1, 1, 0, 1, 2, 0, 2, 1, 3, 1, 2, 1, 2, 1, 0, 1, 0, 2, 1, 0, 0, 2, 0, 2, 0, 2, 0, 0, 0, 1, 1, 0, 0, 2, 1, 1, 0, 0, 1, 1, 0, 1, 1, 0, 2, 1, 1, 1, 2, 1, 3, 2, 2, 0, 0, 3, 0, 0, 2, 0, 1, 3, 1, 0, 0, 0, 0, 0],1009.041808492158;124650.902553165540;355353.977157484860,false,0
25,1,2500,G1_CMAX,[7, 50, 55, 49, 78, 95, 40, 9, 2, 98, 72, 26, 96, 16, 80, 84, 27, 11, 85, 15, 83, 47, 0, 14, 64, 73, 35, 76, 81, 44, 75, 82, 88, 4, 86, 68, 24, 52, 56, 92, 32, 94, 45, 42, 18, 34, 90, 87, 31, 30, 66, 3, 33, 99, 48, 25, 57, 17, 53, 65, 79, 67, 10, 41, 19, 63, 39, 38, 59, 5, 89, 60, 51, 54, 58, 28, 61, 37, 70, 13, 97, 62, 20, 12, 74, 29, 23, 1, 43, 77, 46, 91, 93, 6, 36, 8, 71, 69, 22, 21]|[0, 2, 0, 2, 1, 0, 1, 0, 2, 1, 1, 1, 1, 1, 0, 1, 1, 2, 1, 2, 2, 0, 0, 2, 2, 2, 2, 0, 1, 2, 0, 2, 0, 1, 0, 1, 1, 0, 2, 1, 0, 2, 1, 0, 0, 1, 1, 0, 0, 0, 0, 1, 2, 2, 1, 2, 2, 0, 1, 1, 0, 1, 0, 2, 1, 2, 0, 1, 0, 1, 1, 2, 2, 1, 2, 2, 1, 1, 1, 0, 2, 1, 0, 1, 0, 2, 0, 2, 2, 2, 2, 2, 1, 1, 2, 2, 1, 0, 1, 0]|[2, 4, 0, 4, 1, 0, 1, 2, 3, 2, 2, 3, 1, 2, 1, 0, 2, 4, 1, 3, 2, 2, 1, 1, 1, 2, 4, 2, 3, 2, 1, 0, 1, 0, 1, 2, 3, 2, 2, 0, 2, 0, 2, 1, 1, 1, 3, 0, 1, 2, 0, 2, 4, 2, 0, 3, 0, 1, 1, 1, 0, 0, 2, 3, 3, 4, 1, 2, 2, 1, 0, 2, 2, 2, 4, 3, 0, 2, 1, 2, 1, 0, 2, 3, 1, 1, 2, 2, 3, 0, 1, 1, 1, 3, 4, 2, 1, 1, 2, 2]|[1, 3, 0, 0, 1, 1, 1, 1, 2, 0, 2, 0, 1, 2, 0, 0, 2, 1, 0, 2, 3, 0, 1, 1, 0, 2, 3, 1, 0, 3, 0, 0, 0, 1, 0, 2, 0, 1, 2, 1, 0, 1, 0, 1, 0, 0, 1, 1, 0, 1, 0, 0, 1, 3, 1, 0, 2, 1, 0, 2, 0, 2, 0, 3, 0, 0, 1, 0, 1, 0, 2, 2, 0, 1, 0, 1, 0, 2, 1, 0, 1, 1, 1, 1, 1, 1, 0, 3, 3, 1, 1, 1, 0, 0, 2, 2, 1, 0, 0, 1],841.448800753755;129735.837945515280;366973.625585754630,false,0
25,1,2500,G4_BALANCED,[63, 30, 89, 27, 96, 75, 26, 76, 58, 1, 12, 18, 78, 16, 80, 84, 49, 11, 85, 15, 83, 47, 0, 14, 64, 25, 66, 65, 81, 44, 29, 82, 13, 4, 86, 7, 54, 52, 56, 21, 32, 48, 38, 74, 39, 33, 60, 71, 69, 31, 90, 3, 34, 99, 24, 67, 35, 53, 20, 10, 87, 22, 91, 41, 19, 79, 57, 61, 70, 88, 45, 37, 51, 94, 2, 59, 55, 28, 62, 36, 92, 23, 42, 9, 73, 8, 6, 50, 72, 77, 17, 98, 40, 95, 46, 68, 93, 97, 5, 43]|[2, 0, 1, 1, 1, 0, 1, 0, 2, 2, 2, 1, 0, 2, 2, 1, 1, 2, 1, 0, 2, 0, 1, 0, 2, 1, 1, 0, 1, 2, 2, 2, 2, 1, 0, 0, 1, 2, 2, 2, 2, 2, 2, 2, 2, 2, 0, 1, 0, 2, 0, 1, 1, 2, 1, 1, 1, 1, 2, 1, 2, 1, 1, 0, 2, 1, 0, 0, 0, 1, 2, 1, 2, 2, 1, 2, 2, 2, 1, 1, 1, 1, 2, 1, 1, 1, 0, 1, 0, 2, 1, 1, 1, 2, 1, 1, 1, 2, 0, 1]|[4, 1, 0, 1, 1, 0, 3, 2, 4, 2, 2, 0, 1, 1, 0, 2, 1, 4, 1, 2, 2, 2, 2, 0, 1, 1, 0, 0, 3, 2, 1, 0, 4, 0, 2, 2, 2, 0, 2, 0, 3, 2, 3, 2, 1, 4, 0, 2, 1, 1, 2, 2, 1, 1, 3, 0, 1, 2, 4, 0, 1, 1, 2, 2, 4, 3, 2, 0, 2, 3, 3, 2, 2, 4, 2, 0, 3, 3, 0, 3, 2, 1, 0, 2, 1, 2, 2, 1, 0, 0, 2, 2, 3, 0, 1, 2, 1, 1, 2, 1]|[0, 1, 2, 0, 1, 1, 2, 0, 0, 3, 3, 2, 0, 2, 0, 0, 0, 1, 0, 0, 3, 0, 1, 1, 0, 2, 0, 1, 0, 2, 1, 0, 1, 1, 0, 1, 0, 0, 2, 1, 3, 3, 2, 1, 2, 0, 0, 2, 0, 2, 1, 0, 0, 2, 0, 2, 0, 2, 0, 1, 2, 1, 0, 0, 0, 2, 1, 1, 0, 0, 1, 1, 0, 1, 2, 2, 2, 1, 1, 1, 2, 1, 3, 0, 2, 2, 0, 0, 0, 1, 0, 0, 1, 3, 0, 2, 0, 2, 0, 1],1018.380591448250;123520.872471407670;350863.168840284340,false,0
25,1,2500,G2_TEC,[63, 30, 89, 27, 96, 75, 26, 76, 58, 1, 12, 18, 78, 16, 80, 84, 49, 11, 85, 15, 83, 47, 0, 14, 64, 25, 66, 65, 81, 44, 29, 82, 13, 4, 86, 7, 54, 52, 56, 21, 32, 48, 38, 74, 39, 33, 60, 71, 69, 31, 90, 3, 34, 99, 24, 67, 35, 53, 20, 10, 87, 22, 91, 41, 19, 79, 57, 61, 70, 88, 45, 37, 51, 94, 2, 59, 55, 28, 62, 36, 92, 23, 42, 9, 68, 95, 73, 40, 72, 77, 46, 5, 93, 6, 98, 8, 97, 50, 17, 43]|[2, 0, 1, 1, 1, 0, 1, 0, 2, 2, 2, 1, 0, 2, 2, 1, 1, 2, 1, 0, 2, 0, 1, 0, 2, 2, 1, 2, 1, 2, 2, 2, 2, 1, 0, 2, 1, 2, 1, 2, 2, 2, 2, 2, 2, 2, 0, 1, 0, 2, 0, 1, 1, 2, 1, 0, 1, 1, 2, 1, 2, 1, 1, 0, 2, 2, 1, 0, 0, 1, 2, 0, 1, 2, 2, 2, 0, 2, 1, 1, 1, 2, 2, 1, 1, 1, 1, 2, 1, 2, 1, 0, 1, 0, 1, 2, 2, 1, 1, 1]|[4, 2, 0, 1, 1, 2, 3, 2, 4, 2, 2, 3, 1, 1, 0, 2, 1, 1, 1, 2, 2, 2, 2, 0, 1, 4, 0, 2, 3, 2, 1, 0, 4, 0, 2, 4, 2, 0, 2, 0, 3, 4, 3, 2, 1, 4, 0, 1, 1, 1, 2, 2, 1, 1, 3, 1, 1, 1, 4, 2, 1, 1, 2, 2, 0, 1, 3, 0, 2, 3, 3, 0, 3, 1, 3, 0, 0, 3, 2, 1, 2, 3, 0, 1, 2, 2, 1, 0, 3, 0, 1, 2, 1, 2, 2, 2, 1, 1, 1, 1]|[0, 1, 2, 0, 1, 1, 2, 0, 0, 3, 3, 1, 0, 2, 0, 0, 0, 2, 0, 0, 3, 0, 1, 1, 0, 1, 0, 2, 0, 2, 1, 0, 1, 1, 0, 0, 2, 0, 2, 1, 3, 1, 2, 1, 2, 1, 0, 1, 0, 2, 1, 0, 0, 2, 0, 0, 0, 0, 0, 0, 2, 1, 0, 0, 2, 3, 0, 1, 0, 0, 1, 1, 1, 0, 2, 2, 0, 1, 2, 1, 2, 1, 3, 2, 0, 2, 2, 3, 1, 1, 0, 0, 0, 0, 0, 2, 2, 0, 1, 0],974.634716916023;124050.496574581720;364116.564296616100,false,0
25,1,2500,G3_TWC,[7, 50, 55, 49, 78, 95, 64, 44, 19, 48, 26, 18, 96, 16, 80, 84, 27, 11, 85, 15, 83, 47, 0, 14, 12, 25, 66, 65, 81, 76, 29, 82, 13, 4, 86, 63, 54, 52, 56, 21, 32, 1, 38, 74, 39, 33, 60, 71, 69, 31, 90, 3, 34, 99, 24, 67, 35, 53, 20, 10, 87, 22, 91, 41, 58, 79, 57, 61, 70, 88, 45, 37, 51, 94, 2, 59, 89, 28, 62, 36, 92, 23, 42, 9, 68, 8, 93, 6, 72, 5, 43, 77, 17, 97, 46, 40, 73, 98, 75, 30]|[0, 0, 0, 0, 1, 1, 0, 2, 2, 1, 1, 1, 1, 1, 1, 1, 1, 2, 1, 0, 2, 0, 1, 2, 2, 2, 1, 0, 2, 0, 2, 2, 2, 1, 1, 2, 1, 2, 1, 2, 2, 2, 2, 0, 2, 0, 0, 1, 1, 0, 1, 2, 1, 1, 1, 1, 1, 1, 2, 1, 2, 1, 1, 0, 2, 1, 0, 0, 1, 1, 1, 1, 1, 2, 1, 2, 1, 2, 1, 1, 1, 1, 2, 2, 1, 2, 2, 0, 1, 0, 1, 2, 1, 0, 1, 1, 1, 0, 0, 0]|[2, 2, 0, 0, 3, 2, 1, 2, 0, 0, 3, 0, 2, 2, 1, 2, 1, 1, 1, 1, 2, 2, 2, 0, 2, 3, 0, 0, 4, 2, 1, 0, 3, 0, 3, 4, 2, 0, 2, 0, 3, 2, 4, 1, 1, 1, 0, 1, 3, 2, 3, 2, 1, 2, 3, 3, 3, 1, 4, 2, 1, 1, 2, 2, 4, 3, 2, 0, 0, 3, 0, 2, 2, 1, 1, 0, 0, 3, 0, 1, 2, 2, 0, 2, 2, 2, 4, 2, 3, 2, 1, 0, 1, 0, 1, 1, 1, 2, 0, 2]|[1, 1, 0, 0, 0, 2, 1, 2, 2, 1, 1, 2, 0, 2, 0, 0, 0, 2, 0, 1, 3, 0, 1, 2, 3, 0, 0, 1, 3, 0, 1, 0, 0, 1, 0, 0, 2, 0, 2, 1, 3, 3, 3, 1, 2, 1, 0, 1, 2, 1, 1, 2, 0, 2, 0, 1, 0, 0, 0, 0, 2, 1, 0, 0, 0, 2, 1, 1, 1, 0, 2, 1, 0, 0, 1, 2, 2, 0, 1, 1, 2, 0, 3, 2, 0, 2, 1, 0, 1, 0, 0, 1, 1, 1, 0, 2, 2, 0, 1, 1],1116.280605890690;123330.540998953660;361560.865487252650,false,0
26,1,2600,G1_CMAX,[63, 30, 89, 27, 96, 75, 26, 76, 58, 1, 12, 18, 78, 16, 80, 84, 49, 11, 85, 15, 83, 47, 0, 14, 64, 25, 66, 65, 81, 44, 29, 82, 13, 4, 86, 7, 54, 52, 56, 21, 32, 48, 38, 74, 39, 33, 60, 71, 69, 31, 90, 3, 34, 99, 24, 67, 35, 53, 20, 10, 87, 22, 91, 41, 19, 79, 57, 61, 70, 88, 45, 37, 51, 5, 2, 93, 92, 40, 62, 36, 55, 23, 42, 9, 73, 8, 6, 50, 72, 77, 17, 98, 28, 95, 46, 68, 59, 97, 94, 43]|[2, 0, 1, 1, 1, 0, 1, 0, 2, 2, 1, 1, 0, 2, 2, 1, 1, 2, 1, 0, 2, 0, 1, 0, 2, 2, 1, 0, 1, 2, 2, 2, 2, 1, 0, 0, 1, 0, 1, 2, 2, 2, 1, 0, 2, 2, 0, 1, 0, 2, 0, 1, 1, 2, 1, 1, 1, 1, 2, 1, 2, 1, 1, 0, 2, 1, 0, 0, 0, 1, 2, 1, 2, 2, 1, 2, 1, 2, 1, 1, 2, 1, 2, 1, 1, 2, 0, 1, 0, 2, 1, 1, 2, 2, 2, 1, 1, 2, 0, 1]|[4, 1, 0, 1, 1, 0, 3, 2, 4, 2, 3, 0, 1, 1, 0, 2, 1, 4, 1, 2, 2, 2, 2, 0, 1, 3, 0, 0, 3, 2, 1, 0, 4, 0, 2, 2, 2, 2, 2, 0, 3, 4, 2, 1, 1, 4, 0, 2, 1, 1, 2, 2, 1, 1, 3, 0, 1, 2, 4, 0, 1, 1, 2, 2, 0, 3, 2, 0, 2, 3, 3, 2, 2, 4, 2, 0, 2, 3, 0, 3, 3, 1, 0, 2, 1, 1, 2, 1, 0, 0, 2, 2, 3, 0, 1, 2, 1, 1, 2, 1]|[0, 1, 2, 0, 1, 1, 2, 0, 0, 3, 1, 2, 0, 2, 0, 0, 0, 1, 0, 0, 3, 0, 1, 1, 0, 0, 0, 1, 0, 2, 1, 0, 1, 1, 0, 1, 0, 1, 2, 1, 3, 1, 0, 1, 2, 0, 0, 2, 0, 2, 1, 0, 0, 2, 0, 2, 0, 2, 0, 1, 2, 1, 0, 1, 2, 2, 1, 1, 0, 0, 1, 0, 0, 1, 2, 2, 2, 3, 1, 1, 2, 1, 3, 0, 2, 2, 0, 0, 0, 1, 0, 0, 1, 3, 1, 2, 0, 2, 0, 1],948.691408992425;124957.391771521190;361109.812581516200,false,0
26,1,2600,G4_BALANCED,[63, 30, 89, 27, 96, 75, 26, 76, 58, 1, 12, 18, 78, 16, 80, 84, 49, 11, 85, 15, 83, 47, 0, 14, 64, 25, 66, 65, 81, 44, 29, 82, 13, 4, 86, 7, 54, 52, 56, 21, 32, 48, 38, 74, 39, 33, 60, 71, 69, 31, 90, 3, 34, 99, 24, 67, 35, 53, 20, 10, 87, 22, 91, 41, 19, 79, 57, 61, 70, 88, 45, 37, 51, 94, 2, 59, 55, 28, 62, 36, 92, 23, 42, 9, 73, 8, 6, 50, 72, 77, 17, 98, 40, 95, 46, 68, 93, 97, 5, 43]|[2, 0, 1, 1, 1, 0, 1, 0, 2, 2, 2, 1, 0, 2, 2, 1, 1, 2, 1, 0, 2, 0, 1, 0, 2, 1, 1, 0, 1, 2, 2, 2, 2, 1, 0, 0, 1, 2, 2, 2, 2, 2, 2, 2, 2, 2, 0, 1, 0, 2, 0, 1, 1, 2, 1, 1, 1, 1, 2, 1, 2, 1, 1, 0, 2, 1, 0, 0, 0, 1, 2, 1, 2, 2, 1, 2, 2, 2, 1, 1, 1, 1, 2, 1, 1, 1, 0, 1, 0, 2, 1, 1, 1, 2, 1, 1, 1, 2, 0, 1]|[4, 1, 0, 1, 1, 0, 3, 2, 4, 2, 2, 0, 1, 1, 0, 2, 1, 4, 1, 2, 2, 2, 2, 0, 1, 1, 0, 0, 3, 2, 1, 0, 4, 0, 2, 2, 2, 0, 2, 0, 3, 2, 3, 2, 1, 4, 0, 2, 1, 1, 2, 2, 1, 1, 3, 0, 1, 2, 4, 0, 1, 1, 2, 2, 4, 3, 2, 0, 2, 3, 3, 2, 2, 4, 2, 0, 3, 3, 0, 3, 2, 1, 0, 2, 1, 2, 2, 1, 0, 0, 2, 2, 3, 0, 1, 2, 1, 1, 2, 1]|[0, 1, 2, 0, 1, 1, 2, 0, 0, 3, 3, 2, 0, 2, 0, 0, 0, 1, 0, 0, 3, 0, 1, 1, 0, 2, 0, 1, 0, 2, 1, 0, 1, 1, 0, 1, 0, 0, 2, 1, 3, 3, 2, 1, 2, 0, 0, 2, 0, 2, 1, 0, 0, 2, 0, 2, 0, 2, 0, 1, 2, 1, 0, 0, 0, 2, 1, 1, 0, 0, 1, 1, 0, 1, 2, 2, 2, 1, 1, 1, 2, 1, 3, 0, 2, 2, 0, 0, 0, 1, 0, 0, 1, 3, 0, 2, 0, 2, 0, 1],1018.380591448250;123520.872471407670;350863.168840284340,false,0
26,1,2600,G2_TEC,[63, 30, 89, 27, 96, 75, 26, 76, 58, 1, 12, 18, 78, 16, 80, 84, 49, 11, 85, 15, 83, 47, 0, 14, 64, 25, 66, 65, 81, 44, 29, 82, 13, 4, 86, 7, 54, 52, 56, 21, 32, 48, 38, 74, 39, 33, 60, 71, 69, 31, 90, 3, 34, 99, 24, 67, 35, 53, 20, 10, 87, 22, 91, 41, 19, 79, 57, 61, 70, 88, 45, 37, 51, 94, 2, 59, 55, 28, 62, 36, 92, 23, 42, 9, 73, 8, 6, 50, 72, 77, 17, 98, 40, 95, 46, 68, 93, 97, 5, 43]|[2, 0, 1, 1, 1, 0, 1, 0, 2, 2, 2, 1, 0, 2, 2, 1, 1, 2, 1, 0, 2, 0, 1, 0, 2, 1, 1, 0, 1, 2, 2, 2, 2, 1, 0, 0, 1, 2, 2, 2, 2, 2, 2, 2, 2, 2, 0, 1, 0, 2, 0, 1, 1, 2, 1, 1, 1, 1, 2, 1, 2, 1, 1, 0, 2, 1, 0, 0, 0, 1, 2, 1, 2, 2, 1, 2, 2, 2, 1, 1, 1, 1, 2, 1, 1, 1, 0, 1, 0, 2, 1, 1, 1, 2, 1, 1, 1, 2, 0, 1]|[4, 1, 0, 1, 1, 0, 3, 2, 4, 2, 2, 0, 1, 1, 0, 2, 1, 4, 1, 2, 2, 2, 2, 0, 1, 1, 0, 0, 3, 2, 1, 0, 4, 0, 2, 2, 2, 0, 2, 0, 3, 2, 3, 2, 1, 4, 0, 2, 1, 1, 2, 2, 1, 1, 3, 0, 1, 2, 4, 0, 1, 1, 2, 2, 4, 3, 2, 0, 2, 3, 3, 2, 2, 4, 2, 0, 3, 3, 0, 3, 2, 1, 0, 2, 1, 2, 2, 1, 0, 0, 2, 2, 3, 0, 1, 2, 1, 1, 2, 1]|[0, 1, 2, 0, 1, 1, 2, 0, 0, 3, 3, 2, 0, 2, 0, 0, 0, 1, 0, 0, 3, 0, 1, 1, 0, 2, 0, 1, 0, 2, 1, 0, 1, 1, 0, 1, 0, 0, 2, 1, 3, 3, 2, 1, 2, 0, 0, 2, 0, 2, 1, 0, 0, 2, 0, 2, 0, 2, 0, 1, 2, 1, 0, 0, 0, 2, 1, 1, 0, 0, 1, 1, 0, 1, 2, 2, 2, 1, 1, 1, 2, 1, 3, 0, 2, 2, 0, 0, 0, 1, 0, 0, 1, 3, 0, 2, 0, 2, 0, 1],1018.380591448250;123520.872471407670;350863.168840284340,false,0
26,1,2600,G3_TWC,[63, 30, 89, 27, 96, 75, 26, 76, 58, 1, 12, 18, 78, 16, 80, 84, 49, 11, 85, 15, 83, 47, 0, 14, 64, 25, 66, 65, 81, 44, 29, 82, 13, 4, 86, 7, 54, 52, 56, 21, 32, 48, 38, 74, 39, 33, 60, 71, 69, 31, 90, 3, 34, 99, 43, 67, 35, 53, 20, 10, 87, 22, 91, 41, 19, 79, 57, 61, 70, 88, 45, 37, 51, 94, 2, 59, 55, 28, 62, 36, 92, 23, 42, 9, 73, 8, 6, 40, 5, 98, 97, 17, 77, 95, 46, 72, 24, 93, 50, 68]|[2, 1, 1, 2, 1, 0, 1, 0, 2, 2, 2, 1, 0, 2, 2, 1, 1, 2, 1, 1, 2, 0, 1, 0, 2, 1, 1, 0, 1, 2, 2, 2, 2, 1, 1, 0, 1, 2, 1, 1, 2, 2, 2, 0, 2, 2, 0, 1, 0, 2, 0, 1, 1, 2, 0, 1, 1, 1, 2, 1, 1, 1, 1, 0, 2, 1, 0, 1, 0, 1, 1, 1, 1, 2, 1, 2, 1, 2, 2, 1, 1, 1, 2, 1, 1, 1, 0, 1, 0, 1, 2, 1, 2, 2, 2, 0, 1, 1, 1, 1]|[4, 1, 0, 3, 1, 2, 3, 2, 4, 2, 2, 0, 1, 1, 2, 2, 1, 4, 1, 2, 2, 2, 2, 1, 4, 1, 0, 0, 3, 2, 1, 0, 4, 0, 3, 2, 2, 0, 2, 1, 3, 4, 3, 1, 1, 4, 0, 1, 1, 1, 2, 2, 1, 1, 2, 0, 3, 2, 4, 2, 3, 1, 2, 2, 4, 3, 2, 1, 2, 3, 1, 2, 3, 1, 1, 0, 1, 3, 1, 1, 2, 2, 0, 1, 1, 2, 2, 3, 2, 2, 1, 1, 0, 0, 1, 0, 1, 1, 1, 2]|[0, 0, 2, 1, 1, 1, 2, 0, 0, 3, 3, 2, 0, 2, 2, 0, 0, 1, 0, 0, 3, 0, 1, 1, 1, 2, 0, 1, 0, 2, 1, 0, 1, 1, 0, 1, 2, 0, 2, 1, 3, 1, 2, 1, 2, 1, 0, 1, 0, 2, 1, 0, 0, 2, 1, 2, 0, 2, 0, 0, 0, 1, 0, 0, 0, 2, 1, 2, 0, 0, 0, 1, 1, 0, 1, 2, 0, 1, 2, 1, 2, 0, 3, 2, 2, 0, 0, 2, 0, 0, 2, 1, 1, 3, 1, 0, 0, 0, 0, 0],1111.261470957044;122043.563701034570;350438.734651410200,false,0
27,1,2700,G1_CMAX,[63, 30, 89, 27, 96, 75, 26, 76, 58, 1, 12, 18, 78, 16, 80, 84, 49, 11, 85, 15, 83, 47, 0, 14, 64, 25, 66, 65, 81, 44, 29, 82, 13, 4, 86, 7, 54, 52, 56, 21, 32, 48, 38, 74, 39, 33, 60, 71, 69, 31, 90, 3, 34, 99, 24, 67, 35, 53, 20, 10, 87, 22, 91, 41, 19, 79, 57, 61, 70, 88, 45, 37, 51, 94, 2, 59, 55, 28, 62, 36, 92, 23, 42, 9, 73, 8, 6, 50, 17, 98, 97, 5, 77, 95, 46, 72, 43, 93, 40, 68]|[2, 0, 0, 1, 1, 0, 2, 0, 2, 2, 2, 1, 1, 2, 2, 1, 1, 2, 1, 0, 2, 0, 1, 0, 2, 1, 1, 0, 1, 2, 2, 2, 2, 1, 1, 0, 1, 0, 1, 2, 2, 2, 2, 2, 2, 0, 0, 0, 0, 2, 0, 2, 1, 2, 1, 1, 1, 1, 2, 1, 2, 0, 1, 0, 2, 1, 0, 0, 0, 1, 2, 0, 1, 2, 1, 2, 2, 1, 1, 1, 1, 1, 2, 1, 1, 1, 0, 1, 0, 1, 2, 0, 2, 2, 1, 1, 2, 2, 1, 2]|[4, 2, 0, 1, 1, 0, 4, 2, 0, 2, 2, 0, 1, 1, 0, 2, 1, 4, 1, 2, 2, 2, 2, 0, 1, 1, 0, 0, 3, 2, 1, 0, 4, 0, 3, 2, 2, 2, 2, 0, 3, 2, 3, 2, 1, 1, 0, 1, 1, 1, 2, 3, 1, 1, 3, 0, 1, 2, 4, 3, 1, 1, 2, 2, 4, 1, 2, 2, 2, 3, 3, 0, 2, 1, 2, 0, 3, 1, 0, 0, 2, 1, 0, 1, 1, 2, 2, 1, 1, 2, 1, 2, 0, 0, 1, 3, 2, 4, 3, 4]|[0, 1, 0, 0, 1, 1, 1, 0, 2, 3, 3, 2, 1, 2, 0, 0, 0, 1, 0, 0, 3, 0, 0, 1, 0, 2, 0, 1, 0, 2, 1, 0, 1, 1, 0, 1, 2, 1, 2, 1, 3, 3, 2, 1, 2, 1, 0, 0, 0, 2, 1, 3, 0, 2, 0, 2, 0, 2, 0, 1, 2, 1, 0, 0, 0, 0, 0, 1, 0, 0, 1, 1, 0, 0, 2, 2, 2, 1, 1, 1, 2, 1, 3, 2, 2, 2, 0, 1, 1, 0, 2, 0, 1, 3, 0, 1, 2, 1, 1, 0],905.722536469578;126993.558843421340;357552.465702621270,false,0
27,1,2700,G4_BALANCED,[63, 30, 89, 27, 96, 75, 26, 76, 58, 1, 12, 18, 78, 16, 80, 84, 49, 11, 85, 15, 83, 47, 0, 14, 64, 25, 66, 65, 81, 44, 29, 82, 13, 4, 86, 7, 54, 52, 56, 21, 32, 48, 38, 74, 39, 33, 60, 71, 69, 31, 90, 3, 34, 99, 24, 67, 35, 53, 20, 10, 87, 22, 91, 41, 19, 79, 57, 61, 70, 88, 45, 37, 51, 94, 2, 59, 55, 28, 62, 36, 92, 23, 42, 9, 73, 8, 6, 50, 72, 77, 17, 98, 40, 95, 46, 68, 93, 97, 5, 43]|[2, 0, 1, 1, 1, 0, 1, 0, 2, 2, 2, 1, 0, 2, 2, 1, 1, 2, 1, 0, 2, 0, 1, 0, 2, 1, 1, 0, 1, 2, 2, 2, 2, 1, 0, 0, 1, 2, 2, 2, 2, 2, 2, 2, 2, 2, 0, 1, 0, 2, 0, 1, 1, 2, 1, 1, 1, 1, 2, 1, 2, 1, 1, 0, 2, 1, 0, 0, 0, 1, 2, 1, 2, 2, 1, 2, 2, 2, 1, 1, 1, 1, 2, 1, 1, 1, 0, 1, 0, 2, 1, 1, 1, 2, 1, 1, 1, 2, 0, 1]|[4, 1, 0, 1, 1, 0, 3, 2, 4, 2, 2, 0, 1, 1, 0, 2, 1, 4, 1, 2, 2, 2, 2, 0, 1, 1, 0, 0, 3, 2, 1, 0, 4, 0, 2, 2, 2, 0, 2, 0, 3, 2, 3, 2, 1, 4, 0, 2, 1, 1, 2, 2, 1, 1, 3, 0, 1, 2, 4, 0, 1, 1, 2, 2, 4, 3, 2, 0, 2, 3, 3, 2, 2, 4, 2, 0, 3, 3, 0, 3, 2, 1, 0, 2, 1, 2, 2, 1, 0, 0, 2, 2, 3, 0, 1, 2, 1, 1, 2, 1]|[0, 1, 2, 0, 1, 1, 2, 0, 0, 3, 3, 2, 0, 2, 0, 0, 0, 1, 0, 0, 3, 0, 1, 1, 0, 2, 0, 1, 0, 2, 1, 0, 1, 1, 0, 1, 0, 0, 2, 1, 3, 3, 2, 1, 2, 0, 0, 2, 0, 2, 1, 0, 0, 2, 0, 2, 0, 2, 0, 1, 2, 1, 0, 0, 0, 2, 1, 1, 0, 0, 1, 1, 0, 1, 2, 2, 2, 1, 1, 1, 2, 1, 3, 0, 2, 2, 0, 0, 0, 1, 0, 0, 1, 3, 0, 2, 0, 2, 0, 1],1018.380591448250;123520.872471407670;350863.168840284340,false,0
27,1,2700,G2_TEC,[63, 30, 89, 27, 96, 75, 26, 76, 58, 1, 12, 18, 78, 16, 80, 84, 49, 11, 85, 15, 83, 47, 0, 14, 64, 25, 66, 65, 81, 44, 29, 82, 13, 4, 86, 7, 54, 52, 56, 21, 32, 48, 38, 74, 39, 33, 60, 71, 69, 31, 90, 3, 34, 99, 24, 67, 35, 53, 20, 10, 87, 22, 91, 41, 19, 79, 57, 61, 70, 88, 45, 37, 51, 94, 2, 59, 55, 28, 62, 36, 92, 23, 42, 9, 73, 8, 6, 50, 72, 77, 17, 98, 40, 95, 46, 68, 93, 97, 5, 43]|[2, 0, 1, 1, 1, 0, 1, 0, 2, 2, 2, 1, 0, 2, 2, 1, 1, 2, 1, 0, 2, 0, 1, 0, 2, 1, 1, 0, 1, 2, 2, 2, 2, 1, 0, 0, 1, 2, 2, 2, 2, 2, 2, 2, 2, 2, 0, 1, 0, 2, 0, 1, 1, 2, 1, 1, 1, 1, 2, 1, 2, 1, 1, 0, 2, 1, 0, 0, 0, 1, 2, 1, 2, 2, 1, 2, 2, 2, 1, 1, 1, 1, 2, 1, 1, 1, 0, 1, 0, 2, 1, 1, 1, 2, 1, 1, 1, 2, 0, 1]|[4, 1, 0, 1, 1, 0, 3, 2, 4, 2, 2, 0, 1, 1, 0, 2, 1, 4, 1, 2, 2, 2, 2, 0, 1, 1, 0, 0, 3, 2, 1, 0, 4, 0, 2, 2, 2, 0, 2, 0, 3, 2, 3, 2, 1, 4, 0, 2, 1, 1, 2, 2, 1, 1, 3, 0, 1, 2, 4, 0, 1, 1, 2, 2, 4, 3, 2, 0, 2, 3, 3, 2, 2, 4, 2, 0, 3, 3, 0, 3, 2, 1, 0, 2, 1, 2, 2, 1, 0, 0, 2, 2, 3, 0, 1, 2, 1, 1, 2, 1]|[0, 1, 2, 0, 1, 1, 2, 0, 0, 3, 3, 2, 0, 2, 0, 0, 0, 1, 0, 0, 3, 0, 1, 1, 0, 2, 0, 1, 0, 2, 1, 0, 1, 1, 0, 1, 0, 0, 2, 1, 3, 3, 2, 1, 2, 0, 0, 2, 0, 2, 1, 0, 0, 2, 0, 2, 0, 2, 0, 1, 2, 1, 0, 0, 0, 2, 1, 1, 0, 0, 1, 1, 0, 1, 2, 2, 2, 1, 1, 1, 2, 1, 3, 0, 2, 2, 0, 0, 0, 1, 0, 0, 1, 3, 0, 2, 0, 2, 0, 1],1018.380591448250;123520.872471407670;350863.168840284340,false,0
27,1,2700,G3_TWC,[63, 30, 89, 27, 96, 75, 26, 76, 58, 1, 12, 18, 78, 16, 80, 84, 49, 11, 85, 15, 83, 47, 0, 14, 64, 25, 66, 65, 81, 44, 29, 82, 13, 4, 86, 7, 54, 52, 56, 21, 32, 48, 38, 74, 39, 33, 60, 71, 69, 31, 90, 3, 34, 99, 43, 67, 35, 53, 20, 10, 87, 22, 91, 41, 19, 79, 57, 61, 70, 88, 45, 37, 51, 94, 2, 59, 55, 28, 62, 36, 92, 23, 42, 9, 73, 8, 6, 40, 5, 98, 97, 17, 77, 95, 46, 72, 24, 93, 50, 68]|[2, 1, 1, 2, 1, 0, 1, 0, 2, 2, 2, 1, 0, 2, 2, 1, 1, 2, 1, 1, 2, 0, 1, 0, 2, 1, 1, 0, 1, 2, 2, 2, 2, 1, 1, 0, 1, 2, 1, 1, 2, 2, 2, 0, 2, 2, 0, 1, 0, 2, 0, 1, 1, 2, 0, 1, 1, 1, 2, 1, 1, 1, 1, 0, 2, 1, 0, 1, 0, 1, 1, 1, 1, 2, 1, 2, 1, 2, 2, 1, 1, 1, 2, 1, 1, 1, 0, 1, 0, 1, 2, 1, 2, 2, 2, 0, 1, 1, 1, 1]|[4, 1, 0, 3, 1, 2, 3, 2, 4, 2, 2, 0, 1, 1, 2, 2, 1, 4, 1, 2, 2, 2, 2, 1, 4, 1, 0, 0, 3, 2, 1, 0, 4, 0, 3, 2, 2, 0, 2, 1, 3, 4, 3, 1, 1, 4, 0, 1, 1, 1, 2, 2, 1, 1, 2, 0, 3, 2, 4, 2, 3, 1, 2, 2, 4, 3, 2, 1, 2, 3, 1, 2, 3, 1, 1, 0, 1, 3, 1, 1, 2, 2, 0, 1, 1, 2, 2, 3, 2, 2, 1, 1, 0, 0, 1, 0, 1, 1, 1, 2]|[0, 0, 2, 1, 1, 1, 2, 0, 0, 3, 3, 2, 0, 2, 2, 0, 0, 1, 0, 0, 3, 0, 1, 1, 1, 2, 0, 1, 0, 2, 1, 0, 1, 1, 0, 1, 2, 0, 2, 1, 3, 1, 2, 1, 2, 1, 0, 1, 0, 2, 1, 0, 0, 2, 1, 2, 0, 2, 0, 0, 0, 1, 0, 0, 0, 2, 1, 2, 0, 0, 0, 1, 1, 0, 1, 2, 0, 1, 2, 1, 2, 0, 3, 2, 2, 0, 0, 2, 0, 0, 2, 1, 1, 3, 1, 0, 0, 0, 0, 0],1111.261470957044;122043.563701034570;350438.734651410200,false,0
28,1,2800,G1_CMAX,[7, 50, 55, 49, 78, 95, 40, 9, 2, 98, 72, 26, 96, 16, 80, 84, 27, 11, 85, 15, 83, 47, 0, 14, 64, 73, 35, 76, 81, 44, 75, 82, 88, 4, 86, 68, 24, 52, 56, 92, 32, 94, 45, 42, 18, 34, 90, 87, 31, 30, 66, 3, 33, 99, 48, 25, 57, 17, 53, 65, 79, 67, 10, 41, 19, 63, 39, 38, 59, 5, 89, 60, 51, 54, 58, 28, 61, 37, 70, 13, 97, 62, 20, 12, 74, 29, 23, 1, 43, 77, 46, 91, 93, 6, 36, 8, 71, 69, 22, 21]|[0, 2, 0, 2, 1, 0, 1, 0, 2, 1, 1, 1, 1, 1, 0, 1, 1, 2, 1, 2, 2, 0, 0, 2, 2, 2, 2, 0, 1, 2, 0, 2, 0, 1, 0, 1, 1, 0, 2, 1, 0, 2, 1, 0, 0, 1, 1, 0, 0, 0, 0, 1, 2, 2, 1, 2, 2, 0, 1, 1, 0, 1, 0, 2, 1, 2, 0, 1, 0, 1, 1, 2, 2, 1, 2, 2, 1, 1, 1, 0, 2, 1, 0, 1, 0, 2, 0, 2, 2, 2, 2, 2, 1, 1, 2, 2, 1, 0, 1, 0]|[2, 4, 0, 4, 1, 0, 1, 2, 3, 2, 2, 3, 1, 2, 1, 0, 2, 4, 1, 3, 2, 2, 1, 1, 1, 2, 4, 2, 3, 2, 1, 0, 1, 0, 1, 2, 3, 2, 2, 0, 2, 0, 2, 1, 1, 1, 3, 0, 1, 2, 0, 2, 4, 2, 0, 3, 0, 1, 1, 1, 0, 0, 2, 3, 3, 4, 1, 2, 2, 1, 0, 2, 2, 2, 4, 3, 0, 2, 1, 2, 1, 0, 2, 3, 1, 1, 2, 2, 3, 0, 1, 1, 1, 3, 4, 2, 1, 1, 2, 2]|[1, 3, 0, 0, 1, 1, 1, 1, 2, 0, 2, 0, 1, 2, 0, 0, 2, 1, 0, 2, 3, 0, 1, 1, 0, 2, 3, 1, 0, 3, 0, 0, 0, 1, 0, 2, 0, 1, 2, 1, 0, 1, 0, 1, 0, 0, 1, 1, 0, 1, 0, 0, 1, 3, 1, 0, 2, 1, 0, 2, 0, 2, 0, 3, 0, 0, 1, 0, 1, 0, 2, 2, 0, 1, 0, 1, 0, 2, 1, 0, 1, 1, 1, 1, 1, 1, 0, 3, 3, 1, 1, 1, 0, 0, 2, 2, 1, 0, 0, 1],841.448800753755;129735.837945515280;366973.625585754630,false,0
28,1,2800,G4_BALANCED,[63, 30, 89, 27, 96, 75, 26, 76, 58, 1, 12, 18, 78, 16, 80, 84, 49, 11, 85, 15, 83, 47, 0, 14, 64, 25, 66, 65, 81, 44, 29, 82, 13, 4, 86, 7, 54, 52, 56, 21, 32, 48, 38, 74, 39, 33, 60, 71, 69, 31, 90, 3, 34, 99, 24, 67, 35, 53, 20, 10, 87, 22, 91, 41, 19, 79, 57, 61, 70, 88, 45, 37, 51, 94, 2, 59, 55, 28, 62, 36, 92, 23, 42, 9, 73, 8, 6, 50, 72, 77, 17, 98, 40, 95, 46, 68, 93, 97, 5, 43]|[2, 0, 1, 1, 1, 0, 1, 0, 2, 2, 2, 1, 0, 2, 2, 1, 1, 2, 1, 0, 2, 0, 1, 0, 2, 1, 1, 0, 1, 2, 2, 2, 2, 1, 0, 0, 1, 2, 2, 2, 2, 2, 2, 2, 2, 2, 0, 1, 0, 2, 0, 1, 1, 2, 1, 1, 1, 1, 2, 1, 2, 1, 1, 0, 2, 1, 0, 0, 0, 1, 2, 1, 2, 2, 1, 2, 2, 2, 1, 1, 1, 1, 2, 1, 1, 1, 0, 1, 0, 2, 1, 1, 1, 2, 1, 1, 1, 2, 0, 1]|[4, 1, 0, 1, 1, 0, 3, 2, 4, 2, 2, 0, 1, 1, 0, 2, 1, 4, 1, 2, 2, 2, 2, 0, 1, 1, 0, 0, 3, 2, 1, 0, 4, 0, 2, 2, 2, 0, 2, 0, 3, 2, 3, 2, 1, 4, 0, 2, 1, 1, 2, 2, 1, 1, 3, 0, 1, 2, 4, 0, 1, 1, 2, 2, 4, 3, 2, 0, 2, 3, 3, 2, 2, 4, 2, 0, 3, 3, 0, 3, 2, 1, 0, 2, 1, 2, 2, 1, 0, 0, 2, 2, 3, 0, 1, 2, 1, 1, 2, 1]|[0, 1, 2, 0, 1, 1, 2, 0, 0, 3, 3, 2, 0, 2, 0, 0, 0, 1, 0, 0, 3, 0, 1, 1, 0, 2, 0, 1, 0, 2, 1, 0, 1, 1, 0, 1, 0, 0, 2, 1, 3, 3, 2, 1, 2, 0, 0, 2, 0, 2, 1, 0, 0, 2, 0, 2, 0, 2, 0, 1, 2, 1, 0, 0, 0, 2, 1, 1, 0, 0, 1, 1, 0, 1, 2, 2, 2, 1, 1, 1, 2, 1, 3, 0, 2, 2, 0, 0, 0, 1, 0, 0, 1, 3, 0, 2, 0, 2, 0, 1],1018.380591448250;123520.872471407670;350863.168840284340,false,0
28,1,2800,G2_TEC,[63, 30, 89, 27, 96, 75, 26, 76, 58, 1, 12, 18, 78, 16, 80, 84, 49, 11, 85, 15, 83, 47, 0, 14, 64, 25, 66, 65, 81, 44, 29, 82, 13, 4, 86, 7, 54, 52, 56, 21, 32, 48, 38, 74, 39, 33, 60, 71, 69, 31, 90, 3, 34, 99, 24, 67, 35, 53, 20, 10, 87, 22, 91, 41, 19, 79, 57, 61, 70, 88, 45, 37, 51, 94, 2, 59, 55, 28, 62, 36, 92, 23, 42, 9, 73, 8, 6, 50, 72, 77, 17, 98, 40, 95, 46, 68, 93, 97, 5, 43]|[2, 0, 1, 1, 1, 0, 1, 0, 2, 2, 2, 1, 0, 2, 2, 1, 1, 2, 1, 0, 2, 0, 1, 0, 2, 1, 1, 0, 1, 2, 2, 2, 2, 1, 0, 0, 1, 2, 2, 2, 2, 2, 2, 2, 2, 2, 0, 1, 0, 2, 0, 1, 1, 2, 1, 1, 1, 1, 2, 1, 2, 1, 1, 0, 2, 1, 0, 0, 0, 1, 2, 1, 2, 2, 1, 2, 2, 2, 1, 1, 1, 1, 2, 1, 1, 1, 0, 1, 0, 2, 1, 1, 1, 2, 1, 1, 1, 2, 0, 1]|[4, 1, 0, 1, 1, 0, 3, 2, 4, 2, 2, 0, 1, 1, 0, 2, 1, 4, 1, 2, 2, 2, 2, 0, 1, 1, 0, 0, 3, 2, 1, 0, 4, 0, 2, 2, 2, 0, 2, 0, 3, 2, 3, 2, 1, 4, 0, 2, 1, 1, 2, 2, 1, 1, 3, 0, 1, 2, 4, 0, 1, 1, 2, 2, 4, 3, 2, 0, 2, 3, 3, 2, 2, 4, 2, 0, 3, 3, 0, 3, 2, 1, 0, 2, 1, 2, 2, 1, 0, 0, 2, 2, 3, 0, 1, 2, 1, 1, 2, 1]|[0, 1, 2, 0, 1, 1, 2, 0, 0, 3, 3, 2, 0, 2, 0, 0, 0, 1, 0, 0, 3, 0, 1, 1, 0, 2, 0, 1, 0, 2, 1, 0, 1, 1, 0, 1, 0, 0, 2, 1, 3, 3, 2, 1, 2, 0, 0, 2, 0, 2, 1, 0, 0, 2, 0, 2, 0, 2, 0, 1, 2, 1, 0, 0, 0, 2, 1, 1, 0, 0, 1, 1, 0, 1, 2, 2, 2, 1, 1, 1, 2, 1, 3, 0, 2, 2, 0, 0, 0, 1, 0, 0, 1, 3, 0, 2, 0, 2, 0, 1],1018.380591448250;123520.872471407670;350863.168840284340,false,0
28,1,2800,G3_TWC,[63, 30, 89, 27, 96, 75, 26, 76, 58, 1, 12, 18, 78, 16, 80, 84, 49, 11, 85, 15, 83, 47, 0, 14, 64, 25, 66, 65, 81, 44, 29, 82, 13, 4, 86, 7, 54, 52, 56, 21, 32, 48, 38, 74, 39, 33, 60, 71, 69, 31, 90, 3, 34, 99, 43, 67, 35, 53, 20, 10, 87, 22, 91, 41, 19, 79, 57, 61, 70, 88, 45, 37, 51, 94, 2, 59, 55, 28, 62, 36, 92, 23, 42, 9, 73, 8, 6, 40, 5, 98, 97, 17, 77, 95, 46, 72, 24, 93, 50, 68]|[2, 1, 1, 2, 1, 0, 1, 0, 2, 2, 2, 1, 0, 2, 2, 1, 1, 2, 1, 1, 2, 0, 1, 0, 2, 1, 1, 0, 1, 2, 2, 2, 2, 1, 1, 0, 1, 2, 1, 1, 2, 2, 2, 0, 2, 2, 0, 1, 0, 2, 0, 1, 1, 2, 0, 1, 1, 1, 2, 1, 1, 1, 1, 0, 2, 1, 0, 1, 0, 1, 1, 1, 1, 2, 1, 2, 1, 2, 2, 1, 1, 1, 2, 1, 1, 1, 0, 1, 0, 1, 2, 1, 2, 2, 2, 0, 1, 1, 1, 1]|[4, 1, 0, 3, 1, 2, 3, 2, 4, 2, 2, 0, 1, 1, 2, 2, 1, 4, 1, 2, 2, 2, 2, 1, 4, 1, 0, 0, 3, 2, 1, 0, 4, 0, 3, 2, 2, 0, 2, 1, 3, 4, 3, 1, 1, 4, 0, 1, 1, 1, 2, 2, 1, 1, 2, 0, 3, 2, 4, 2, 3, 1, 2, 2, 4, 3, 2, 1, 2, 3, 1, 2, 3, 1, 1, 0, 1, 3, 1, 1, 2, 2, 0, 1, 1, 2, 2, 3, 2, 2, 1, 1, 0, 0, 1, 0, 1, 1, 1, 2]|[0, 0, 2, 1, 1, 1, 2, 0, 0, 3, 3, 2, 0, 2, 2, 0, 0, 1, 0, 0, 3, 0, 1, 1, 1, 2, 0, 1, 0, 2, 1, 0, 1, 1, 0, 1, 2, 0, 2, 1, 3, 1, 2, 1, 2, 1, 0, 1, 0, 2, 1, 0, 0, 2, 1, 2, 0, 2, 0, 0, 0, 1, 0, 0, 0, 2, 1, 2, 0, 0, 0, 1, 1, 0, 1, 2, 0, 1, 2, 1, 2, 0, 3, 2, 2, 0, 0, 2, 0, 0, 2, 1, 1, 3, 1, 0, 0, 0, 0, 0],1111.261470957044;122043.563701034570;350438.734651410200,false,0
29,1,2900,G1_CMAX,[7, 50, 55, 49, 78, 95, 40, 9, 2, 98, 72, 26, 96, 16, 80, 84, 27, 11, 85, 15, 83, 47, 0, 14, 64, 73, 35, 76, 81, 44, 75, 82, 88, 4, 86, 68, 24, 52, 56, 92, 32, 94, 45, 42, 18, 34, 90, 87, 31, 30, 66, 3, 33, 99, 48, 25, 57, 17, 53, 65, 79, 67, 10, 41, 19, 63, 39, 38, 59, 5, 89, 60, 51, 54, 58, 28, 61, 37, 70, 13, 97, 62, 20, 12, 74, 29, 23, 1, 43, 77, 46, 91, 93, 6, 36, 8, 71, 69, 22, 21]|[0, 2, 0, 2, 1, 0, 1, 0, 2, 1, 1, 1, 1, 1, 0, 1, 1, 2, 1, 2, 2, 0, 0, 2, 2, 2, 2, 0, 1, 2, 0, 2, 0, 1, 0, 1, 1, 0, 2, 1, 0, 2, 1, 0, 0, 1, 1, 0, 0, 0, 0, 1, 2, 2, 1, 2, 2, 0, 1, 1, 0, 1, 0, 2, 1, 2, 0, 1, 0, 1, 1, 2, 2, 1, 2, 2, 1, 1, 1, 0, 2, 1, 0, 1, 0, 2, 0, 2, 2, 2, 2, 2, 1, 1, 2, 2, 1, 0, 1, 0]|[2, 4, 0, 4, 1, 0, 1, 2, 3, 2, 2, 3, 1, 2, 1, 0, 2, 4, 1, 3, 2, 2, 1, 1, 1, 2, 4, 2, 3, 2, 1, 0, 1, 0, 1, 2, 3, 2, 2, 0, 2, 0, 2, 1, 1, 1, 3, 0, 1, 2, 0, 2, 4, 2, 0, 3, 0, 1, 1, 1, 0, 0, 2, 3, 3, 4, 1, 2, 2, 1, 0, 2, 2, 2, 4, 3, 0, 2, 1, 2, 1, 0, 2, 3, 1, 1, 2, 2, 3, 0, 1, 1, 1, 3, 4, 2, 1, 1, 2, 2]|[1, 3, 0, 0, 1, 1, 1, 1, 2, 0, 2, 0, 1, 2, 0, 0, 2, 1, 0, 2, 3, 0, 1, 1, 0, 2, 3, 1, 0, 3, 0, 0, 0, 1, 0, 2, 0, 1, 2, 1, 0, 1, 0, 1, 0, 0, 1, 1, 0, 1, 0, 0, 1, 3, 1, 0, 2, 1, 0, 2, 0, 2, 0, 3, 0, 0, 1, 0, 1, 0, 2, 2, 0, 1, 0, 1, 0, 2, 1, 0, 1, 1, 1, 1, 1, 1, 0, 3, 3, 1, 1, 1, 0, 0, 2, 2, 1, 0, 0, 1],841.448800753755;129735.837945515280;366973.625585754630,false,0
29,1,2900,G4_BALANCED,[63, 30, 89, 27, 96, 75, 26, 76, 58, 1, 12, 18, 78, 16, 80, 84, 49, 11, 85, 15, 83, 47, 0, 14, 64, 25, 66, 65, 81, 44, 29, 82, 13, 4, 86, 7, 54, 52, 56, 21, 32, 48, 38, 74, 39, 33, 60, 71, 69, 31, 90, 3, 34, 99, 24, 67, 35, 53, 20, 10, 87, 22, 91, 41, 19, 79, 57, 61, 70, 88, 45, 37, 51, 94, 2, 59, 55, 28, 62, 36, 92, 23, 42, 9, 73, 8, 6, 50, 72, 77, 17, 98, 40, 95, 46, 68, 93, 97, 5, 43]|[2, 0, 1, 1, 1, 0, 1, 0, 2, 2, 2, 1, 0, 2, 2, 1, 1, 2, 1, 0, 2, 0, 1, 0, 2, 1, 1, 0, 1, 2, 2, 2, 2, 1, 0, 0, 1, 2, 2, 2, 2, 2, 2, 2, 2, 2, 0, 1, 0, 2, 0, 1, 1, 2, 1, 1, 1, 1, 2, 1, 2, 1, 1, 0, 2, 1, 0, 0, 0, 1, 2, 1, 2, 2, 1, 2, 2, 2, 1, 1, 1, 1, 2, 1, 1, 1, 0, 1, 0, 2, 1, 1, 1, 2, 1, 1, 1, 2, 0, 1]|[4, 1, 0, 1, 1, 0, 3, 2, 4, 2, 2, 0, 1, 1, 0, 2, 1, 4, 1, 2, 2, 2, 2, 0, 1, 1, 0, 0, 3, 2, 1, 0, 4, 0, 2, 2, 2, 0, 2, 0, 3, 2, 3, 2, 1, 4, 0, 2, 1, 1, 2, 2, 1, 1, 3, 0, 1, 2, 4, 0, 1, 1, 2, 2, 4, 3, 2, 0, 2, 3, 3, 2, 2, 4, 2, 0, 3, 3, 0, 3, 2, 1, 0, 2, 1, 2, 2, 1, 0, 0, 2, 2, 3, 0, 1, 2, 1, 1, 2, 1]|[0, 1, 2, 0, 1, 1, 2, 0, 0, 3, 3, 2, 0, 2, 0, 0, 0, 1, 0, 0, 3, 0, 1, 1, 0, 2, 0, 1, 0, 2, 1, 0, 1, 1, 0, 1, 0, 0, 2, 1, 3, 3, 2, 1, 2, 0, 0, 2, 0, 2, 1, 0, 0, 2, 0, 2, 0, 2, 0, 1, 2, 1, 0, 0, 0, 2, 1, 1, 0, 0, 1, 1, 0, 1, 2, 2, 2, 1, 1, 1, 2, 1, 3, 0, 2, 2, 0, 0, 0, 1, 0, 0, 1, 3, 0, 2, 0, 2, 0, 1],1018.380591448250;123520.872471407670;350863.168840284340,false,0
29,1,2900,G2_TEC,[63, 30, 89, 27, 96, 75, 26, 76, 58, 1, 12, 18, 78, 16, 80, 84, 49, 11, 85, 15, 83, 47, 0, 14, 64, 25, 66, 65, 81, 44, 29, 82, 13, 4, 86, 7, 54, 52, 56, 21, 32, 48, 38, 74, 39, 33, 60, 71, 69, 31, 90, 3, 34, 99, 24, 67, 35, 53, 20, 10, 87, 22, 91, 41, 19, 79, 57, 61, 70, 88, 45, 37, 51, 94, 2, 59, 55, 28, 62, 36, 92, 23, 42, 9, 73, 8, 6, 50, 72, 77, 17, 98, 40, 95, 46, 68, 93, 97, 5, 43]|[2, 0, 1, 1, 1, 0, 1, 0, 2, 2, 2, 1, 0, 2, 2, 1, 1, 2, 1, 0, 2, 0, 1, 0, 2, 1, 1, 0, 1, 2, 2, 2, 2, 1, 0, 0, 1, 2, 2, 2, 2, 2, 2, 2, 2, 2, 0, 1, 0, 2, 0, 1, 1, 2, 1, 1, 1, 1, 2, 1, 2, 1, 1, 0, 2, 1, 0, 0, 0, 1, 2, 1, 2, 2, 1, 2, 2, 2, 1, 1, 1, 1, 2, 1, 1, 1, 0, 1, 0, 2, 1, 1, 1, 2, 1, 1, 1, 2, 0, 1]|[4, 1, 0, 1, 1, 0, 3, 2, 4, 2, 2, 0, 1, 1, 0, 2, 1, 4, 1, 2, 2, 2, 2, 0, 1, 1, 0, 0, 3, 2, 1, 0, 4, 0, 2, 2, 2, 0, 2, 0, 3, 2, 3, 2, 1, 4, 0, 2, 1, 1, 2, 2, 1, 1, 3, 0, 1, 2, 4, 0, 1, 1, 2, 2, 4, 3, 2, 0, 2, 3, 3, 2, 2, 4, 2, 0, 3, 3, 0, 3, 2, 1, 0, 2, 1, 2, 2, 1, 0, 0, 2, 2, 3, 0, 1, 2, 1, 1, 2, 1]|[0, 1, 2, 0, 1, 1, 2, 0, 0, 3, 3, 2, 0, 2, 0, 0, 0, 1, 0, 0, 3, 0, 1, 1, 0, 2, 0, 1, 0, 2, 1, 0, 1, 1, 0, 1, 0, 0, 2, 1, 3, 3, 2, 1, 2, 0, 0, 2, 0, 2, 1, 0, 0, 2, 0, 2, 0, 2, 0, 1, 2, 1, 0, 0, 0, 2, 1, 1, 0, 0, 1, 1, 0, 1, 2, 2, 2, 1, 1, 1, 2, 1, 3, 0, 2, 2, 0, 0, 0, 1, 0, 0, 1, 3, 0, 2, 0, 2, 0, 1],1018.380591448250;123520.872471407670;350863.168840284340,false,0
29,1,2900,G3_TWC,[63, 30, 89, 27, 96, 75, 26, 76, 58, 1, 12, 18, 78, 16, 80, 84, 49, 11, 85, 15, 83, 47, 0, 14, 64, 25, 66, 65, 81, 44, 29, 82, 13, 4, 86, 7, 54, 52, 56, 21, 32, 48, 38, 74, 39, 33, 60, 71, 69, 31, 90, 3, 34, 99, 43, 67, 35, 53, 20, 10, 87, 22, 91, 41, 19, 79, 57, 61, 70, 88, 45, 37, 51, 94, 2, 59, 55, 28, 62, 36, 92, 23, 42, 9, 73, 8, 6, 40, 5, 98, 97, 17, 77, 95, 46, 72, 24, 93, 50, 68]|[2, 1, 1, 2, 1, 0, 1, 0, 2, 2, 2, 1, 0, 2, 2, 1, 1, 2, 1, 1, 2, 0, 1, 0, 2, 1, 1, 0, 1, 2, 2, 2, 2, 1, 1, 0, 1, 2, 1, 1, 2, 2, 2, 0, 2, 2, 0, 1, 0, 2, 0, 1, 1, 2, 0, 1, 1, 1, 2, 1, 1, 1, 1, 0, 2, 1, 0, 1, 0, 1, 1, 1, 1, 2, 1, 2, 1, 2, 2, 1, 1, 1, 2, 1, 1, 1, 0, 1, 0, 1, 2, 1, 2, 2, 2, 0, 1, 1, 1, 1]|[4, 1, 0, 3, 1, 2, 3, 2, 4, 2, 2, 0, 1, 1, 2, 2, 1, 4, 1, 2, 2, 2, 2, 1, 4, 1, 0, 0, 3, 2, 1, 0, 4, 0, 3, 2, 2, 0, 2, 1, 3, 4, 3, 1, 1, 4, 0, 1, 1, 1, 2, 2, 1, 1, 2, 0, 3, 2, 4, 2, 3, 1, 2, 2, 4, 3, 2, 1, 2, 3, 1, 2, 3, 1, 1, 0, 1, 3, 1, 1, 2, 2, 0, 1, 1, 2, 2, 3, 2, 2, 1, 1, 0, 0, 1, 0, 1, 1, 1, 2]|[0, 0, 2, 1, 1, 1, 2, 0, 0, 3, 3, 2, 0, 2, 2, 0, 0, 1, 0, 0, 3, 0, 1, 1, 1, 2, 0, 1, 0, 2, 1, 0, 1, 1, 0, 1, 2, 0, 2, 1, 3, 1, 2, 1, 2, 1, 0, 1, 0, 2, 1, 0, 0, 2, 1, 2, 0, 2, 0, 0, 0, 1, 0, 0, 0, 2, 1, 2, 0, 0, 0, 1, 1, 0, 1, 2, 0, 1, 2, 1, 2, 0, 3, 2, 2, 0, 0, 2, 0, 0, 2, 1, 1, 3, 1, 0, 0, 0, 0, 0],1111.261470957044;122043.563701034570;350438.734651410200,false,0
30,1,3000,G1_CMAX,[7, 50, 55, 49, 78, 95, 40, 9, 2, 98, 72, 26, 96, 16, 80, 84, 27, 11, 85, 15, 83, 47, 0, 14, 64, 73, 35, 76, 81, 44, 75, 82, 88, 4, 86, 68, 24, 52, 56, 92, 32, 94, 45, 42, 18, 34, 90, 87, 31, 30, 66, 3, 33, 99, 48, 25, 57, 17, 53, 65, 79, 67, 10, 41, 19, 63, 39, 38, 59, 5, 89, 60, 51, 54, 58, 28, 61, 37, 70, 13, 97, 62, 20, 12, 74, 29, 23, 1, 43, 77, 46, 91, 93, 6, 36, 8, 71, 69, 22, 21]|[0, 2, 0, 2, 1, 0, 1, 0, 2, 1, 1, 1, 1, 1, 0, 1, 1, 2, 1, 2, 2, 0, 0, 2, 2, 2, 2, 0, 1, 2, 0, 2, 0, 1, 0, 1, 1, 0, 2, 1, 0, 2, 1, 0, 0, 1, 1, 0, 0, 0, 0, 1, 2, 2, 1, 2, 2, 0, 1, 1, 0, 1, 0, 2, 1, 2, 0, 1, 0, 1, 1, 2, 2, 1, 2, 2, 1, 1, 1, 0, 2, 1, 0, 1, 0, 2, 0, 2, 2, 2, 2, 2, 1, 1, 2, 2, 1, 0, 1, 0]|[2, 4, 0, 4, 1, 0, 1, 2, 3, 2, 2, 3, 1, 2, 1, 0, 2, 4, 1, 3, 2, 2, 1, 1, 1, 2, 4, 2, 3, 2, 1, 0, 1, 0, 1, 2, 3, 2, 2, 0, 2, 0, 2, 1, 1, 1, 3, 0, 1, 2, 0, 2, 4, 2, 0, 3, 0, 1, 1, 1, 0, 0, 2, 3, 3, 4, 1, 2, 2, 1, 0, 2, 2, 2, 4, 3, 0, 2, 1, 2, 1, 0, 2, 3, 1, 1, 2, 2, 3, 0, 1, 1, 1, 3, 4, 2, 1, 1, 2, 2]|[1, 3, 0, 0, 1, 1, 1, 1, 2, 0, 2, 0, 1, 2, 0, 0, 2, 1, 0, 2, 3, 0, 1, 1, 0, 2, 3, 1, 0, 3, 0, 0, 0, 1, 0, 2, 0, 1, 2, 1, 0, 1, 0, 1, 0, 0, 1, 1, 0, 1, 0, 0, 1, 3, 1, 0, 2, 1, 0, 2, 0, 2, 0, 3, 0, 0, 1, 0, 1, 0, 2, 2, 0, 1, 0, 1, 0, 2, 1, 0, 1, 1, 1, 1, 1, 1, 0, 3, 3, 1, 1, 1, 0, 0, 2, 2, 1, 0, 0, 1],841.448800753755;129735.837945515280;366973.625585754630,false,0
30,1,3000,G4_BALANCED,[63, 30, 89, 27, 96, 75, 26, 76, 58, 1, 12, 18, 78, 16, 80, 84, 49, 11, 85, 15, 83, 47, 0, 14, 64, 25, 66, 65, 81, 44, 29, 82, 13, 4, 86, 7, 54, 52, 56, 21, 32, 48, 38, 74, 39, 33, 60, 71, 69, 31, 90, 3, 34, 99, 43, 67, 35, 53, 20, 10, 87, 22, 91, 41, 19, 79, 57, 61, 70, 88, 45, 37, 51, 94, 2, 59, 55, 28, 62, 36, 92, 23, 42, 9, 73, 8, 6, 40, 5, 98, 97, 77, 93, 68, 46, 24, 72, 17, 95, 50]|[2, 1, 1, 2, 1, 0, 0, 0, 2, 2, 2, 1, 0, 2, 2, 1, 1, 2, 1, 1, 2, 0, 1, 0, 2, 1, 1, 0, 1, 2, 2, 2, 2, 1, 0, 0, 1, 2, 1, 1, 2, 2, 2, 0, 2, 2, 0, 1, 1, 2, 0, 1, 1, 2, 0, 1, 1, 1, 2, 1, 2, 1, 1, 0, 2, 1, 0, 1, 0, 1, 0, 1, 1, 2, 1, 2, 1, 2, 2, 1, 1, 1, 2, 1, 2, 0, 1, 1, 0, 1, 2, 2, 1, 1, 2, 1, 0, 1, 2, 1]|[4, 1, 0, 3, 1, 2, 1, 2, 4, 2, 2, 0, 1, 1, 2, 2, 1, 4, 1, 2, 2, 2, 2, 0, 1, 1, 0, 0, 3, 2, 1, 0, 4, 0, 2, 2, 2, 0, 2, 1, 3, 4, 3, 1, 1, 4, 0, 1, 1, 1, 2, 2, 1, 1, 2, 0, 3, 2, 4, 2, 1, 1, 2, 2, 4, 3, 2, 1, 2, 3, 1, 2, 2, 1, 1, 0, 1, 3, 1, 3, 2, 2, 0, 1, 1, 0, 1, 3, 2, 2, 1, 0, 1, 3, 1, 3, 0, 1, 0, 1]|[0, 0, 2, 1, 1, 1, 1, 0, 0, 3, 3, 2, 0, 2, 2, 0, 0, 1, 0, 0, 3, 0, 1, 1, 0, 2, 0, 1, 0, 2, 1, 0, 1, 1, 0, 1, 0, 0, 2, 1, 3, 1, 2, 1, 2, 1, 0, 1, 1, 2, 1, 0, 0, 2, 1, 2, 0, 2, 0, 0, 2, 1, 0, 0, 0, 2, 1, 2, 0, 0, 1, 1, 0, 0, 1, 2, 0, 1, 2, 1, 2, 0, 3, 2, 0, 1, 0, 2, 0, 0, 2, 1, 0, 1, 1, 0, 0, 1, 3, 0],1002.117340352383;122660.692999953200;345495.298403947730,false,0
30,1,3000,G2_TEC,[63, 30, 89, 27, 96, 75, 26, 76, 58, 1, 12, 18, 78, 16, 80, 84, 49, 11, 85, 15, 83, 47, 0, 14, 64, 25, 66, 65, 81, 44, 29, 82, 13, 4, 86, 7, 54, 52, 56, 21, 32, 48, 38, 74, 39, 33, 60, 71, 69, 31, 90, 3, 34, 99, 43, 67, 35, 53, 20, 10, 87, 22, 91, 41, 19, 79, 57, 61, 70, 88, 45, 37, 51, 94, 2, 59, 55, 28, 62, 36, 92, 23, 42, 9, 73, 8, 6, 40, 5, 98, 97, 77, 93, 68, 46, 24, 72, 17, 95, 50]|[2, 1, 1, 2, 1, 0, 0, 0, 2, 2, 2, 1, 0, 2, 2, 1, 1, 2, 1, 1, 2, 0, 1, 0, 2, 1, 1, 0, 1, 2, 2, 2, 2, 1, 0, 0, 1, 2, 1, 1, 2, 2, 2, 0, 2, 2, 0, 1, 1, 2, 0, 1, 1, 2, 0, 1, 1, 1, 2, 1, 2, 1, 1, 0, 2, 1, 0, 1, 0, 1, 0, 1, 1, 2, 1, 2, 1, 2, 2, 1, 1, 1, 2, 1, 2, 0, 1, 1, 0, 1, 2, 2, 1, 1, 2, 1, 0, 1, 2, 1]|[4, 1, 0, 3, 1, 2, 1, 2, 4, 2, 2, 0, 1, 1, 2, 2, 1, 4, 1, 2, 2, 2, 2, 0, 1, 1, 0, 0, 3, 2, 1, 0, 4, 0, 2, 2, 2, 0, 2, 1, 3, 4, 3, 1, 1, 4, 0, 1, 1, 1, 2, 2, 1, 1, 2, 0, 3, 2, 4, 2, 1, 1, 2, 2, 4, 3, 2, 1, 2, 3, 1, 2, 2, 1, 1, 0, 1, 3, 1, 3, 2, 2, 0, 1, 1, 0, 1, 3, 2, 2, 1, 0, 1, 3, 1, 3, 0, 1, 0, 1]|[0, 0, 2, 1, 1, 1, 1, 0, 0, 3, 3, 2, 0, 2, 2, 0, 0, 1, 0, 0, 3, 0, 1, 1, 0, 2, 0, 1, 0, 2, 1, 0, 1, 1, 0, 1, 0, 0, 2, 1, 3, 1, 2, 1, 2, 1, 0, 1, 1, 2, 1, 0, 0, 2, 1, 2, 0, 2, 0, 0, 2, 1, 0, 0, 0, 2, 1, 2, 0, 0, 1, 1, 0, 0, 1, 2, 0, 1, 2, 1, 2, 0, 3, 2, 0, 1, 0, 2, 0, 0, 2, 1, 0, 1, 1, 0, 0, 1, 3, 0],1002.117340352383;122660.692999953200;345495.298403947730,false,0
30,1,3000,G3_TWC,[63, 30, 89, 27, 96, 75, 26, 76, 58, 1, 12, 18, 78, 16, 80, 84, 49, 11, 85, 15, 83, 47, 0, 14, 64, 25, 66, 65, 81, 44, 29, 82, 13, 4, 86, 7, 54, 52, 56, 21, 32, 48, 38, 74, 39, 33, 60, 71, 69, 31, 90, 3, 34, 99, 43, 67, 35, 53, 20, 10, 87, 22, 91, 41, 19, 79, 57, 61, 70, 88, 45, 37, 51, 94, 2, 59, 55, 28, 62, 36, 92, 23, 42, 9, 73, 8, 6, 40, 5, 98, 97, 17, 77, 95, 46, 72, 24, 93, 50, 68]|[2, 1, 1, 2, 1, 0, 1, 0, 2, 2, 2, 1, 0, 2, 2, 1, 1, 2, 1, 1, 2, 0, 1, 0, 2, 1, 1, 0, 1, 2, 2, 2, 2, 1, 1, 0, 1, 2, 1, 1, 2, 2, 2, 0, 2, 2, 0, 1, 0, 2, 0, 1, 1, 2, 0, 1, 1, 1, 2, 1, 1, 1, 1, 0, 2, 1, 0, 1, 0, 1, 1, 1, 1, 2, 1, 2, 1, 2, 2, 1, 1, 1, 2, 1, 1, 1, 0, 1, 0, 1, 2, 1, 2, 2, 2, 0, 1, 1, 1, 1]|[4, 1, 0, 3, 1, 2, 3, 2, 4, 2, 2, 0, 1, 1, 2, 2, 1, 4, 1, 2, 2, 2, 2, 1, 4, 1, 0, 0, 3, 2, 1, 0, 4, 0, 3, 2, 2, 0, 2, 1, 3, 4, 3, 1, 1, 4, 0, 1, 1, 1, 2, 2, 1, 1, 2, 0, 3, 2, 4, 2, 3, 1, 2, 2, 4, 3, 2, 1, 2, 3, 1, 2, 3, 1, 1, 0, 1, 3, 1, 1, 2, 2, 0, 1, 1, 2, 2, 3, 2, 2, 1, 1, 0, 0, 1, 0, 1, 1, 1, 2]|[0, 0, 2, 1, 1, 1, 2, 0, 0, 3, 3, 2, 0, 2, 2, 0, 0, 1, 0, 0, 3, 0, 1, 1, 1, 2, 0, 1, 0, 2, 1, 0, 1, 1, 0, 1, 2, 0, 2, 1, 3, 1, 2, 1, 2, 1, 0, 1, 0, 2, 1, 0, 0, 2, 1, 2, 0, 2, 0, 0, 0, 1, 0, 0, 0, 2, 1, 2, 0, 0, 0, 1, 1, 0, 1, 2, 0, 1, 2, 1, 2, 0, 3, 2, 2, 0, 0, 2, 0, 0, 2, 1, 1, 3, 1, 0, 0, 0, 0, 0],1111.261470957044;122043.563701034570;350438.734651410200,false,0
31,1,3100,G1_CMAX,[63, 30, 89, 27, 96, 75, 26, 76, 58, 1, 12, 18, 78, 16, 80, 84, 49, 11, 85, 15, 83, 47, 0, 14, 64, 25, 66, 65, 81, 44, 29, 82, 13, 4, 86, 7, 54, 52, 56, 21, 32, 48, 38, 74, 39, 33, 60, 71, 69, 31, 90, 3, 34, 99, 43, 67, 35, 53, 20, 10, 87, 22, 91, 41, 19, 79, 57, 61, 70, 88, 45, 37, 51, 94, 2, 59, 55, 28, 62, 36, 92, 23, 42, 9, 73, 8, 6, 40, 5, 98, 95, 68, 77, 50, 46, 72, 24, 93, 97, 17]|[2, 0, 1, 2, 1, 0, 1, 0, 2, 2, 2, 1, 0, 2, 2, 1, 1, 2, 1, 0, 2, 0, 1, 0, 2, 1, 1, 0, 1, 2, 2, 2, 2, 0, 0, 0, 1, 2, 1, 2, 2, 2, 2, 0, 1, 2, 0, 1, 1, 2, 0, 1, 1, 2, 0, 1, 1, 1, 2, 1, 2, 1, 1, 0, 2, 1, 1, 0, 1, 1, 0, 0, 1, 2, 1, 2, 0, 1, 2, 1, 1, 1, 2, 1, 1, 0, 0, 1, 0, 1, 2, 1, 2, 0, 1, 2, 1, 0, 0, 1]|[4, 2, 0, 3, 1, 2, 3, 2, 4, 2, 4, 0, 1, 1, 0, 2, 1, 4, 1, 2, 2, 2, 2, 0, 4, 1, 0, 0, 3, 2, 1, 0, 4, 0, 2, 2, 2, 0, 2, 0, 3, 2, 3, 1, 3, 4, 0, 1, 1, 1, 0, 2, 1, 1, 2, 0, 1, 2, 4, 2, 1, 1, 2, 2, 4, 3, 2, 0, 0, 3, 1, 0, 2, 4, 1, 0, 0, 2, 1, 3, 2, 1, 0, 1, 1, 0, 2, 3, 2, 2, 0, 3, 0, 1, 1, 3, 3, 1, 1, 1]|[0, 1, 2, 1, 1, 1, 2, 0, 0, 3, 1, 2, 0, 2, 0, 0, 0, 1, 0, 0, 3, 0, 1, 1, 1, 2, 0, 1, 0, 2, 1, 0, 1, 1, 0, 1, 0, 0, 2, 1, 3, 3, 2, 1, 2, 1, 0, 1, 1, 2, 0, 0, 0, 2, 1, 2, 0, 2, 0, 0, 2, 1, 0, 0, 0, 2, 2, 1, 1, 0, 1, 1, 0, 1, 1, 2, 0, 0, 2, 1, 0, 1, 3, 2, 2, 1, 0, 1, 0, 0, 3, 1, 1, 1, 0, 1, 0, 1, 1, 1],950.922165555013;125879.394680177390;341030.623482381600,false,0
31,1,3100,G4_BALANCED,[63, 30, 89, 27, 96, 75, 26, 76, 58, 1, 12, 18, 78, 16, 80, 84, 49, 11, 85, 15, 83, 47, 0, 14, 64, 25, 66, 65, 81, 44, 29, 82, 13, 4, 86, 7, 54, 52, 56, 21, 32, 48, 38, 74, 39, 33, 60, 71, 69, 31, 90, 3, 34, 99, 43, 67, 35, 53, 20, 10, 87, 22, 91, 41, 19, 79, 57, 61, 70, 88, 45, 37, 51, 94, 2, 59, 55, 28, 62, 36, 92, 23, 42, 9, 73, 8, 6, 40, 5, 98, 97, 77, 93, 68, 46, 24, 72, 17, 95, 50]|[2, 1, 1, 2, 1, 0, 0, 0, 2, 2, 2, 1, 0, 2, 2, 1, 1, 2, 1, 1, 2, 0, 1, 0, 2, 1, 1, 0, 1, 2, 2, 2, 2, 1, 0, 0, 1, 2, 1, 1, 2, 2, 2, 0, 2, 2, 0, 1, 1, 2, 0, 1, 1, 2, 0, 1, 1, 1, 2, 1, 2, 1, 1, 0, 2, 1, 0, 1, 0, 1, 0, 1, 1, 2, 1, 2, 1, 2, 2, 1, 1, 1, 2, 1, 2, 0, 1, 1, 0, 1, 2, 2, 1, 1, 2, 1, 0, 1, 2, 1]|[4, 1, 0, 3, 1, 2, 1, 2, 4, 2, 2, 0, 1, 1, 2, 2, 1, 4, 1, 2, 2, 2, 2, 0, 1, 1, 0, 0, 3, 2, 1, 0, 4, 0, 2, 2, 2, 0, 2, 1, 3, 4, 3, 1, 1, 4, 0, 1, 1, 1, 2, 2, 1, 1, 2, 0, 3, 2, 4, 2, 1, 1, 2, 2, 4, 3, 2, 1, 2, 3, 1, 2, 2, 1, 1, 0, 1, 3, 1, 3, 2, 2, 0, 1, 1, 0, 1, 3, 2, 2, 1, 0, 1, 3, 1, 3, 0, 1, 0, 1]|[0, 0, 2, 1, 1, 1, 1, 0, 0, 3, 3, 2, 0, 2, 2, 0, 0, 1, 0, 0, 3, 0, 1, 1, 0, 2, 0, 1, 0, 2, 1, 0, 1, 1, 0, 1, 0, 0, 2, 1, 3, 1, 2, 1, 2, 1, 0, 1, 1, 2, 1, 0, 0, 2, 1, 2, 0, 2, 0, 0, 2, 1, 0, 0, 0, 2, 1, 2, 0, 0, 1, 1, 0, 0, 1, 2, 0, 1, 2, 1, 2, 0, 3, 2, 0, 1, 0, 2, 0, 0, 2, 1, 0, 1, 1, 0, 0, 1, 3, 0],1002.117340352383;122660.692999953200;345495.298403947730,false,0
31,1,3100,G2_TEC,[63, 30, 89, 27, 96, 75, 26, 76, 58, 1, 12, 18, 78, 16, 80, 84, 49, 11, 85, 15, 83, 47, 0, 14, 64, 25, 66, 65, 81, 44, 29, 82, 13, 4, 86, 7, 54, 52, 56, 21, 32, 48, 38, 74, 39, 33, 60, 71, 69, 31, 90, 3, 34, 99, 43, 67, 35, 53, 20, 10, 87, 22, 91, 41, 19, 79, 57, 61, 70, 88, 45, 37, 51, 94, 2, 59, 55, 28, 62, 36, 92, 23, 42, 9, 73, 8, 6, 40, 5, 98, 97, 77, 93, 68, 46, 24, 72, 17, 95, 50]|[2, 1, 1, 2, 1, 0, 0, 0, 2, 2, 2, 1, 0, 2, 2, 1, 1, 2, 1, 1, 2, 0, 1, 0, 2, 1, 1, 0, 1, 2, 2, 2, 2, 1, 0, 0, 1, 2, 1, 1, 2, 2, 2, 0, 2, 2, 0, 1, 1, 2, 0, 1, 1, 2, 0, 1, 1, 1, 2, 1, 2, 1, 1, 0, 2, 1, 0, 1, 0, 1, 0, 1, 1, 2, 1, 2, 1, 2, 2, 1, 1, 1, 2, 1, 2, 0, 1, 1, 0, 1, 2, 2, 1, 1, 2, 1, 0, 1, 2, 1]|[4, 1, 0, 3, 1, 2, 1, 2, 4, 2, 2, 0, 1, 1, 2, 2, 1, 4, 1, 2, 2, 2, 2, 0, 1, 1, 0, 0, 3, 2, 1, 0, 4, 0, 2, 2, 2, 0, 2, 1, 3, 4, 3, 1, 1, 4, 0, 1, 1, 1, 2, 2, 1, 1, 2, 0, 3, 2, 4, 2, 1, 1, 2, 2, 4, 3, 2, 1, 2, 3, 1, 2, 2, 1, 1, 0, 1, 3, 1, 3, 2, 2, 0, 1, 1, 0, 1, 3, 2, 2, 1, 0, 1, 3, 1, 3, 0, 1, 0, 1]|[0, 0, 2, 1, 1, 1, 1, 0, 0, 3, 3, 2, 0, 2, 2, 0, 0, 1, 0, 0, 3, 0, 1, 1, 0, 2, 0, 1, 0, 2, 1, 0, 1, 1, 0, 1, 0, 0, 2, 1, 3, 1, 2, 1, 2, 1, 0, 1, 1, 2, 1, 0, 0, 2, 1, 2, 0, 2, 0, 0, 2, 1, 0, 0, 0, 2, 1, 2, 0, 0, 1, 1, 0, 0, 1, 2, 0, 1, 2, 1, 2, 0, 3, 2, 0, 1, 0, 2, 0, 0, 2, 1, 0, 1, 1, 0, 0, 1, 3, 0],1002.117340352383;122660.692999953200;345495.298403947730,false,0
31,1,3100,G3_TWC,[63, 30, 89, 27, 96, 75, 26, 76, 58, 1, 12, 18, 78, 16, 80, 84, 49, 11, 85, 15, 83, 47, 0, 14, 64, 25, 66, 65, 81, 44, 29, 82, 13, 4, 86, 7, 54, 52, 56, 21, 32, 48, 38, 74, 39, 33, 60, 71, 69, 31, 90, 3, 34, 99, 43, 67, 35, 53, 20, 10, 87, 22, 91, 41, 19, 79, 57, 61, 70, 88, 45, 37, 51, 94, 2, 59, 55, 28, 62, 36, 92, 23, 42, 9, 73, 8, 6, 40, 5, 98, 97, 17, 77, 95, 46, 72, 24, 93, 50, 68]|[2, 1, 1, 2, 1, 0, 1, 0, 2, 2, 2, 1, 0, 2, 2, 1, 1, 2, 1, 1, 2, 0, 1, 0, 2, 1, 1, 0, 1, 2, 2, 2, 2, 1, 1, 0, 1, 2, 1, 1, 2, 2, 2, 0, 2, 2, 0, 1, 0, 2, 0, 1, 1, 2, 0, 1, 1, 1, 2, 1, 1, 1, 1, 0, 2, 1, 0, 1, 0, 1, 1, 1, 1, 2, 1, 2, 1, 2, 2, 1, 1, 1, 2, 1, 1, 1, 0, 1, 0, 1, 2, 1, 2, 2, 2, 0, 1, 1, 1, 1]|[4, 1, 0, 3, 1, 2, 3, 2, 4, 2, 2, 0, 1, 1, 2, 2, 1, 4, 1, 2, 2, 2, 2, 1, 4, 1, 0, 0, 3, 2, 1, 0, 4, 0, 3, 2, 2, 0, 2, 1, 3, 4, 3, 1, 1, 4, 0, 1, 1, 1, 2, 2, 1, 1, 2, 0, 3, 2, 4, 2, 3, 1, 2, 2, 4, 3, 2, 1, 2, 3, 1, 2, 3, 1, 1, 0, 1, 3, 1, 1, 2, 2, 0, 1, 1, 2, 2, 3, 2, 2, 1, 1, 0, 0, 1, 0, 1, 1, 1, 2]|[0, 0, 2, 1, 1, 1, 2, 0, 0, 3, 3, 2, 0, 2, 2, 0, 0, 1, 0, 0, 3, 0, 1, 1, 1, 2, 0, 1, 0, 2, 1, 0, 1, 1, 0, 1, 2, 0, 2, 1, 3, 1, 2, 1, 2, 1, 0, 1, 0, 2, 1, 0, 0, 2, 1, 2, 0, 2, 0, 0, 0, 1, 0, 0, 0, 2, 1, 2, 0, 0, 0, 1, 1, 0, 1, 2, 0, 1, 2, 1, 2, 0, 3, 2, 2, 0, 0, 2, 0, 0, 2, 1, 1, 3, 1, 0, 0, 0, 0, 0],1111.261470957044;122043.563701034570;350438.734651410200,false,0
32,1,3200,G1_CMAX,[63, 30, 89, 27, 96, 75, 26, 76, 58, 1, 12, 18, 78, 16, 80, 84, 49, 11, 85, 15, 83, 47, 0, 14, 64, 25, 66, 65, 81, 44, 29, 82, 13, 4, 86, 7, 54, 52, 56, 21, 32, 48, 38, 74, 39, 33, 60, 71, 69, 31, 90, 43, 37, 99, 24, 67, 53, 35, 20, 10, 87, 22, 91, 41, 19, 79, 57, 61, 70, 88, 45, 34, 51, 94, 2, 59, 55, 28, 62, 36, 92, 23, 42, 95, 8, 9, 5, 73, 72, 3, 98, 17, 77, 40, 6, 46, 97, 93, 50, 68]|[2, 0, 1, 1, 2, 0, 1, 0, 2, 2, 2, 1, 0, 2, 2, 1, 1, 2, 1, 0, 2, 0, 1, 0, 0, 1, 2, 1, 1, 2, 2, 2, 2, 1, 0, 0, 1, 2, 1, 2, 2, 1, 2, 2, 0, 2, 0, 1, 1, 2, 0, 1, 1, 2, 1, 1, 2, 1, 0, 1, 1, 0, 1, 0, 2, 1, 0, 0, 0, 0, 2, 1, 0, 2, 1, 0, 1, 0, 1, 1, 1, 1, 2, 2, 1, 2, 2, 2, 0, 1, 0, 0, 2, 1, 0, 2, 2, 2, 1, 1]|[4, 1, 3, 1, 1, 0, 3, 2, 4, 4, 1, 0, 1, 1, 4, 2, 1, 1, 1, 2, 2, 2, 2, 0, 2, 1, 4, 1, 3, 2, 4, 0, 4, 0, 2, 2, 2, 0, 2, 0, 3, 0, 3, 2, 1, 4, 0, 1, 1, 1, 2, 2, 1, 1, 3, 0, 1, 2, 0, 1, 1, 2, 2, 2, 4, 3, 2, 0, 2, 1, 3, 1, 0, 4, 2, 2, 0, 2, 0, 3, 2, 1, 0, 0, 2, 0, 1, 2, 0, 2, 1, 1, 0, 3, 2, 1, 1, 4, 1, 2]|[0, 1, 1, 0, 2, 1, 2, 0, 0, 1, 3, 2, 0, 2, 2, 0, 0, 2, 0, 0, 3, 0, 1, 1, 0, 2, 3, 0, 0, 2, 1, 0, 1, 1, 0, 1, 0, 0, 2, 1, 3, 1, 2, 1, 1, 0, 0, 1, 1, 2, 1, 0, 1, 2, 0, 2, 2, 2, 0, 0, 1, 0, 0, 0, 0, 2, 1, 1, 0, 0, 1, 0, 0, 1, 2, 1, 2, 0, 1, 1, 2, 1, 3, 3, 2, 0, 2, 2, 0, 0, 1, 1, 1, 1, 0, 1, 2, 1, 0, 0],907.356893454725;127593.356455324010;352455.575113253550,false,0
32,1,3200,G4_BALANCED,[63, 30, 89, 27, 96, 75, 26, 76, 58, 1, 12, 18, 78, 16, 80, 84, 49, 11, 85, 15, 83, 47, 0, 14, 64, 25, 66, 65, 81, 44, 29, 82, 13, 4, 86, 7, 54, 52, 56, 21, 32, 48, 38, 74, 39, 33, 60, 71, 69, 31, 90, 3, 34, 99, 43, 67, 35, 53, 20, 10, 87, 22, 91, 41, 19, 79, 57, 61, 70, 88, 45, 37, 51, 94, 2, 59, 55, 28, 62, 36, 92, 23, 42, 9, 73, 8, 6, 40, 5, 98, 97, 77, 93, 68, 46, 24, 72, 17, 95, 50]|[2, 1, 1, 2, 1, 0, 0, 0, 2, 2, 2, 1, 0, 2, 2, 1, 1, 2, 1, 1, 2, 0, 1, 0, 2, 1, 1, 0, 1, 2, 2, 2, 2, 1, 0, 0, 1, 2, 1, 1, 2, 2, 2, 0, 2, 2, 0, 1, 1, 2, 0, 1, 1, 2, 0, 1, 1, 1, 2, 1, 2, 1, 1, 0, 2, 1, 0, 1, 0, 1, 0, 1, 1, 2, 1, 2, 1, 2, 2, 1, 1, 1, 2, 1, 2, 0, 1, 1, 0, 1, 2, 2, 1, 1, 2, 1, 0, 1, 2, 1]|[4, 1, 0, 3, 1, 2, 1, 2, 4, 2, 2, 0, 1, 1, 2, 2, 1, 4, 1, 2, 2, 2, 2, 0, 1, 1, 0, 0, 3, 2, 1, 0, 4, 0, 2, 2, 2, 0, 2, 1, 3, 4, 3, 1, 1, 4, 0, 1, 1, 1, 2, 2, 1, 1, 2, 0, 3, 2, 4, 2, 1, 1, 2, 2, 4, 3, 2, 1, 2, 3, 1, 2, 2, 1, 1, 0, 1, 3, 1, 3, 2, 2, 0, 1, 1, 0, 1, 3, 2, 2, 1, 0, 1, 3, 1, 3, 0, 1, 0, 1]|[0, 0, 2, 1, 1, 1, 1, 0, 0, 3, 3, 2, 0, 2, 2, 0, 0, 1, 0, 0, 3, 0, 1, 1, 0, 2, 0, 1, 0, 2, 1, 0, 1, 1, 0, 1, 0, 0, 2, 1, 3, 1, 2, 1, 2, 1, 0, 1, 1, 2, 1, 0, 0, 2, 1, 2, 0, 2, 0, 0, 2, 1, 0, 0, 0, 2, 1, 2, 0, 0, 1, 1, 0, 0, 1, 2, 0, 1, 2, 1, 2, 0, 3, 2, 0, 1, 0, 2, 0, 0, 2, 1, 0, 1, 1, 0, 0, 1, 3, 0],1002.117340352383;122660.692999953200;345495.298403947730,false,0
32,1,3200,G2_TEC,[63, 30, 89, 27, 96, 75, 26, 76, 58, 1, 12, 18, 78, 16, 80, 84, 49, 11, 85, 15, 83, 47, 0, 14, 64, 25, 66, 65, 81, 44, 29, 82, 13, 4, 86, 7, 54, 52, 56, 21, 32, 48, 38, 74, 39, 33, 60, 71, 69, 31, 90, 3, 34, 99, 43, 67, 35, 53, 20, 10, 87, 22, 91, 41, 19, 79, 57, 61, 70, 88, 45, 37, 51, 94, 2, 59, 55, 28, 62, 36, 92, 23, 42, 9, 73, 8, 6, 40, 5, 98, 97, 77, 93, 68, 46, 24, 72, 17, 95, 50]|[2, 1, 1, 2, 1, 0, 0, 0, 2, 2, 2, 1, 0, 2, 2, 1, 1, 2, 1, 1, 2, 0, 1, 0, 2, 1, 1, 0, 1, 2, 2, 2, 2, 1, 0, 0, 1, 2, 1, 1, 2, 2, 2, 0, 2, 2, 0, 1, 1, 2, 0, 1, 1, 2, 0, 1, 1, 1, 2, 1, 2, 1, 1, 0, 2, 1, 0, 1, 0, 1, 0, 1, 1, 2, 1, 2, 1, 2, 2, 1, 1, 1, 2, 1, 2, 0, 1, 1, 0, 1, 2, 2, 1, 1, 2, 1, 0, 1, 2, 1]|[4, 1, 0, 3, 1, 2, 1, 2, 4, 2, 2, 0, 1, 1, 2, 2, 1, 4, 1, 2, 2, 2, 2, 0, 1, 1, 0, 0, 3, 2, 1, 0, 4, 0, 2, 2, 2, 0, 2, 1, 3, 4, 3, 1, 1, 4, 0, 1, 1, 1, 2, 2, 1, 1, 2, 0, 3, 2, 4, 2, 1, 1, 2, 2, 4, 3, 2, 1, 2, 3, 1, 2, 2, 1, 1, 0, 1, 3, 1, 3, 2, 2, 0, 1, 1, 0, 1, 3, 2, 2, 1, 0, 1, 3, 1, 3, 0, 1, 0, 1]|[0, 0, 2, 1, 1, 1, 1, 0, 0, 3, 3, 2, 0, 2, 2, 0, 0, 1, 0, 0, 3, 0, 1, 1, 0, 2, 0, 1, 0, 2, 1, 0, 1, 1, 0, 1, 0, 0, 2, 1, 3, 1, 2, 1, 2, 1, 0, 1, 1, 2, 1, 0, 0, 2, 1, 2, 0, 2, 0, 0, 2, 1, 0, 0, 0, 2, 1, 2, 0, 0, 1, 1, 0, 0, 1, 2, 0, 1, 2, 1, 2, 0, 3, 2, 0, 1, 0, 2, 0, 0, 2, 1, 0, 1, 1, 0, 0, 1, 3, 0],1002.117340352383;122660.692999953200;345495.298403947730,false,0
32,1,3200,G3_TWC,[63, 30, 89, 27, 96, 75, 26, 76, 58, 1, 12, 18, 78, 16, 80, 84, 49, 11, 85, 15, 83, 47, 0, 14, 64, 25, 66, 65, 81, 44, 29, 82, 13, 4, 86, 7, 54, 52, 56, 21, 32, 48, 38, 74, 39, 33, 60, 71, 69, 31, 90, 3, 34, 99, 43, 67, 35, 53, 20, 10, 87, 22, 91, 41, 19, 79, 57, 61, 70, 88, 45, 37, 51, 94, 2, 59, 55, 28, 62, 36, 92, 23, 42, 9, 73, 8, 6, 40, 5, 98, 97, 17, 77, 95, 46, 72, 24, 93, 50, 68]|[2, 1, 1, 2, 1, 0, 1, 0, 2, 2, 2, 1, 0, 2, 2, 1, 1, 2, 1, 1, 2, 0, 1, 0, 2, 1, 1, 0, 1, 2, 2, 2, 2, 1, 1, 0, 1, 2, 1, 1, 2, 2, 2, 0, 2, 2, 0, 1, 0, 2, 0, 1, 1, 2, 0, 1, 1, 1, 2, 1, 1, 1, 1, 0, 2, 1, 0, 1, 0, 1, 1, 1, 1, 2, 1, 2, 1, 2, 2, 1, 1, 1, 2, 1, 1, 1, 0, 1, 0, 1, 2, 1, 2, 2, 2, 0, 1, 1, 1, 1]|[4, 1, 0, 3, 1, 2, 3, 2, 4, 2, 2, 0, 1, 1, 2, 2, 1, 4, 1, 2, 2, 2, 2, 1, 4, 1, 0, 0, 3, 2, 1, 0, 4, 0, 3, 2, 2, 0, 2, 1, 3, 4, 3, 1, 1, 4, 0, 1, 1, 1, 2, 2, 1, 1, 2, 0, 3, 2, 4, 2, 3, 1, 2, 2, 4, 3, 2, 1, 2, 3, 1, 2, 3, 1, 1, 0, 1, 3, 1, 1, 2, 2, 0, 1, 1, 2, 2, 3, 2, 2, 1, 1, 0, 0, 1, 0, 1, 1, 1, 2]|[0, 0, 2, 1, 1, 1, 2, 0, 0, 3, 3, 2, 0, 2, 2, 0, 0, 1, 0, 0, 3, 0, 1, 1, 1, 2, 0, 1, 0, 2, 1, 0, 1, 1, 0, 1, 2, 0, 2, 1, 3, 1, 2, 1, 2, 1, 0, 1, 0, 2, 1, 0, 0, 2, 1, 2, 0, 2, 0, 0, 0, 1, 0, 0, 0, 2, 1, 2, 0, 0, 0, 1, 1, 0, 1, 2, 0, 1, 2, 1, 2, 0, 3, 2, 2, 0, 0, 2, 0, 0, 2, 1, 1, 3, 1, 0, 0, 0, 0, 0],1111.261470957044;122043.563701034570;350438.734651410200,false,0
33,1,3300,G1_CMAX,[63, 30, 89, 27, 96, 75, 26, 76, 58, 1, 12, 18, 78, 16, 80, 84, 49, 11, 85, 15, 83, 47, 0, 14, 64, 25, 66, 65, 81, 44, 29, 82, 13, 4, 86, 7, 54, 52, 56, 21, 32, 48, 38, 74, 39, 33, 60, 71, 69, 31, 90, 43, 37, 99, 24, 67, 53, 35, 20, 10, 87, 22, 91, 41, 19, 79, 57, 61, 70, 88, 45, 34, 51, 94, 2, 59, 55, 28, 62, 36, 92, 23, 42, 95, 8, 9, 5, 73, 72, 3, 98, 17, 77, 40, 6, 46, 97, 93, 50, 68]|[2, 0, 1, 1, 2, 0, 1, 0, 2, 2, 2, 1, 0, 2, 2, 1, 1, 2, 1, 0, 2, 0, 1, 0, 0, 1, 2, 1, 1, 2, 2, 2, 2, 1, 0, 0, 1, 2, 1, 2, 2, 1, 2, 2, 0, 2, 0, 1, 1, 2, 0, 1, 1, 2, 1, 1, 2, 1, 0, 1, 1, 0, 1, 0, 2, 1, 0, 0, 0, 0, 2, 1, 0, 2, 1, 0, 1, 0, 1, 1, 1, 1, 2, 2, 1, 2, 2, 2, 0, 1, 0, 0, 2, 1, 0, 2, 2, 2, 1, 1]|[4, 1, 3, 1, 1, 0, 3, 2, 4, 4, 1, 0, 1, 1, 4, 2, 1, 1, 1, 2, 2, 2, 2, 0, 2, 1, 4, 1, 3, 2, 4, 0, 4, 0, 2, 2, 2, 0, 2, 0, 3, 0, 3, 2, 1, 4, 0, 1, 1, 1, 2, 2, 1, 1, 3, 0, 1, 2, 0, 1, 1, 2, 2, 2, 4, 3, 2, 0, 2, 1, 3, 1, 0, 4, 2, 2, 0, 2, 0, 3, 2, 1, 0, 0, 2, 0, 1, 2, 0, 2, 1, 1, 0, 3, 2, 1, 1, 4, 1, 2]|[0, 1, 1, 0, 2, 1, 2, 0, 0, 1, 3, 2, 0, 2, 2, 0, 0, 2, 0, 0, 3, 0, 1, 1, 0, 2, 3, 0, 0, 2, 1, 0, 1, 1, 0, 1, 0, 0, 2, 1, 3, 1, 2, 1, 1, 0, 0, 1, 1, 2, 1, 0, 1, 2, 0, 2, 2, 2, 0, 0, 1, 0, 0, 0, 0, 2, 1, 1, 0, 0, 1, 0, 0, 1, 2, 1, 2, 0, 1, 1, 2, 1, 3, 3, 2, 0, 2, 2, 0, 0, 1, 1, 1, 1, 0, 1, 2, 1, 0, 0],907.356893454725;127593.356455324010;352455.575113253550,false,0
33,1,3300,G4_BALANCED,[63, 30, 89, 27, 96, 75, 26, 76, 58, 1, 12, 18, 78, 16, 80, 84, 49, 11, 85, 15, 83, 47, 0, 14, 64, 25, 66, 65, 81, 44, 29, 82, 13, 4, 86, 7, 54, 52, 56, 21, 32, 48, 38, 74, 39, 33, 60, 71, 69, 31, 90, 3, 34, 99, 43, 67, 35, 53, 20, 10, 87, 22, 91, 41, 19, 79, 57, 61, 70, 88, 45, 37, 51, 94, 2, 59, 55, 28, 62, 36, 92, 23, 42, 9, 73, 8, 6, 40, 5, 98, 97, 77, 93, 68, 46, 24, 72, 17, 95, 50]|[2, 1, 1, 2, 1, 0, 0, 0, 2, 2, 2, 1, 0, 2, 2, 1, 1, 2, 1, 1, 2, 0, 1, 0, 2, 1, 1, 0, 1, 2, 2, 2, 2, 1, 0, 0, 1, 2, 1, 1, 2, 2, 2, 0, 2, 2, 0, 1, 1, 2, 0, 1, 1, 2, 0, 1, 1, 1, 2, 1, 2, 1, 1, 0, 2, 1, 0, 1, 0, 1, 0, 1, 1, 2, 1, 2, 1, 2, 2, 1, 1, 1, 2, 1, 2, 0, 1, 1, 0, 1, 2, 2, 1, 1, 2, 1, 0, 1, 2, 1]|[4, 1, 0, 3, 1, 2, 1, 2, 4, 2, 2, 0, 1, 1, 2, 2, 1, 4, 1, 2, 2, 2, 2, 0, 1, 1, 0, 0, 3, 2, 1, 0, 4, 0, 2, 2, 2, 0, 2, 1, 3, 4, 3, 1, 1, 4, 0, 1, 1, 1, 2, 2, 1, 1, 2, 0, 3, 2, 4, 2, 1, 1, 2, 2, 4, 3, 2, 1, 2, 3, 1, 2, 2, 1, 1, 0, 1, 3, 1, 3, 2, 2, 0, 1, 1, 0, 1, 3, 2, 2, 1, 0, 1, 3, 1, 3, 0, 1, 0, 1]|[0, 0, 2, 1, 1, 1, 1, 0, 0, 3, 3, 2, 0, 2, 2, 0, 0, 1, 0, 0, 3, 0, 1, 1, 0, 2, 0, 1, 0, 2, 1, 0, 1, 1, 0, 1, 0, 0, 2, 1, 3, 1, 2, 1, 2, 1, 0, 1, 1, 2, 1, 0, 0, 2, 1, 2, 0, 2, 0, 0, 2, 1, 0, 0, 0, 2, 1, 2, 0, 0, 1, 1, 0, 0, 1, 2, 0, 1, 2, 1, 2, 0, 3, 2, 0, 1, 0, 2, 0, 0, 2, 1, 0, 1, 1, 0, 0, 1, 3, 0],1002.117340352383;122660.692999953200;345495.298403947730,false,0
33,1,3300,G2_TEC,[63, 30, 89, 27, 96, 75, 26, 76, 58, 1, 12, 18, 78, 16, 80, 84, 49, 11, 85, 15, 83, 47, 0, 14, 64, 25, 66, 65, 81, 44, 29, 82, 13, 4, 86, 7, 54, 52, 56, 21, 32, 48, 38, 74, 39, 33, 60, 71, 69, 31, 90, 3, 34, 99, 43, 67, 35, 53, 20, 10, 87, 22, 91, 41, 19, 79, 57, 61, 70, 88, 45, 37, 51, 94, 2, 59, 55, 28, 62, 36, 92, 23, 42, 9, 73, 8, 6, 40, 5, 98, 97, 77, 93, 68, 46, 24, 72, 17, 95, 50]|[2, 1, 1, 2, 1, 0, 0, 0, 2, 2, 2, 1, 0, 2, 2, 1, 1, 2, 1, 1, 2, 0, 1, 0, 2, 1, 1, 0, 1, 2, 2, 2, 2, 1, 0, 0, 1, 2, 1, 1, 2, 2, 2, 0, 2, 2, 0, 1, 1, 2, 0, 1, 1, 2, 0, 1, 1, 1, 2, 1, 2, 1, 1, 0, 2, 1, 0, 1, 0, 1, 0, 1, 1, 2, 1, 2, 1, 2, 2, 1, 1, 1, 2, 1, 2, 0, 1, 1, 0, 1, 2, 2, 1, 1, 2, 1, 0, 1, 2, 1]|[4, 1, 0, 3, 1, 2, 1, 2, 4, 2, 2, 0, 1, 1, 2, 2, 1, 4, 1, 2, 2, 2, 2, 0, 1, 1, 0, 0, 3, 2, 1, 0, 4, 0, 2, 2, 2, 0, 2, 1, 3, 4, 3, 1, 1, 4, 0, 1, 1, 1, 2, 2, 1, 1, 2, 0, 3, 2, 4, 2, 1, 1, 2, 2, 4, 3, 2, 1, 2, 3, 1, 2, 2, 1, 1, 0, 1, 3, 1, 3, 2, 2, 0, 1, 1, 0, 1, 3, 2, 2, 1, 0, 1, 3, 1, 3, 0, 1, 0, 1]|[0, 0, 2, 1, 1, 1, 1, 0, 0, 3, 3, 2, 0, 2, 2, 0, 0, 1, 0, 0, 3, 0, 1, 1, 0, 2, 0, 1, 0, 2, 1, 0, 1, 1, 0, 1, 0, 0, 2, 1, 3, 1, 2, 1, 2, 1, 0, 1, 1, 2, 1, 0, 0, 2, 1, 2, 0, 2, 0, 0, 2, 1, 0, 0, 0, 2, 1, 2, 0, 0, 1, 1, 0, 0, 1, 2, 0, 1, 2, 1, 2, 0, 3, 2, 0, 1, 0, 2, 0, 0, 2, 1, 0, 1, 1, 0, 0, 1, 3, 0],1002.117340352383;122660.692999953200;345495.298403947730,false,0
33,1,3300,G3_TWC,[63, 30, 89, 27, 96, 75, 26, 76, 58, 1, 12, 18, 78, 16, 80, 84, 49, 11, 85, 15, 83, 47, 0, 14, 64, 25, 66, 65, 81, 44, 29, 82, 13, 4, 86, 7, 54, 52, 56, 21, 32, 48, 38, 74, 39, 33, 60, 71, 69, 31, 90, 3, 34, 99, 43, 67, 35, 53, 20, 10, 87, 22, 91, 41, 19, 79, 57, 61, 70, 88, 45, 37, 51, 94, 2, 59, 55, 28, 62, 36, 92, 23, 42, 9, 73, 8, 6, 5, 95, 98, 97, 46, 40, 72, 77, 17, 24, 93, 50, 68]|[2, 1, 1, 2, 1, 0, 0, 0, 2, 2, 2, 1, 0, 2, 2, 1, 2, 2, 1, 1, 2, 0, 1, 0, 2, 1, 1, 0, 1, 2, 2, 2, 2, 1, 0, 0, 1, 2, 1, 1, 2, 2, 2, 0, 2, 2, 0, 1, 1, 2, 0, 1, 1, 2, 1, 1, 1, 1, 2, 1, 2, 1, 1, 0, 2, 1, 2, 1, 2, 1, 2, 1, 1, 2, 1, 2, 1, 2, 1, 1, 1, 1, 2, 1, 2, 0, 1, 0, 2, 1, 2, 2, 1, 1, 2, 1, 1, 1, 1, 1]|[4, 1, 0, 3, 1, 2, 1, 2, 4, 2, 2, 0, 1, 1, 0, 2, 3, 4, 1, 2, 2, 2, 2, 0, 2, 1, 0, 0, 3, 2, 1, 0, 4, 0, 2, 2, 2, 0, 2, 1, 3, 4, 3, 1, 2, 4, 0, 1, 1, 1, 2, 2, 1, 1, 1, 0, 1, 2, 4, 2, 1, 1, 2, 2, 4, 3, 0, 1, 3, 3, 3, 2, 2, 1, 1, 0, 1, 3, 0, 3, 2, 2, 0, 1, 1, 0, 1, 2, 0, 2, 1, 1, 3, 3, 0, 1, 3, 1, 1, 2]|[0, 0, 2, 1, 1, 1, 1, 0, 0, 3, 3, 2, 0, 2, 0, 0, 1, 1, 0, 0, 3, 0, 1, 1, 3, 2, 0, 1, 0, 2, 1, 0, 1, 1, 0, 1, 2, 0, 2, 1, 3, 1, 2, 1, 0, 1, 0, 1, 1, 2, 1, 0, 1, 2, 0, 2, 0, 2, 0, 0, 2, 1, 0, 0, 0, 2, 2, 2, 1, 0, 1, 1, 0, 0, 1, 2, 0, 1, 1, 1, 2, 0, 3, 2, 0, 1, 0, 0, 3, 0, 2, 1, 2, 1, 1, 1, 0, 0, 0, 0],1066.991499607842;121918.892696232390;340885.391835687900,false,0
34,1,3400,G1_CMAX,[63, 30, 89, 27, 96, 75, 26, 76, 58, 1, 12, 18, 78, 16, 80, 84, 49, 11, 85, 15, 83, 47, 0, 14, 64, 25, 66, 65, 81, 44, 29, 82, 13, 4, 86, 7, 54, 52, 56, 21, 32, 48, 38, 74, 39, 33, 60, 71, 69, 31, 90, 43, 37, 99, 24, 67, 53, 35, 20, 10, 87, 22, 91, 41, 19, 79, 57, 61, 70, 88, 45, 34, 51, 94, 2, 59, 55, 28, 62, 36, 92, 23, 42, 95, 8, 9, 5, 73, 72, 3, 98, 17, 77, 40, 6, 46, 97, 93, 50, 68]|[2, 0, 1, 1, 2, 0, 1, 0, 2, 2, 2, 1, 0, 2, 2, 1, 1, 2, 1, 0, 2, 0, 1, 0, 0, 1, 2, 1, 1, 2, 2, 2, 2, 1, 0, 0, 1, 2, 1, 2, 2, 1, 2, 2, 0, 2, 0, 1, 1, 2, 0, 1, 1, 2, 1, 1, 2, 1, 0, 1, 1, 0, 1, 0, 2, 1, 0, 0, 0, 0, 2, 1, 0, 2, 1, 0, 1, 0, 1, 1, 1, 1, 2, 2, 1, 2, 2, 2, 0, 1, 0, 0, 2, 1, 0, 2, 2, 2, 1, 1]|[4, 1, 3, 1, 1, 0, 3, 2, 4, 4, 1, 0, 1, 1, 4, 2, 1, 1, 1, 2, 2, 2, 2, 0, 2, 1, 4, 1, 3, 2, 4, 0, 4, 0, 2, 2, 2, 0, 2, 0, 3, 0, 3, 2, 1, 4, 0, 1, 1, 1, 2, 2, 1, 1, 3, 0, 1, 2, 0, 1, 1, 2, 2, 2, 4, 3, 2, 0, 2, 1, 3, 1, 0, 4, 2, 2, 0, 2, 0, 3, 2, 1, 0, 0, 2, 0, 1, 2, 0, 2, 1, 1, 0, 3, 2, 1, 1, 4, 1, 2]|[0, 1, 1, 0, 2, 1, 2, 0, 0, 1, 3, 2, 0, 2, 2, 0, 0, 2, 0, 0, 3, 0, 1, 1, 0, 2, 3, 0, 0, 2, 1, 0, 1, 1, 0, 1, 0, 0, 2, 1, 3, 1, 2, 1, 1, 0, 0, 1, 1, 2, 1, 0, 1, 2, 0, 2, 2, 2, 0, 0, 1, 0, 0, 0, 0, 2, 1, 1, 0, 0, 1, 0, 0, 1, 2, 1, 2, 0, 1, 1, 2, 1, 3, 3, 2, 0, 2, 2, 0, 0, 1, 1, 1, 1, 0, 1, 2, 1, 0, 0],907.356893454725;127593.356455324010;352455.575113253550,false,0
34,1,3400,G4_BALANCED,[63, 30, 89, 27, 96, 75, 26, 76, 58, 1, 12, 18, 78, 16, 80, 84, 49, 11, 85, 15, 83, 47, 0, 14, 64, 25, 66, 65, 81, 44, 29, 82, 13, 4, 86, 7, 54, 52, 56, 21, 32, 48, 38, 74, 39, 33, 60, 71, 69, 31, 90, 3, 34, 99, 43, 67, 35, 53, 20, 10, 87, 22, 91, 41, 19, 79, 57, 61, 70, 88, 45, 37, 51, 94, 2, 59, 55, 28, 62, 36, 92, 23, 42, 9, 73, 8, 6, 40, 5, 98, 97, 77, 93, 68, 46, 24, 72, 17, 95, 50]|[2, 1, 1, 2, 1, 0, 0, 0, 2, 2, 2, 1, 0, 2, 2, 1, 1, 2, 1, 1, 2, 0, 1, 0, 2, 1, 1, 0, 1, 2, 2, 2, 2, 1, 0, 0, 1, 2, 1, 1, 2, 2, 2, 0, 2, 2, 0, 1, 1, 2, 0, 1, 1, 2, 0, 1, 1, 1, 2, 1, 2, 1, 1, 0, 2, 1, 0, 1, 0, 1, 0, 1, 1, 2, 1, 2, 1, 2, 2, 1, 1, 1, 2, 1, 2, 0, 1, 1, 0, 1, 2, 2, 1, 1, 2, 1, 0, 1, 2, 1]|[4, 1, 0, 3, 1, 2, 1, 2, 4, 2, 2, 0, 1, 1, 2, 2, 1, 4, 1, 2, 2, 2, 2, 0, 1, 1, 0, 0, 3, 2, 1, 0, 4, 0, 2, 2, 2, 0, 2, 1, 3, 4, 3, 1, 1, 4, 0, 1, 1, 1, 2, 2, 1, 1, 2, 0, 3, 2, 4, 2, 1, 1, 2, 2, 4, 3, 2, 1, 2, 3, 1, 2, 2, 1, 1, 0, 1, 3, 1, 3, 2, 2, 0, 1, 1, 0, 1, 3, 2, 2, 1, 0, 1, 3, 1, 3, 0, 1, 0, 1]|[0, 0, 2, 1, 1, 1, 1, 0, 0, 3, 3, 2, 0, 2, 2, 0, 0, 1, 0, 0, 3, 0, 1, 1, 0, 2, 0, 1, 0, 2, 1, 0, 1, 1, 0, 1, 0, 0, 2, 1, 3, 1, 2, 1, 2, 1, 0, 1, 1, 2, 1, 0, 0, 2, 1, 2, 0, 2, 0, 0, 2, 1, 0, 0, 0, 2, 1, 2, 0, 0, 1, 1, 0, 0, 1, 2, 0, 1, 2, 1, 2, 0, 3, 2, 0, 1, 0, 2, 0, 0, 2, 1, 0, 1, 1, 0, 0, 1, 3, 0],1002.117340352383;122660.692999953200;345495.298403947730,false,0
34,1,3400,G2_TEC,[63, 30, 89, 27, 96, 75, 26, 76, 58, 1, 12, 18, 78, 16, 80, 84, 49, 11, 85, 15, 83, 47, 0, 14, 64, 25, 66, 65, 81, 44, 29, 82, 13, 4, 86, 7, 54, 52, 56, 21, 32, 48, 38, 74, 39, 33, 60, 71, 69, 31, 90, 3, 34, 99, 43, 67, 35, 53, 20, 10, 87, 22, 91, 41, 19, 79, 57, 61, 70, 88, 45, 37, 51, 94, 2, 59, 55, 28, 62, 36, 92, 23, 42, 9, 73, 8, 6, 40, 5, 98, 24, 17, 77, 95, 72, 46, 97, 93, 50, 68]|[2, 0, 1, 2, 1, 0, 0, 0, 2, 2, 2, 1, 0, 2, 2, 1, 1, 2, 1, 1, 2, 0, 1, 2, 2, 1, 1, 0, 1, 2, 2, 2, 2, 1, 0, 0, 1, 2, 1, 2, 2, 2, 2, 0, 2, 2, 0, 1, 1, 2, 0, 2, 1, 2, 0, 1, 1, 1, 2, 1, 1, 1, 1, 0, 2, 1, 2, 1, 1, 1, 0, 1, 1, 2, 1, 2, 2, 2, 2, 1, 1, 1, 2, 1, 1, 0, 1, 1, 0, 1, 1, 1, 1, 2, 0, 2, 2, 1, 1, 2]|[4, 2, 1, 3, 1, 2, 1, 2, 4, 2, 2, 0, 1, 1, 2, 2, 1, 4, 1, 2, 2, 2, 2, 0, 1, 1, 0, 0, 3, 2, 1, 0, 4, 0, 2, 2, 2, 0, 2, 0, 3, 4, 3, 1, 1, 4, 0, 2, 1, 1, 2, 2, 1, 1, 2, 0, 1, 2, 4, 2, 3, 1, 2, 2, 4, 3, 4, 1, 0, 3, 1, 2, 2, 1, 1, 0, 3, 3, 1, 3, 2, 2, 0, 2, 2, 1, 1, 3, 0, 2, 3, 1, 3, 0, 2, 1, 1, 1, 1, 4]|[0, 1, 0, 1, 1, 1, 1, 0, 0, 3, 3, 2, 0, 2, 2, 0, 0, 1, 0, 0, 3, 0, 1, 2, 0, 2, 0, 1, 0, 2, 1, 0, 1, 1, 0, 1, 2, 0, 2, 1, 3, 1, 2, 1, 2, 1, 0, 2, 1, 2, 1, 2, 0, 2, 1, 2, 0, 2, 0, 0, 0, 1, 0, 0, 0, 2, 1, 2, 1, 0, 1, 1, 0, 0, 1, 2, 2, 1, 2, 1, 2, 0, 3, 0, 2, 1, 0, 1, 0, 0, 0, 1, 1, 3, 0, 1, 2, 0, 0, 0],1039.964317911917;122422.364660165800;348254.529337361100,false,0
34,1,3400,G3_TWC,[63, 30, 89, 27, 96, 75, 26, 76, 58, 1, 12, 18, 78, 16, 80, 84, 49, 11, 85, 15, 83, 47, 0, 14, 64, 25, 66, 65, 81, 44, 29, 82, 13, 4, 86, 7, 54, 52, 56, 21, 32, 48, 38, 74, 39, 33, 60, 71, 69, 31, 90, 3, 34, 99, 43, 67, 35, 53, 20, 10, 87, 22, 91, 41, 19, 79, 57, 61, 70, 88, 45, 37, 51, 94, 2, 59, 55, 28, 62, 36, 92, 23, 42, 9, 73, 8, 6, 5, 72, 98, 97, 17, 77, 95, 46, 40, 24, 93, 50, 68]|[2, 0, 1, 2, 1, 0, 1, 0, 2, 2, 2, 1, 0, 2, 2, 1, 2, 2, 1, 1, 2, 0, 1, 0, 2, 1, 1, 0, 1, 2, 2, 2, 2, 1, 0, 2, 1, 2, 1, 1, 2, 2, 2, 0, 2, 2, 1, 1, 1, 2, 0, 1, 1, 2, 1, 1, 1, 1, 1, 1, 2, 1, 1, 0, 2, 1, 2, 1, 0, 1, 0, 1, 1, 2, 1, 2, 1, 2, 2, 1, 1, 1, 2, 1, 1, 1, 0, 0, 0, 1, 2, 1, 2, 2, 2, 0, 1, 1, 1, 1]|[4, 2, 0, 3, 1, 2, 3, 2, 4, 2, 2, 0, 1, 1, 2, 2, 3, 4, 1, 2, 2, 2, 2, 1, 1, 1, 0, 0, 3, 2, 1, 0, 4, 0, 2, 1, 2, 0, 2, 1, 3, 4, 3, 1, 1, 4, 3, 1, 1, 1, 2, 2, 1, 1, 1, 0, 1, 2, 3, 2, 1, 1, 2, 2, 4, 3, 0, 1, 2, 3, 1, 2, 2, 1, 1, 0, 1, 3, 1, 2, 2, 2, 0, 1, 1, 2, 2, 2, 0, 2, 1, 1, 0, 0, 1, 2, 3, 1, 1, 3]|[0, 1, 2, 1, 1, 1, 2, 0, 0, 3, 3, 2, 0, 2, 2, 0, 1, 1, 0, 0, 3, 0, 1, 1, 0, 2, 0, 1, 0, 2, 1, 0, 1, 1, 0, 0, 0, 0, 2, 1, 3, 1, 2, 1, 2, 1, 0, 1, 1, 2, 1, 0, 1, 2, 0, 2, 0, 2, 2, 0, 2, 1, 0, 0, 0, 2, 2, 2, 0, 0, 1, 1, 0, 0, 1, 2, 0, 1, 2, 2, 2, 0, 3, 2, 2, 0, 0, 0, 0, 0, 2, 1, 1, 3, 1, 0, 0, 0, 0, 1],1057.067487331963;121815.569335762020;337126.612584367570,false,0
35,1,3500,G1_CMAX,[63, 30, 89, 27, 96, 75, 26, 76, 58, 1, 12, 18, 78, 16, 80, 84, 49, 11, 85, 15, 83, 47, 0, 14, 64, 25, 66, 65, 81, 44, 29, 82, 13, 4, 86, 7, 54, 52, 56, 21, 32, 48, 38, 74, 39, 33, 60, 71, 69, 31, 90, 3, 34, 99, 24, 67, 35, 53, 20, 10, 87, 22, 91, 41, 19, 79, 57, 61, 70, 88, 45, 37, 51, 94, 2, 59, 55, 28, 62, 36, 92, 23, 42, 9, 73, 8, 6, 50, 5, 98, 97, 17, 77, 95, 46, 40, 43, 93, 72, 68]|[2, 0, 1, 1, 1, 0, 1, 0, 2, 2, 2, 1, 1, 2, 2, 1, 1, 2, 1, 0, 2, 0, 1, 0, 2, 2, 1, 0, 1, 2, 2, 2, 2, 0, 1, 0, 1, 2, 1, 2, 2, 2, 2, 0, 1, 2, 0, 1, 0, 2, 0, 2, 0, 2, 1, 1, 1, 1, 2, 1, 2, 2, 1, 0, 2, 1, 0, 0, 1, 1, 2, 0, 2, 2, 1, 2, 0, 1, 2, 1, 1, 1, 1, 1, 1, 2, 0, 1, 0, 1, 2, 1, 2, 2, 2, 0, 1, 0, 2, 1]|[4, 1, 0, 1, 1, 0, 3, 2, 4, 2, 2, 0, 2, 1, 2, 2, 1, 1, 1, 2, 2, 2, 2, 1, 1, 3, 3, 0, 3, 2, 1, 0, 4, 0, 3, 2, 2, 0, 2, 0, 3, 4, 3, 1, 3, 4, 0, 2, 1, 1, 0, 2, 1, 1, 3, 0, 1, 2, 4, 2, 1, 0, 2, 2, 4, 3, 2, 0, 0, 3, 3, 0, 2, 4, 1, 0, 0, 0, 1, 3, 2, 2, 1, 1, 1, 2, 2, 1, 2, 2, 1, 2, 0, 0, 1, 1, 1, 1, 3, 2]|[0, 1, 2, 0, 1, 1, 2, 0, 0, 3, 3, 2, 0, 2, 2, 0, 0, 2, 0, 0, 3, 0, 1, 1, 0, 0, 0, 1, 0, 2, 1, 0, 1, 1, 0, 1, 2, 0, 2, 1, 3, 1, 2, 1, 2, 1, 0, 2, 0, 2, 0, 2, 1, 2, 0, 2, 0, 2, 0, 0, 2, 1, 0, 0, 0, 2, 1, 1, 1, 0, 1, 1, 0, 1, 1, 2, 0, 1, 2, 1, 2, 0, 0, 2, 2, 2, 0, 0, 0, 0, 2, 0, 1, 3, 1, 1, 1, 1, 1, 0],908.359750638559;126180.405655590880;366595.041062957900,false,0
35,1,3500,G4_BALANCED,[63, 30, 89, 27, 96, 75, 26, 76, 58, 1, 12, 18, 78, 16, 80, 84, 49, 11, 85, 15, 83, 47, 0, 14, 64, 25, 66, 65, 81, 44, 29, 82, 13, 4, 86, 7, 54, 52, 56, 21, 32, 48, 38, 74, 39, 33, 60, 71, 69, 31, 90, 3, 34, 99, 43, 67, 35, 53, 20, 10, 87, 22, 91, 41, 19, 79, 57, 61, 70, 88, 45, 37, 51, 94, 2, 59, 55, 28, 62, 36, 92, 23, 42, 9, 73, 8, 6, 40, 5, 98, 97, 77, 93, 68, 46, 24, 72, 17, 95, 50]|[2, 1, 1, 2, 1, 0, 0, 0, 2, 2, 2, 1, 0, 2, 2, 1, 1, 2, 1, 1, 2, 0, 1, 0, 2, 1, 1, 0, 1, 2, 2, 2, 2, 1, 0, 0, 1, 2, 1, 1, 2, 2, 2, 0, 2, 2, 0, 1, 1, 2, 0, 1, 1, 2, 0, 1, 1, 1, 2, 1, 2, 1, 1, 0, 2, 1, 0, 1, 0, 1, 0, 1, 1, 2, 1, 2, 1, 2, 2, 1, 1, 1, 2, 1, 2, 0, 1, 1, 0, 1, 2, 2, 1, 1, 2, 1, 0, 1, 2, 1]|[4, 1, 0, 3, 1, 2, 1, 2, 4, 2, 2, 0, 1, 1, 2, 2, 1, 4, 1, 2, 2, 2, 2, 0, 1, 1, 0, 0, 3, 2, 1, 0, 4, 0, 2, 2, 2, 0, 2, 1, 3, 4, 3, 1, 1, 4, 0, 1, 1, 1, 2, 2, 1, 1, 2, 0, 3, 2, 4, 2, 1, 1, 2, 2, 4, 3, 2, 1, 2, 3, 1, 2, 2, 1, 1, 0, 1, 3, 1, 3, 2, 2, 0, 1, 1, 0, 1, 3, 2, 2, 1, 0, 1, 3, 1, 3, 0, 1, 0, 1]|[0, 0, 2, 1, 1, 1, 1, 0, 0, 3, 3, 2, 0, 2, 2, 0, 0, 1, 0, 0, 3, 0, 1, 1, 0, 2, 0, 1, 0, 2, 1, 0, 1, 1, 0, 1, 0, 0, 2, 1, 3, 1, 2, 1, 2, 1, 0, 1, 1, 2, 1, 0, 0, 2, 1, 2, 0, 2, 0, 0, 2, 1, 0, 0, 0, 2, 1, 2, 0, 0, 1, 1, 0, 0, 1, 2, 0, 1, 2, 1, 2, 0, 3, 2, 0, 1, 0, 2, 0, 0, 2, 1, 0, 1, 1, 0, 0, 1, 3, 0],1002.117340352383;122660.692999953200;345495.298403947730,false,0
35,1,3500,G2_TEC,[63, 30, 89, 27, 96, 75, 26, 76, 58, 1, 12, 18, 78, 16, 80, 84, 49, 11, 85, 15, 83, 47, 0, 14, 64, 25, 66, 65, 81, 44, 29, 82, 13, 4, 86, 7, 54, 52, 56, 21, 32, 48, 38, 74, 39, 33, 60, 71, 69, 31, 90, 3, 34, 99, 43, 67, 35, 53, 20, 10, 87, 22, 91, 41, 19, 79, 57, 61, 70, 88, 45, 37, 51, 94, 2, 59, 55, 28, 62, 36, 92, 23, 42, 9, 73, 8, 6, 5, 40, 98, 24, 97, 77, 95, 72, 46, 17, 93, 50, 68]|[2, 1, 1, 2, 1, 0, 0, 0, 2, 2, 1, 1, 0, 2, 2, 1, 1, 2, 1, 1, 2, 0, 1, 0, 2, 1, 1, 0, 1, 2, 2, 2, 2, 1, 0, 0, 1, 2, 1, 1, 2, 2, 2, 0, 2, 2, 0, 1, 0, 2, 1, 1, 1, 2, 0, 1, 1, 1, 2, 1, 2, 1, 1, 0, 2, 1, 0, 1, 0, 1, 2, 1, 1, 2, 1, 2, 2, 2, 2, 1, 1, 1, 2, 1, 2, 1, 0, 0, 1, 1, 1, 2, 1, 2, 0, 2, 1, 1, 1, 2]|[4, 1, 0, 3, 1, 2, 1, 2, 4, 2, 3, 0, 1, 1, 2, 0, 1, 4, 1, 2, 2, 2, 2, 0, 1, 1, 0, 0, 3, 2, 1, 0, 4, 0, 2, 2, 2, 0, 2, 1, 3, 4, 3, 1, 1, 4, 0, 2, 1, 1, 3, 2, 1, 1, 2, 0, 1, 2, 4, 2, 1, 1, 2, 2, 4, 3, 2, 1, 2, 3, 3, 2, 2, 4, 1, 0, 3, 3, 1, 2, 2, 2, 0, 1, 1, 3, 2, 0, 1, 2, 1, 1, 1, 0, 2, 1, 1, 1, 1, 3]|[0, 0, 2, 1, 1, 1, 1, 0, 0, 3, 1, 2, 0, 2, 2, 0, 0, 1, 0, 0, 3, 0, 1, 1, 0, 2, 0, 1, 0, 2, 1, 0, 1, 1, 0, 1, 2, 0, 2, 1, 3, 1, 2, 1, 2, 1, 0, 2, 0, 2, 1, 0, 1, 2, 1, 2, 0, 2, 0, 0, 2, 1, 0, 0, 0, 2, 1, 2, 0, 0, 1, 1, 0, 1, 1, 2, 2, 1, 2, 2, 2, 0, 3, 2, 0, 1, 0, 0, 0, 0, 0, 2, 2, 3, 0, 1, 1, 0, 0, 0],1023.738128251448;121786.156934661670;346884.868345393570,false,0
35,1,3500,G3_TWC,[63, 30, 89, 27, 96, 75, 26, 76, 58, 1, 12, 18, 78, 16, 80, 84, 49, 11, 85, 15, 83, 47, 0, 14, 64, 25, 66, 65, 81, 44, 29, 82, 13, 4, 86, 7, 54, 52, 56, 21, 32, 48, 38, 74, 39, 33, 60, 71, 69, 31, 90, 3, 34, 99, 43, 67, 35, 53, 20, 10, 87, 22, 91, 41, 19, 79, 57, 61, 70, 88, 45, 37, 51, 94, 2, 59, 55, 28, 62, 36, 92, 23, 42, 9, 73, 8, 6, 5, 72, 98, 97, 17, 77, 95, 46, 40, 24, 93, 50, 68]|[2, 0, 1, 2, 1, 0, 1, 0, 2, 2, 2, 1, 0, 2, 2, 1, 2, 2, 1, 1, 2, 0, 1, 0, 2, 1, 1, 0, 1, 2, 2, 2, 2, 1, 0, 2, 1, 2, 1, 1, 2, 2, 2, 0, 2, 2, 1, 1, 1, 2, 0, 1, 1, 2, 1, 1, 1, 1, 1, 1, 2, 1, 1, 0, 2, 1, 2, 1, 0, 1, 0, 1, 1, 2, 1, 2, 1, 2, 2, 1, 1, 1, 2, 1, 1, 1, 0, 0, 0, 1, 2, 1, 2, 2, 2, 0, 1, 1, 1, 1]|[4, 2, 0, 3, 1, 2, 3, 2, 4, 2, 2, 0, 1, 1, 2, 2, 3, 4, 1, 2, 2, 2, 2, 1, 1, 1, 0, 0, 3, 2, 1, 0, 4, 0, 2, 1, 2, 0, 2, 1, 3, 4, 3, 1, 1, 4, 3, 1, 1, 1, 2, 2, 1, 1, 1, 0, 1, 2, 3, 2, 1, 1, 2, 2, 4, 3, 0, 1, 2, 3, 1, 2, 2, 1, 1, 0, 1, 3, 1, 2, 2, 2, 0, 1, 1, 2, 2, 2, 0, 2, 1, 1, 0, 0, 1, 2, 3, 1, 1, 3]|[0, 1, 2, 1, 1, 1, 2, 0, 0, 3, 3, 2, 0, 2, 2, 0, 1, 1, 0, 0, 3, 0, 1, 1, 0, 2, 0, 1, 0, 2, 1, 0, 1, 1, 0, 0, 0, 0, 2, 1, 3, 1, 2, 1, 2, 1, 0, 1, 1, 2, 1, 0, 1, 2, 0, 2, 0, 2, 2, 0, 2, 1, 0, 0, 0, 2, 2, 2, 0, 0, 1, 1, 0, 0, 1, 2, 0, 1, 2, 2, 2, 0, 3, 2, 2, 0, 0, 0, 0, 0, 2, 1, 1, 3, 1, 0, 0, 0, 0, 1],1057.067487331963;121815.569335762020;337126.612584367570,false,0
36,1,3600,G1_CMAX,[63, 30, 89, 27, 96, 75, 26, 76, 58, 1, 12, 18, 78, 16, 80, 84, 49, 11, 85, 15, 83, 47, 0, 14, 64, 25, 66, 65, 81, 44, 29, 82, 13, 4, 86, 7, 54, 52, 56, 21, 32, 48, 38, 74, 51, 33, 60, 71, 69, 31, 90, 3, 34, 99, 24, 67, 35, 53, 20, 10, 87, 22, 91, 41, 19, 79, 57, 61, 70, 88, 45, 37, 39, 94, 2, 72, 5, 59, 62, 36, 92, 23, 42, 9, 73, 8, 6, 40, 55, 17, 43, 77, 93, 50, 46, 28, 97, 98, 68, 95]|[2, 1, 0, 2, 1, 0, 1, 0, 2, 2, 2, 1, 0, 2, 2, 1, 2, 2, 1, 1, 2, 0, 1, 2, 2, 2, 1, 0, 1, 2, 2, 2, 2, 1, 0, 0, 1, 0, 1, 1, 2, 2, 2, 0, 0, 2, 0, 1, 1, 2, 0, 1, 1, 2, 1, 1, 1, 1, 2, 1, 2, 1, 1, 0, 2, 1, 0, 1, 2, 1, 2, 1, 0, 2, 1, 2, 0, 2, 2, 1, 1, 2, 2, 1, 1, 0, 1, 1, 0, 1, 1, 2, 1, 1, 2, 2, 2, 1, 0, 2]|[4, 1, 0, 2, 1, 0, 3, 2, 4, 2, 2, 0, 1, 1, 0, 2, 3, 4, 1, 2, 2, 2, 2, 0, 4, 3, 0, 0, 3, 2, 1, 0, 4, 0, 2, 2, 2, 2, 2, 1, 3, 4, 3, 1, 2, 4, 0, 1, 1, 1, 2, 2, 1, 1, 3, 0, 1, 2, 4, 2, 1, 1, 2, 2, 4, 3, 2, 1, 3, 3, 3, 2, 2, 4, 1, 0, 2, 3, 1, 3, 2, 0, 0, 2, 1, 0, 1, 3, 2, 1, 1, 0, 3, 1, 1, 3, 1, 2, 2, 0]|[0, 0, 0, 0, 1, 1, 1, 0, 0, 3, 3, 2, 0, 2, 0, 0, 1, 1, 0, 0, 3, 0, 1, 2, 1, 0, 0, 1, 0, 2, 1, 0, 1, 1, 0, 1, 0, 1, 2, 1, 3, 1, 2, 1, 1, 1, 0, 1, 1, 2, 1, 0, 0, 2, 0, 2, 0, 2, 0, 0, 2, 1, 0, 0, 0, 2, 1, 2, 1, 0, 1, 0, 1, 1, 1, 2, 0, 1, 2, 1, 2, 1, 3, 0, 2, 1, 0, 2, 0, 1, 1, 1, 2, 0, 1, 1, 2, 0, 0, 3],928.180184137285;124354.015970486840;356800.635389731730,false,0
36,1,3600,G4_BALANCED,[63, 30, 89, 27, 96, 75, 26, 76, 58, 1, 12, 18, 78, 16, 80, 84, 49, 11, 85, 15, 83, 47, 0, 14, 64, 25, 66, 65, 81, 44, 29, 82, 13, 4, 86, 7, 54, 52, 56, 21, 32, 48, 38, 74, 39, 33, 60, 71, 69, 31, 90, 3, 34, 99, 43, 67, 35, 53, 20, 10, 87, 22, 91, 41, 19, 79, 57, 61, 70, 88, 45, 37, 51, 94, 2, 59, 55, 28, 62, 36, 92, 23, 42, 9, 73, 8, 6, 40, 5, 98, 97, 77, 93, 68, 46, 24, 72, 17, 95, 50]|[2, 1, 1, 2, 1, 0, 0, 0, 2, 2, 2, 1, 0, 2, 2, 1, 1, 2, 1, 1, 2, 0, 1, 0, 2, 1, 1, 0, 1, 2, 2, 2, 2, 1, 0, 0, 1, 2, 1, 1, 2, 2, 2, 0, 2, 2, 0, 1, 1, 2, 0, 1, 1, 2, 0, 1, 1, 1, 2, 1, 2, 1, 1, 0, 2, 1, 0, 1, 0, 1, 0, 1, 1, 2, 1, 2, 1, 2, 2, 1, 1, 1, 2, 1, 2, 0, 1, 1, 0, 1, 2, 2, 1, 1, 2, 1, 0, 1, 2, 1]|[4, 1, 0, 3, 1, 2, 1, 2, 4, 2, 2, 0, 1, 1, 2, 2, 1, 4, 1, 2, 2, 2, 2, 0, 1, 1, 0, 0, 3, 2, 1, 0, 4, 0, 2, 2, 2, 0, 2, 1, 3, 4, 3, 1, 1, 4, 0, 1, 1, 1, 2, 2, 1, 1, 2, 0, 3, 2, 4, 2, 1, 1, 2, 2, 4, 3, 2, 1, 2, 3, 1, 2, 2, 1, 1, 0, 1, 3, 1, 3, 2, 2, 0, 1, 1, 0, 1, 3, 2, 2, 1, 0, 1, 3, 1, 3, 0, 1, 0, 1]|[0, 0, 2, 1, 1, 1, 1, 0, 0, 3, 3, 2, 0, 2, 2, 0, 0, 1, 0, 0, 3, 0, 1, 1, 0, 2, 0, 1, 0, 2, 1, 0, 1, 1, 0, 1, 0, 0, 2, 1, 3, 1, 2, 1, 2, 1, 0, 1, 1, 2, 1, 0, 0, 2, 1, 2, 0, 2, 0, 0, 2, 1, 0, 0, 0, 2, 1, 2, 0, 0, 1, 1, 0, 0, 1, 2, 0, 1, 2, 1, 2, 0, 3, 2, 0, 1, 0, 2, 0, 0, 2, 1, 0, 1, 1, 0, 0, 1, 3, 0],1002.117340352383;122660.692999953200;345495.298403947730,false,0
36,1,3600,G2_TEC,[63, 30, 89, 27, 96, 75, 26, 76, 58, 1, 12, 18, 78, 16, 80, 84, 49, 11, 85, 15, 83, 47, 0, 14, 64, 25, 66, 65, 81, 44, 29, 82, 13, 4, 86, 7, 54, 52, 56, 21, 32, 48, 38, 74, 39, 33, 60, 71, 69, 31, 90, 3, 34, 99, 43, 67, 35, 53, 20, 10, 87, 22, 91, 41, 19, 79, 57, 61, 70, 88, 45, 37, 51, 94, 2, 59, 55, 28, 62, 36, 92, 23, 42, 9, 73, 8, 6, 5, 40, 98, 24, 97, 77, 95, 72, 46, 17, 93, 50, 68]|[2, 1, 1, 2, 1, 0, 0, 0, 2, 2, 1, 1, 0, 2, 2, 1, 1, 2, 1, 1, 2, 0, 1, 0, 2, 1, 1, 0, 1, 2, 2, 2, 2, 1, 0, 0, 1, 2, 1, 1, 2, 2, 2, 0, 2, 2, 0, 1, 0, 2, 1, 1, 1, 2, 0, 1, 1, 1, 2, 1, 2, 1, 1, 0, 2, 1, 0, 1, 0, 1, 2, 1, 1, 2, 1, 2, 2, 2, 2, 1, 1, 1, 2, 1, 2, 1, 0, 0, 1, 1, 1, 2, 1, 2, 0, 2, 1, 1, 1, 2]|[4, 1, 0, 3, 1, 2, 1, 2, 4, 2, 3, 0, 1, 1, 2, 0, 1, 4, 1, 2, 2, 2, 2, 0, 1, 1, 0, 0, 3, 2, 1, 0, 4, 0, 2, 2, 2, 0, 2, 1, 3, 4, 3, 1, 1, 4, 0, 2, 1, 1, 3, 2, 1, 1, 2, 0, 1, 2, 4, 2, 1, 1, 2, 2, 4, 3, 2, 1, 2, 3, 3, 2, 2, 4, 1, 0, 3, 3, 1, 2, 2, 2, 0, 1, 1, 3, 2, 0, 1, 2, 1, 1, 1, 0, 2, 1, 1, 1, 1, 3]|[0, 0, 2, 1, 1, 1, 1, 0, 0, 3, 1, 2, 0, 2, 2, 0, 0, 1, 0, 0, 3, 0, 1, 1, 0, 2, 0, 1, 0, 2, 1, 0, 1, 1, 0, 1, 2, 0, 2, 1, 3, 1, 2, 1, 2, 1, 0, 2, 0, 2, 1, 0, 1, 2, 1, 2, 0, 2, 0, 0, 2, 1, 0, 0, 0, 2, 1, 2, 0, 0, 1, 1, 0, 1, 1, 2, 2, 1, 2, 2, 2, 0, 3, 2, 0, 1, 0, 0, 0, 0, 0, 2, 2, 3, 0, 1, 1, 0, 0, 0],1023.738128251448;121786.156934661670;346884.868345393570,false,0
36,1,3600,G3_TWC,[63, 30, 89, 27, 96, 75, 26, 76, 58, 1, 12, 18, 78, 16, 80, 84, 49, 11, 85, 15, 83, 47, 0, 14, 64, 25, 66, 65, 81, 44, 29, 82, 13, 4, 86, 7, 54, 52, 56, 21, 32, 48, 38, 74, 39, 33, 60, 71, 69, 31, 90, 3, 34, 99, 43, 67, 35, 53, 20, 10, 87, 22, 91, 41, 19, 79, 57, 61, 70, 88, 45, 37, 51, 94, 2, 59, 55, 28, 62, 36, 92, 23, 42, 9, 73, 8, 6, 5, 40, 98, 97, 77, 17, 95, 46, 72, 24, 93, 50, 68]|[2, 0, 1, 2, 1, 0, 1, 0, 2, 2, 2, 1, 0, 2, 2, 1, 1, 2, 1, 1, 2, 0, 1, 0, 2, 1, 1, 0, 1, 2, 2, 2, 2, 1, 0, 0, 1, 2, 1, 1, 2, 2, 2, 0, 2, 2, 0, 1, 0, 2, 1, 1, 1, 2, 1, 1, 1, 1, 2, 1, 2, 1, 1, 0, 2, 1, 2, 1, 0, 1, 2, 1, 1, 2, 1, 2, 2, 2, 1, 1, 1, 1, 2, 1, 2, 1, 1, 0, 1, 1, 2, 1, 1, 2, 2, 0, 1, 1, 1, 2]|[4, 2, 0, 3, 1, 2, 3, 2, 4, 2, 2, 0, 1, 1, 2, 2, 1, 1, 1, 2, 2, 2, 2, 0, 1, 1, 0, 0, 3, 2, 1, 0, 4, 0, 2, 2, 2, 0, 2, 1, 3, 4, 3, 1, 1, 4, 0, 1, 1, 1, 3, 2, 2, 1, 1, 0, 1, 2, 4, 2, 1, 1, 2, 2, 4, 3, 4, 1, 0, 3, 3, 2, 2, 4, 1, 0, 3, 3, 0, 3, 2, 2, 0, 1, 1, 0, 1, 0, 3, 2, 1, 1, 1, 0, 1, 2, 3, 1, 1, 3]|[0, 1, 2, 1, 1, 1, 2, 0, 0, 3, 3, 2, 0, 2, 2, 0, 0, 2, 0, 0, 3, 0, 1, 1, 0, 2, 0, 1, 0, 2, 1, 0, 1, 1, 0, 1, 0, 0, 2, 1, 3, 1, 2, 1, 2, 1, 0, 1, 0, 2, 1, 0, 1, 2, 0, 2, 0, 2, 0, 0, 2, 1, 0, 0, 0, 2, 1, 2, 1, 0, 1, 0, 0, 1, 1, 2, 2, 1, 1, 1, 2, 0, 3, 2, 0, 1, 0, 0, 2, 0, 2, 1, 1, 3, 1, 0, 0, 0, 0, 0],1025.258377195287;121457.055107610880;333781.991137626500,false,0
37,1,3700,G1_CMAX,[63, 30, 89, 27, 96, 75, 26, 76, 58, 1, 12, 18, 78, 16, 80, 84, 49, 11, 85, 15, 83, 47, 0, 14, 64, 25, 66, 65, 81, 44, 29, 82, 13, 4, 86, 7, 54, 52, 56, 21, 32, 48, 38, 74, 39, 33, 60, 71, 69, 31, 90, 3, 34, 99, 43, 67, 35, 53, 20, 10, 87, 22, 91, 41, 19, 79, 57, 61, 70, 88, 45, 37, 51, 94, 2, 59, 55, 28, 62, 36, 92, 23, 42, 9, 73, 8, 6, 5, 40, 98, 97, 77, 17, 95, 46, 72, 24, 93, 50, 68]|[2, 0, 1, 2, 1, 0, 1, 0, 2, 2, 2, 1, 0, 2, 2, 1, 1, 2, 1, 1, 2, 0, 1, 0, 2, 1, 1, 0, 1, 2, 2, 2, 2, 1, 0, 0, 1, 2, 1, 1, 2, 2, 2, 0, 2, 2, 0, 1, 0, 2, 1, 1, 1, 2, 1, 1, 1, 1, 2, 1, 2, 1, 1, 0, 2, 1, 2, 1, 0, 1, 2, 1, 1, 2, 1, 2, 2, 2, 1, 1, 1, 1, 2, 1, 2, 1, 1, 0, 1, 1, 2, 1, 1, 2, 2, 0, 1, 1, 1, 2]|[4, 2, 0, 3, 1, 2, 3, 2, 4, 2, 2, 0, 1, 1, 2, 2, 1, 1, 1, 2, 2, 2, 2, 0, 1, 1, 0, 0, 3, 2, 1, 0, 4, 0, 2, 2, 2, 0, 2, 1, 3, 4, 3, 1, 1, 4, 0, 1, 1, 1, 3, 2, 2, 1, 1, 0, 1, 2, 4, 2, 1, 1, 2, 2, 4, 3, 4, 1, 0, 3, 3, 2, 2, 4, 1, 0, 3, 3, 0, 3, 2, 2, 0, 1, 1, 0, 1, 0, 3, 2, 1, 1, 1, 0, 1, 2, 3, 1, 1, 3]|[0, 1, 2, 1, 1, 1, 2, 0, 0, 3, 3, 2, 0, 2, 2, 0, 0, 2, 0, 0, 3, 0, 1, 1, 0, 2, 0, 1, 0, 2, 1, 0, 1, 1, 0, 1, 0, 0, 2, 1, 3, 1, 2, 1, 2, 1, 0, 1, 0, 2, 1, 0, 1, 2, 0, 2, 0, 2, 0, 0, 2, 1, 0, 0, 0, 2, 1, 2, 1, 0, 1, 0, 0, 1, 1, 2, 2, 1, 1, 1, 2, 0, 3, 2, 0, 1, 0, 0, 2, 0, 2, 1, 1, 3, 1, 0, 0, 0, 0, 0],1025.258377195287;121457.055107610880;333781.991137626500,false,0
37,1,3700,G4_BALANCED,[63, 30, 89, 27, 96, 75, 26, 76, 58, 1, 12, 18, 78, 16, 80, 84, 49, 11, 85, 15, 83, 47, 0, 14, 64, 25, 66, 65, 81, 44, 29, 82, 13, 4, 86, 7, 54, 52, 56, 21, 32, 48, 38, 74, 39, 33, 60, 71, 69, 31, 90, 3, 34, 99, 43, 67, 35, 53, 20, 10, 87, 22, 91, 41, 19, 79, 57, 61, 70, 88, 45, 37, 51, 94, 2, 59, 55, 28, 62, 36, 92, 23, 42, 9, 73, 8, 6, 5, 40, 98, 24, 97, 77, 95, 72, 17, 68, 93, 46, 50]|[2, 1, 1, 2, 1, 0, 0, 0, 2, 2, 1, 1, 0, 2, 2, 1, 1, 2, 1, 1, 2, 0, 1, 0, 2, 1, 1, 0, 1, 2, 2, 2, 2, 1, 0, 0, 1, 2, 1, 1, 2, 2, 2, 0, 2, 2, 0, 1, 0, 2, 1, 1, 1, 2, 1, 1, 1, 1, 2, 1, 2, 1, 1, 0, 2, 1, 0, 1, 0, 1, 0, 1, 1, 2, 1, 2, 2, 2, 2, 1, 1, 1, 2, 1, 2, 1, 0, 0, 1, 1, 1, 2, 2, 2, 0, 1, 2, 1, 2, 1]|[4, 1, 0, 3, 1, 2, 1, 2, 4, 2, 3, 0, 1, 1, 2, 0, 1, 4, 1, 2, 2, 2, 2, 0, 1, 1, 0, 0, 3, 2, 1, 0, 4, 0, 2, 2, 2, 0, 2, 1, 3, 4, 3, 1, 1, 4, 0, 1, 1, 1, 3, 2, 1, 1, 3, 0, 1, 2, 4, 2, 1, 1, 2, 2, 4, 3, 2, 1, 2, 3, 1, 2, 2, 4, 1, 0, 3, 3, 1, 2, 2, 2, 0, 1, 1, 3, 2, 2, 1, 1, 1, 1, 0, 0, 0, 1, 3, 1, 0, 1]|[0, 0, 2, 1, 1, 1, 1, 0, 0, 3, 1, 2, 0, 2, 2, 0, 0, 1, 0, 0, 3, 0, 1, 1, 0, 2, 0, 1, 0, 2, 1, 0, 1, 1, 0, 1, 2, 0, 2, 1, 3, 1, 2, 1, 2, 1, 0, 1, 0, 2, 1, 0, 1, 2, 0, 2, 0, 2, 0, 0, 2, 1, 0, 0, 0, 2, 1, 2, 0, 0, 1, 1, 0, 1, 1, 2, 2, 1, 2, 2, 2, 0, 3, 2, 0, 1, 0, 0, 0, 1, 0, 2, 1, 3, 0, 1, 0, 0, 3, 0],997.552995203004;122204.134955584190;340329.917838965800,false,0
37,1,3700,G2_TEC,[63, 30, 89, 27, 96, 75, 26, 76, 58, 1, 12, 18, 78, 16, 80, 84, 49, 11, 85, 15, 83, 47, 0, 14, 64, 25, 66, 65, 81, 44, 29, 82, 13, 4, 86, 7, 54, 52, 56, 21, 32, 48, 38, 74, 39, 33, 60, 71, 69, 31, 90, 3, 34, 99, 43, 67, 35, 53, 20, 10, 87, 22, 91, 41, 19, 79, 57, 61, 70, 88, 45, 37, 51, 94, 2, 59, 55, 28, 62, 36, 92, 23, 42, 9, 73, 8, 6, 5, 40, 98, 24, 97, 77, 95, 72, 46, 17, 93, 50, 68]|[2, 1, 1, 2, 1, 0, 0, 0, 2, 2, 1, 1, 0, 2, 2, 1, 1, 2, 1, 1, 2, 0, 1, 0, 2, 1, 1, 0, 1, 2, 2, 2, 2, 1, 0, 0, 1, 2, 1, 1, 2, 2, 2, 0, 2, 2, 0, 1, 0, 2, 1, 1, 1, 2, 0, 1, 1, 1, 2, 1, 2, 1, 1, 0, 2, 1, 0, 1, 0, 1, 2, 1, 1, 2, 1, 2, 2, 2, 2, 1, 1, 1, 2, 1, 2, 1, 0, 0, 1, 1, 1, 2, 1, 2, 0, 2, 1, 1, 1, 2]|[4, 1, 0, 3, 1, 2, 1, 2, 4, 2, 3, 0, 1, 1, 2, 0, 1, 4, 1, 2, 2, 2, 2, 0, 1, 1, 0, 0, 3, 2, 1, 0, 4, 0, 2, 2, 2, 0, 2, 1, 3, 4, 3, 1, 1, 4, 0, 2, 1, 1, 3, 2, 1, 1, 2, 0, 1, 2, 4, 2, 1, 1, 2, 2, 4, 3, 2, 1, 2, 3, 3, 2, 2, 4, 1, 0, 3, 3, 1, 2, 2, 2, 0, 1, 1, 3, 2, 0, 1, 2, 1, 1, 1, 0, 2, 1, 1, 1, 1, 3]|[0, 0, 2, 1, 1, 1, 1, 0, 0, 3, 1, 2, 0, 2, 2, 0, 0, 1, 0, 0, 3, 0, 1, 1, 0, 2, 0, 1, 0, 2, 1, 0, 1, 1, 0, 1, 2, 0, 2, 1, 3, 1, 2, 1, 2, 1, 0, 2, 0, 2, 1, 0, 1, 2, 1, 2, 0, 2, 0, 0, 2, 1, 0, 0, 0, 2, 1, 2, 0, 0, 1, 1, 0, 1, 1, 2, 2, 1, 2, 2, 2, 0, 3, 2, 0, 1, 0, 0, 0, 0, 0, 2, 2, 3, 0, 1, 1, 0, 0, 0],1023.738128251448;121786.156934661670;346884.868345393570,false,0
37,1,3700,G3_TWC,[63, 30, 89, 27, 96, 75, 26, 76, 58, 1, 12, 18, 78, 16, 80, 84, 49, 11, 85, 15, 83, 47, 0, 14, 64, 25, 66, 65, 81, 44, 29, 82, 13, 4, 86, 7, 54, 52, 56, 21, 32, 48, 38, 74, 39, 33, 60, 71, 69, 31, 90, 3, 34, 99, 43, 67, 35, 53, 20, 10, 87, 22, 91, 41, 19, 79, 57, 61, 70, 88, 45, 37, 51, 94, 2, 59, 55, 28, 62, 36, 92, 23, 42, 9, 73, 8, 6, 5, 40, 98, 97, 77, 17, 95, 46, 72, 24, 93, 50, 68]|[2, 0, 1, 2, 1, 0, 1, 0, 2, 2, 2, 1, 0, 2, 2, 1, 1, 2, 1, 1, 2, 0, 1, 0, 2, 1, 1, 0, 1, 2, 2, 2, 2, 1, 0, 0, 1, 2, 1, 1, 2, 2, 2, 0, 2, 2, 0, 1, 0, 2, 1, 1, 1, 2, 1, 1, 1, 1, 2, 1, 2, 1, 1, 0, 2, 1, 2, 1, 0, 1, 2, 1, 1, 2, 1, 2, 2, 2, 1, 1, 1, 1, 2, 1, 2, 1, 1, 0, 1, 1, 2, 1, 1, 2, 2, 0, 1, 1, 1, 2]|[4, 2, 0, 3, 1, 2, 3, 2, 4, 2, 2, 0, 1, 1, 2, 2, 1, 1, 1, 2, 2, 2, 2, 0, 1, 1, 0, 0, 3, 2, 1, 0, 4, 0, 2, 2, 2, 0, 2, 1, 3, 4, 3, 1, 1, 4, 0, 1, 1, 1, 3, 2, 2, 1, 1, 0, 1, 2, 4, 2, 1, 1, 2, 2, 4, 3, 4, 1, 0, 3, 3, 2, 2, 4, 1, 0, 3, 3, 0, 3, 2, 2, 0, 1, 1, 0, 1, 0, 3, 2, 1, 1, 1, 0, 1, 2, 3, 1, 1, 3]|[0, 1, 2, 1, 1, 1, 2, 0, 0, 3, 3, 2, 0, 2, 2, 0, 0, 2, 0, 0, 3, 0, 1, 1, 0, 2, 0, 1, 0, 2, 1, 0, 1, 1, 0, 1, 0, 0, 2, 1, 3, 1, 2, 1, 2, 1, 0, 1, 0, 2, 1, 0, 1, 2, 0, 2, 0, 2, 0, 0, 2, 1, 0, 0, 0, 2, 1, 2, 1, 0, 1, 0, 0, 1, 1, 2, 2, 1, 1, 1, 2, 0, 3, 2, 0, 1, 0, 0, 2, 0, 2, 1, 1, 3, 1, 0, 0, 0, 0, 0],1025.258377195287;121457.055107610880;333781.991137626500,false,0
38,1,3800,G1_CMAX,[63, 30, 89, 27, 96, 75, 26, 76, 58, 1, 12, 18, 78, 16, 80, 84, 49, 11, 85, 15, 83, 47, 0, 14, 64, 25, 66, 65, 81, 44, 29, 82, 13, 4, 86, 7, 54, 52, 56, 21, 32, 48, 38, 74, 39, 33, 60, 71, 69, 31, 90, 3, 34, 99, 43, 67, 35, 53, 20, 10, 87, 22, 91, 41, 19, 79, 57, 61, 70, 88, 45, 37, 51, 94, 2, 59, 55, 28, 62, 36, 92, 23, 42, 9, 73, 8, 6, 40, 5, 98, 97, 46, 95, 93, 77, 24, 68, 17, 72, 50]|[2, 1, 1, 2, 1, 0, 1, 0, 2, 2, 2, 1, 0, 2, 2, 1, 1, 2, 1, 1, 2, 0, 1, 0, 2, 1, 1, 0, 1, 2, 2, 2, 2, 1, 1, 2, 1, 2, 1, 1, 2, 2, 2, 0, 2, 2, 1, 1, 1, 1, 1, 1, 1, 2, 0, 1, 1, 1, 2, 1, 2, 1, 1, 0, 2, 1, 0, 1, 2, 1, 2, 1, 1, 2, 1, 2, 2, 2, 2, 1, 1, 1, 2, 1, 2, 2, 0, 0, 2, 1, 2, 2, 1, 1, 2, 1, 2, 1, 1, 1]|[4, 1, 0, 3, 1, 2, 3, 2, 4, 2, 2, 0, 1, 1, 2, 2, 1, 1, 1, 2, 2, 2, 2, 0, 4, 1, 0, 0, 3, 2, 1, 0, 4, 0, 3, 1, 2, 0, 2, 1, 3, 4, 3, 1, 1, 4, 3, 1, 1, 3, 3, 2, 1, 1, 2, 0, 1, 2, 4, 2, 1, 1, 2, 2, 4, 3, 2, 1, 3, 3, 3, 2, 2, 4, 2, 0, 3, 3, 1, 3, 2, 2, 0, 1, 1, 0, 2, 0, 0, 2, 1, 1, 3, 1, 0, 1, 3, 1, 1, 1]|[0, 0, 2, 1, 1, 1, 2, 0, 0, 3, 3, 2, 0, 2, 2, 0, 0, 2, 0, 0, 3, 0, 1, 1, 1, 2, 0, 1, 0, 2, 1, 0, 1, 1, 0, 0, 0, 0, 2, 1, 3, 1, 2, 1, 2, 1, 0, 1, 1, 2, 1, 0, 1, 2, 1, 2, 0, 2, 0, 0, 2, 1, 0, 0, 0, 2, 1, 2, 1, 0, 1, 1, 0, 1, 2, 2, 2, 1, 2, 1, 2, 0, 3, 2, 0, 1, 0, 0, 3, 0, 2, 1, 2, 0, 1, 0, 0, 1, 2, 0],1099.781087557404;120564.733498901860;338241.351692938000,false,0
38,1,3800,G4_BALANCED,[63, 30, 89, 27, 96, 75, 26, 76, 58, 1, 12, 18, 78, 16, 80, 84, 49, 11, 85, 15, 83, 47, 0, 14, 64, 25, 66, 65, 81, 44, 29, 82, 13, 4, 86, 7, 54, 52, 56, 21, 32, 48, 38, 74, 39, 33, 60, 71, 69, 31, 90, 3, 34, 99, 43, 67, 35, 53, 20, 10, 87, 22, 91, 41, 19, 79, 57, 61, 70, 88, 45, 37, 51, 94, 2, 59, 55, 28, 62, 36, 92, 23, 42, 9, 73, 8, 6, 5, 40, 98, 24, 97, 77, 95, 72, 17, 68, 93, 46, 50]|[2, 1, 1, 2, 1, 0, 0, 0, 2, 2, 1, 1, 0, 2, 2, 1, 1, 2, 1, 1, 2, 0, 1, 0, 2, 1, 1, 0, 1, 2, 2, 2, 2, 1, 0, 0, 1, 2, 1, 1, 2, 2, 2, 0, 2, 2, 0, 1, 0, 2, 1, 1, 1, 2, 1, 1, 1, 1, 2, 1, 2, 1, 1, 0, 2, 1, 0, 1, 0, 1, 0, 1, 1, 2, 1, 2, 2, 2, 2, 1, 1, 1, 2, 1, 2, 1, 0, 0, 1, 1, 1, 2, 2, 2, 0, 1, 2, 1, 2, 1]|[4, 1, 0, 3, 1, 2, 1, 2, 4, 2, 3, 0, 1, 1, 2, 0, 1, 4, 1, 2, 2, 2, 2, 0, 1, 1, 0, 0, 3, 2, 1, 0, 4, 0, 2, 2, 2, 0, 2, 1, 3, 4, 3, 1, 1, 4, 0, 1, 1, 1, 3, 2, 1, 1, 3, 0, 1, 2, 4, 2, 1, 1, 2, 2, 4, 3, 2, 1, 2, 3, 1, 2, 2, 4, 1, 0, 3, 3, 1, 2, 2, 2, 0, 1, 1, 3, 2, 2, 1, 1, 1, 1, 0, 0, 0, 1, 3, 1, 0, 1]|[0, 0, 2, 1, 1, 1, 1, 0, 0, 3, 1, 2, 0, 2, 2, 0, 0, 1, 0, 0, 3, 0, 1, 1, 0, 2, 0, 1, 0, 2, 1, 0, 1, 1, 0, 1, 2, 0, 2, 1, 3, 1, 2, 1, 2, 1, 0, 1, 0, 2, 1, 0, 1, 2, 0, 2, 0, 2, 0, 0, 2, 1, 0, 0, 0, 2, 1, 2, 0, 0, 1, 1, 0, 1, 1, 2, 2, 1, 2, 2, 2, 0, 3, 2, 0, 1, 0, 0, 0, 1, 0, 2, 1, 3, 0, 1, 0, 0, 3, 0],997.552995203004;122204.134955584190;340329.917838965800,false,0
38,1,3800,G2_TEC,[63, 30, 89, 27, 96, 75, 26, 76, 58, 1, 12, 18, 78, 16, 80, 84, 49, 11, 85, 15, 83, 47, 0, 14, 64, 25, 66, 65, 81, 44, 29, 82, 13, 4, 86, 7, 54, 52, 56, 21, 32, 48, 38, 74, 39, 33, 60, 71, 69, 31, 90, 3, 34, 99, 43, 67, 35, 53, 20, 10, 87, 22, 91, 41, 19, 79, 57, 61, 70, 88, 45, 37, 51, 94, 2, 59, 55, 28, 62, 36, 92, 23, 42, 9, 73, 8, 6, 5, 40, 98, 24, 97, 77, 95, 72, 46, 17, 93, 50, 68]|[2, 1, 1, 2, 1, 0, 0, 0, 2, 2, 1, 1, 0, 2, 2, 1, 1, 2, 1, 1, 2, 0, 1, 0, 2, 1, 1, 0, 1, 2, 2, 2, 2, 1, 0, 0, 1, 2, 1, 1, 2, 2, 2, 0, 2, 2, 0, 1, 0, 2, 1, 1, 1, 2, 0, 1, 1, 1, 2, 1, 2, 1, 1, 0, 2, 1, 0, 1, 0, 1, 2, 1, 1, 2, 1, 2, 2, 2, 2, 1, 1, 1, 2, 1, 2, 1, 0, 0, 1, 1, 1, 2, 1, 2, 0, 2, 1, 1, 1, 2]|[4, 1, 0, 3, 1, 2, 1, 2, 4, 2, 3, 0, 1, 1, 2, 0, 1, 4, 1, 2, 2, 2, 2, 0, 1, 1, 0, 0, 3, 2, 1, 0, 4, 0, 2, 2, 2, 0, 2, 1, 3, 4, 3, 1, 1, 4, 0, 2, 1, 1, 3, 2, 1, 1, 2, 0, 1, 2, 4, 2, 1, 1, 2, 2, 4, 3, 2, 1, 2, 3, 3, 2, 2, 4, 1, 0, 3, 3, 1, 2, 2, 2, 0, 1, 1, 3, 2, 0, 1, 2, 1, 1, 1, 0, 2, 1, 1, 1, 1, 3]|[0, 0, 2, 1, 1, 1, 1, 0, 0, 3, 1, 2, 0, 2, 2, 0, 0, 1, 0, 0, 3, 0, 1, 1, 0, 2, 0, 1, 0, 2, 1, 0, 1, 1, 0, 1, 2, 0, 2, 1, 3, 1, 2, 1, 2, 1, 0, 2, 0, 2, 1, 0, 1, 2, 1, 2, 0, 2, 0, 0, 2, 1, 0, 0, 0, 2, 1, 2, 0, 0, 1, 1, 0, 1, 1, 2, 2, 1, 2, 2, 2, 0, 3, 2, 0, 1, 0, 0, 0, 0, 0, 2, 2, 3, 0, 1, 1, 0, 0, 0],1023.738128251448;121786.156934661670;346884.868345393570,false,0
38,1,3800,G3_TWC,[63, 30, 89, 27, 96, 75, 26, 76, 58, 1, 12, 18, 78, 16, 80, 84, 49, 11, 85, 15, 83, 47, 0, 14, 64, 25, 66, 65, 81, 44, 29, 82, 13, 4, 86, 7, 54, 52, 56, 21, 32, 48, 38, 74, 39, 33, 60, 71, 69, 31, 90, 3, 34, 99, 43, 67, 35, 53, 20, 10, 87, 22, 91, 41, 19, 79, 57, 61, 70, 88, 45, 37, 51, 94, 2, 59, 55, 28, 62, 36, 92, 23, 42, 9, 73, 8, 6, 5, 40, 98, 97, 77, 17, 95, 46, 72, 24, 93, 50, 68]|[2, 0, 1, 2, 1, 0, 1, 0, 2, 2, 2, 1, 0, 2, 2, 1, 1, 2, 1, 1, 2, 0, 1, 0, 2, 1, 1, 0, 1, 2, 2, 2, 2, 1, 0, 0, 1, 2, 1, 1, 2, 2, 2, 0, 2, 2, 0, 1, 0, 2, 1, 1, 1, 2, 1, 1, 1, 1, 2, 1, 2, 1, 1, 0, 2, 1, 2, 1, 0, 1, 2, 1, 1, 2, 1, 2, 2, 2, 1, 1, 1, 1, 2, 1, 2, 1, 1, 0, 1, 1, 2, 1, 1, 2, 2, 0, 1, 1, 1, 2]|[4, 2, 0, 3, 1, 2, 3, 2, 4, 2, 2, 0, 1, 1, 2, 2, 1, 1, 1, 2, 2, 2, 2, 0, 1, 1, 0, 0, 3, 2, 1, 0, 4, 0, 2, 2, 2, 0, 2, 1, 3, 4, 3, 1, 1, 4, 0, 1, 1, 1, 3, 2, 2, 1, 1, 0, 1, 2, 4, 2, 1, 1, 2, 2, 4, 3, 4, 1, 0, 3, 3, 2, 2, 4, 1, 0, 3, 3, 0, 3, 2, 2, 0, 1, 1, 0, 1, 0, 3, 2, 1, 1, 1, 0, 1, 2, 3, 1, 1, 3]|[0, 1, 2, 1, 1, 1, 2, 0, 0, 3, 3, 2, 0, 2, 2, 0, 0, 2, 0, 0, 3, 0, 1, 1, 0, 2, 0, 1, 0, 2, 1, 0, 1, 1, 0, 1, 0, 0, 2, 1, 3, 1, 2, 1, 2, 1, 0, 1, 0, 2, 1, 0, 1, 2, 0, 2, 0, 2, 0, 0, 2, 1, 0, 0, 0, 2, 1, 2, 1, 0, 1, 0, 0, 1, 1, 2, 2, 1, 1, 1, 2, 0, 3, 2, 0, 1, 0, 0, 2, 0, 2, 1, 1, 3, 1, 0, 0, 0, 0, 0],1025.258377195287;121457.055107610880;333781.991137626500,false,0
39,1,3900,G1_CMAX,[63, 30, 89, 27, 96, 75, 26, 76, 58, 1, 12, 18, 78, 16, 80, 84, 49, 11, 85, 15, 83, 47, 0, 14, 64, 25, 66, 65, 81, 44, 29, 82, 13, 4, 86, 7, 54, 52, 56, 21, 32, 48, 38, 74, 39, 33, 60, 71, 69, 31, 90, 3, 34, 99, 43, 67, 35, 53, 20, 10, 87, 22, 91, 41, 19, 79, 57, 61, 70, 88, 45, 37, 51, 94, 2, 59, 55, 28, 62, 36, 92, 23, 42, 9, 73, 8, 6, 5, 95, 98, 97, 46, 40, 50, 72, 24, 17, 93, 77, 68]|[2, 1, 1, 2, 1, 0, 1, 0, 2, 2, 1, 1, 0, 2, 2, 1, 1, 2, 1, 1, 2, 0, 1, 0, 2, 1, 1, 0, 1, 2, 2, 2, 2, 1, 0, 0, 1, 2, 1, 1, 2, 2, 2, 0, 2, 2, 0, 1, 1, 1, 1, 1, 1, 2, 0, 1, 1, 1, 2, 1, 2, 1, 1, 0, 2, 1, 0, 1, 2, 1, 2, 1, 1, 2, 1, 2, 2, 2, 1, 1, 1, 1, 2, 1, 2, 1, 0, 1, 2, 1, 2, 2, 1, 1, 0, 1, 1, 1, 1, 2]|[4, 1, 0, 3, 1, 2, 3, 2, 4, 2, 3, 0, 1, 1, 2, 0, 1, 4, 1, 2, 2, 2, 2, 0, 1, 1, 0, 0, 3, 2, 1, 0, 4, 0, 2, 2, 2, 0, 2, 1, 3, 4, 3, 1, 2, 4, 0, 1, 1, 3, 3, 2, 2, 1, 2, 0, 1, 2, 4, 2, 1, 1, 2, 2, 4, 3, 2, 1, 3, 3, 3, 2, 2, 4, 1, 0, 3, 3, 3, 2, 2, 2, 0, 1, 1, 3, 2, 1, 0, 2, 1, 1, 1, 1, 2, 1, 1, 1, 1, 3]|[0, 0, 2, 1, 1, 1, 2, 0, 0, 3, 1, 2, 0, 2, 2, 0, 0, 1, 0, 0, 3, 0, 1, 1, 0, 2, 0, 1, 0, 2, 1, 0, 1, 1, 0, 1, 2, 0, 2, 1, 3, 1, 2, 1, 0, 1, 0, 1, 1, 2, 1, 0, 1, 2, 1, 2, 0, 2, 0, 0, 2, 1, 0, 0, 0, 2, 1, 2, 1, 0, 1, 0, 0, 1, 1, 2, 2, 1, 1, 2, 2, 0, 3, 2, 0, 1, 0, 2, 3, 0, 2, 2, 0, 2, 0, 0, 1, 0, 0, 0],1096.051072054599;119780.749293435660;335932.607649607800,false,0
39,1,3900,G4_BALANCED,[63, 30, 89, 27, 96, 75, 26, 76, 58, 1, 12, 18, 78, 16, 80, 84, 49, 11, 85, 15, 83, 47, 0, 14, 64, 25, 66, 65, 81, 44, 29, 82, 13, 4, 86, 7, 54, 52, 56, 21, 32, 48, 38, 74, 39, 33, 60, 71, 69, 31, 90, 3, 34, 99, 43, 67, 35, 53, 20, 10, 87, 22, 91, 41, 19, 79, 57, 61, 70, 88, 45, 37, 51, 94, 2, 59, 55, 28, 62, 36, 92, 23, 42, 9, 73, 8, 6, 5, 40, 98, 24, 97, 77, 95, 72, 17, 68, 93, 46, 50]|[2, 1, 1, 2, 1, 0, 0, 0, 2, 2, 1, 1, 0, 2, 2, 1, 1, 2, 1, 1, 2, 0, 1, 0, 2, 1, 1, 0, 1, 2, 2, 2, 2, 1, 0, 0, 1, 2, 1, 1, 2, 2, 2, 0, 2, 2, 0, 1, 0, 2, 1, 1, 1, 2, 1, 1, 1, 1, 2, 1, 2, 1, 1, 0, 2, 1, 0, 1, 0, 1, 0, 1, 1, 2, 1, 2, 2, 2, 2, 1, 1, 1, 2, 1, 2, 1, 0, 0, 1, 1, 1, 2, 2, 2, 0, 1, 2, 1, 2, 1]|[4, 1, 0, 3, 1, 2, 1, 2, 4, 2, 3, 0, 1, 1, 2, 0, 1, 4, 1, 2, 2, 2, 2, 0, 1, 1, 0, 0, 3, 2, 1, 0, 4, 0, 2, 2, 2, 0, 2, 1, 3, 4, 3, 1, 1, 4, 0, 1, 1, 1, 3, 2, 1, 1, 3, 0, 1, 2, 4, 2, 1, 1, 2, 2, 4, 3, 2, 1, 2, 3, 1, 2, 2, 4, 1, 0, 3, 3, 1, 2, 2, 2, 0, 1, 1, 3, 2, 2, 1, 1, 1, 1, 0, 0, 0, 1, 3, 1, 0, 1]|[0, 0, 2, 1, 1, 1, 1, 0, 0, 3, 1, 2, 0, 2, 2, 0, 0, 1, 0, 0, 3, 0, 1, 1, 0, 2, 0, 1, 0, 2, 1, 0, 1, 1, 0, 1, 2, 0, 2, 1, 3, 1, 2, 1, 2, 1, 0, 1, 0, 2, 1, 0, 1, 2, 0, 2, 0, 2, 0, 0, 2, 1, 0, 0, 0, 2, 1, 2, 0, 0, 1, 1, 0, 1, 1, 2, 2, 1, 2, 2, 2, 0, 3, 2, 0, 1, 0, 0, 0, 1, 0, 2, 1, 3, 0, 1, 0, 0, 3, 0],997.552995203004;122204.134955584190;340329.917838965800,false,0
39,1,3900,G2_TEC,[63, 30, 89, 27, 96, 75, 26, 76, 58, 1, 12, 18, 78, 16, 80, 84, 49, 11, 85, 15, 83, 47, 0, 14, 64, 25, 66, 65, 81, 44, 29, 82, 13, 4, 86, 7, 54, 52, 56, 21, 32, 48, 38, 74, 39, 33, 60, 71, 69, 31, 90, 3, 34, 99, 43, 67, 35, 53, 20, 10, 87, 22, 91, 41, 19, 79, 57, 61, 70, 88, 45, 37, 51, 94, 2, 59, 55, 28, 62, 36, 92, 23, 42, 9, 73, 8, 6, 5, 40, 98, 24, 97, 77, 95, 46, 17, 68, 93, 72, 50]|[2, 1, 1, 2, 1, 0, 0, 0, 2, 2, 1, 1, 0, 2, 2, 1, 1, 2, 1, 1, 2, 0, 1, 0, 2, 1, 1, 0, 1, 2, 2, 2, 2, 1, 0, 0, 1, 2, 1, 1, 2, 2, 2, 0, 2, 2, 0, 1, 0, 2, 1, 1, 1, 2, 0, 1, 1, 1, 2, 1, 2, 1, 1, 0, 2, 1, 0, 1, 0, 1, 2, 1, 1, 2, 1, 2, 2, 2, 2, 1, 1, 1, 2, 1, 2, 1, 0, 0, 1, 1, 1, 2, 1, 2, 2, 1, 2, 1, 0, 1]|[4, 1, 0, 3, 1, 2, 1, 2, 4, 2, 3, 0, 1, 1, 2, 0, 1, 4, 1, 2, 2, 2, 2, 0, 1, 1, 0, 0, 3, 2, 1, 0, 4, 0, 2, 2, 2, 0, 2, 1, 3, 4, 3, 1, 1, 4, 0, 2, 1, 1, 3, 2, 1, 1, 2, 0, 1, 2, 4, 2, 1, 1, 2, 2, 4, 3, 2, 1, 2, 3, 3, 2, 2, 4, 1, 0, 3, 3, 1, 2, 2, 2, 0, 1, 1, 3, 2, 2, 1, 2, 1, 1, 1, 0, 1, 1, 3, 1, 0, 1]|[0, 0, 2, 1, 1, 1, 1, 0, 0, 3, 1, 2, 0, 2, 2, 0, 0, 1, 0, 0, 3, 0, 1, 1, 0, 2, 0, 1, 0, 2, 1, 0, 1, 1, 0, 1, 2, 0, 2, 1, 3, 1, 2, 1, 2, 1, 0, 2, 0, 2, 1, 0, 1, 2, 1, 2, 0, 2, 0, 0, 2, 1, 0, 0, 0, 2, 1, 2, 0, 0, 1, 1, 0, 1, 1, 2, 2, 1, 2, 2, 2, 0, 3, 2, 0, 1, 0, 0, 0, 0, 0, 2, 2, 3, 1, 1, 0, 0, 0, 0],1023.738128251448;121744.096112111440;346472.175472157400,false,0
39,1,3900,G3_TWC,[63, 30, 89, 27, 96, 75, 26, 76, 58, 1, 12, 18, 78, 16, 80, 84, 49, 11, 85, 15, 83, 47, 0, 14, 64, 25, 66, 65, 81, 44, 29, 82, 13, 4, 86, 7, 54, 52, 56, 21, 32, 48, 38, 74, 39, 33, 60, 71, 69, 31, 90, 3, 34, 99, 43, 67, 35, 53, 20, 10, 87, 22, 91, 41, 19, 79, 57, 61, 70, 88, 45, 37, 51, 94, 2, 59, 55, 28, 62, 36, 92, 23, 42, 9, 73, 8, 6, 5, 40, 98, 97, 77, 17, 95, 46, 72, 24, 93, 50, 68]|[2, 0, 1, 2, 1, 0, 1, 0, 2, 2, 2, 1, 0, 2, 2, 1, 1, 2, 1, 1, 2, 0, 1, 0, 2, 1, 1, 0, 1, 2, 2, 2, 2, 1, 0, 0, 1, 2, 1, 1, 2, 2, 2, 0, 2, 2, 0, 1, 0, 2, 1, 1, 1, 2, 1, 1, 1, 1, 2, 1, 2, 1, 1, 0, 2, 1, 2, 1, 0, 1, 2, 1, 1, 2, 1, 2, 2, 2, 1, 1, 1, 1, 2, 1, 2, 1, 1, 0, 1, 1, 2, 1, 1, 2, 2, 0, 1, 1, 1, 2]|[4, 2, 0, 3, 1, 2, 3, 2, 4, 2, 2, 0, 1, 1, 2, 2, 1, 1, 1, 2, 2, 2, 2, 0, 1, 1, 0, 0, 3, 2, 1, 0, 4, 0, 2, 2, 2, 0, 2, 1, 3, 4, 3, 1, 1, 4, 0, 1, 1, 1, 3, 2, 2, 1, 1, 0, 1, 2, 4, 2, 1, 1, 2, 2, 4, 3, 4, 1, 0, 3, 3, 2, 2, 4, 1, 0, 3, 3, 0, 3, 2, 2, 0, 1, 1, 0, 1, 0, 3, 2, 1, 1, 1, 0, 1, 2, 3, 1, 1, 3]|[0, 1, 2, 1, 1, 1, 2, 0, 0, 3, 3, 2, 0, 2, 2, 0, 0, 2, 0, 0, 3, 0, 1, 1, 0, 2, 0, 1, 0, 2, 1, 0, 1, 1, 0, 1, 0, 0, 2, 1, 3, 1, 2, 1, 2, 1, 0, 1, 0, 2, 1, 0, 1, 2, 0, 2, 0, 2, 0, 0, 2, 1, 0, 0, 0, 2, 1, 2, 1, 0, 1, 0, 0, 1, 1, 2, 2, 1, 1, 1, 2, 0, 3, 2, 0, 1, 0, 0, 2, 0, 2, 1, 1, 3, 1, 0, 0, 0, 0, 0],1025.258377195287;121457.055107610880;333781.991137626500,false,0
40,1,4000,G1_CMAX,[63, 30, 89, 27, 96, 75, 26, 76, 58, 1, 12, 18, 78, 16, 80, 84, 49, 11, 85, 15, 83, 47, 0, 14, 64, 25, 66, 65, 81, 44, 29, 82, 13, 4, 86, 7, 54, 52, 56, 21, 32, 48, 38, 74, 39, 33, 60, 71, 69, 31, 90, 3, 34, 99, 43, 67, 35, 53, 20, 10, 87, 22, 91, 41, 19, 79, 57, 61, 70, 88, 45, 37, 51, 94, 2, 59, 55, 28, 62, 36, 92, 23, 42, 9, 73, 8, 6, 5, 95, 98, 97, 46, 40, 50, 72, 24, 17, 93, 77, 68]|[2, 1, 1, 2, 1, 0, 1, 0, 2, 2, 1, 1, 0, 2, 2, 1, 1, 2, 1, 1, 2, 0, 1, 0, 2, 1, 1, 0, 1, 2, 2, 2, 2, 1, 0, 0, 1, 2, 1, 1, 2, 2, 2, 0, 2, 2, 0, 1, 1, 1, 1, 1, 1, 2, 0, 1, 1, 1, 2, 1, 2, 1, 1, 0, 2, 1, 0, 1, 2, 1, 2, 1, 1, 2, 1, 2, 2, 2, 1, 1, 1, 1, 2, 1, 2, 1, 0, 1, 2, 1, 2, 2, 1, 1, 0, 1, 1, 1, 1, 2]|[4, 1, 0, 3, 1, 2, 3, 2, 4, 2, 3, 0, 1, 1, 2, 0, 1, 4, 1, 2, 2, 2, 2, 0, 1, 1, 0, 0, 3, 2, 1, 0, 4, 0, 2, 2, 2, 0, 2, 1, 3, 4, 3, 1, 2, 4, 0, 1, 1, 3, 3, 2, 2, 1, 2, 0, 1, 2, 4, 2, 1, 1, 2, 2, 4, 3, 2, 1, 3, 3, 3, 2, 2, 4, 1, 0, 3, 3, 3, 2, 2, 2, 0, 1, 1, 3, 2, 1, 0, 2, 1, 1, 1, 1, 2, 1, 1, 1, 1, 3]|[0, 0, 2, 1, 1, 1, 2, 0, 0, 3, 1, 2, 0, 2, 2, 0, 0, 1, 0, 0, 3, 0, 1, 1, 0, 2, 0, 1, 0, 2, 1, 0, 1, 1, 0, 1, 2, 0, 2, 1, 3, 1, 2, 1, 0, 1, 0, 1, 1, 2, 1, 0, 1, 2, 1, 2, 0, 2, 0, 0, 2, 1, 0, 0, 0, 2, 1, 2, 1, 0, 1, 0, 0, 1, 1, 2, 2, 1, 1, 2, 2, 0, 3, 2, 0, 1, 0, 2, 3, 0, 2, 2, 0, 2, 0, 0, 1, 0, 0, 0],1096.051072054599;119780.749293435660;335932.607649607800,false,0
40,1,4000,G4_BALANCED,[63, 30, 89, 27, 96, 75, 26, 76, 58, 1, 12, 18, 78, 16, 80, 84, 49, 11, 85, 15, 83, 47, 0, 14, 64, 25, 66, 65, 81, 44, 29, 82, 13, 4, 86, 7, 54, 52, 56, 21, 32, 48, 38, 74, 39, 33, 60, 71, 69, 31, 90, 3, 34, 99, 43, 67, 35, 53, 20, 10, 87, 22, 91, 41, 19, 79, 57, 61, 70, 88, 45, 37, 51, 94, 2, 59, 55, 28, 62, 36, 92, 23, 42, 9, 73, 8, 6, 5, 40, 98, 24, 97, 77, 95, 46, 72, 17, 93, 50, 68]|[2, 1, 1, 2, 1, 0, 0, 0, 2, 2, 1, 1, 0, 2, 2, 1, 1, 2, 1, 1, 2, 0, 1, 0, 2, 1, 1, 0, 1, 2, 2, 2, 2, 1, 0, 0, 1, 2, 1, 1, 2, 2, 2, 2, 2, 2, 0, 1, 0, 0, 1, 1, 1, 2, 1, 1, 1, 1, 2, 1, 2, 1, 1, 0, 2, 1, 0, 1, 0, 1, 2, 1, 1, 2, 1, 2, 2, 2, 2, 1, 1, 1, 2, 1, 2, 1, 0, 0, 1, 1, 1, 2, 2, 2, 2, 0, 1, 1, 1, 2]|[4, 1, 0, 3, 1, 2, 1, 2, 4, 2, 3, 0, 1, 1, 2, 0, 1, 4, 1, 2, 2, 2, 2, 0, 1, 1, 0, 0, 3, 2, 1, 0, 4, 0, 2, 2, 2, 0, 2, 1, 3, 4, 3, 2, 1, 4, 0, 2, 1, 2, 3, 2, 1, 1, 1, 0, 1, 2, 4, 2, 1, 1, 2, 2, 4, 3, 2, 1, 2, 3, 3, 2, 2, 1, 1, 0, 3, 3, 1, 2, 2, 2, 0, 1, 1, 2, 2, 2, 3, 1, 1, 1, 0, 0, 0, 0, 1, 1, 1, 3]|[0, 0, 2, 1, 1, 1, 1, 0, 0, 3, 1, 2, 0, 2, 2, 0, 0, 1, 0, 0, 3, 0, 1, 1, 0, 2, 0, 1, 0, 2, 1, 0, 1, 1, 0, 1, 2, 0, 2, 1, 3, 1, 2, 1, 2, 1, 0, 2, 0, 1, 1, 0, 1, 2, 0, 2, 0, 2, 0, 0, 2, 1, 0, 0, 0, 2, 1, 2, 0, 0, 1, 1, 0, 0, 1, 2, 2, 1, 2, 2, 2, 0, 3, 2, 0, 0, 0, 0, 1, 1, 0, 2, 1, 3, 3, 0, 1, 0, 0, 0],997.448500391792;122002.332748430490;339803.297442160840,false,0
40,1,4000,G2_TEC,[63, 30, 89, 27, 96, 75, 26, 76, 58, 1, 12, 18, 78, 16, 80, 84, 49, 11, 85, 15, 83, 47, 0, 14, 64, 25, 66, 65, 81, 95, 29, 82, 13, 4, 86, 7, 54, 52, 56, 21, 32, 48, 38, 74, 39, 33, 60, 71, 69, 31, 90, 3, 34, 99, 43, 67, 35, 53, 20, 41, 87, 22, 91, 10, 19, 79, 57, 61, 70, 88, 45, 37, 51, 94, 2, 59, 55, 28, 62, 36, 92, 23, 42, 9, 73, 8, 6, 40, 5, 98, 97, 77, 17, 44, 46, 72, 24, 93, 50, 68]|[2, 0, 1, 2, 1, 0, 0, 0, 2, 2, 2, 1, 0, 2, 2, 1, 1, 2, 1, 1, 2, 0, 1, 0, 2, 1, 1, 1, 1, 2, 2, 2, 2, 1, 0, 0, 1, 2, 1, 1, 2, 2, 2, 0, 2, 2, 1, 1, 1, 2, 0, 1, 1, 2, 1, 1, 1, 1, 2, 0, 2, 1, 1, 0, 2, 1, 2, 1, 2, 1, 2, 1, 1, 2, 1, 2, 2, 2, 1, 1, 1, 1, 2, 1, 2, 1, 0, 1, 0, 1, 2, 2, 1, 2, 2, 0, 1, 1, 1, 2]|[4, 2, 0, 3, 1, 2, 1, 2, 4, 2, 2, 0, 1, 1, 2, 2, 1, 1, 1, 2, 2, 2, 2, 0, 1, 1, 3, 1, 3, 0, 1, 0, 4, 0, 2, 2, 2, 0, 2, 1, 3, 4, 3, 1, 1, 4, 3, 1, 1, 1, 2, 2, 2, 1, 1, 0, 1, 2, 4, 2, 1, 1, 2, 2, 4, 3, 4, 1, 3, 3, 3, 2, 2, 4, 1, 0, 3, 3, 3, 3, 2, 2, 0, 1, 1, 2, 2, 3, 2, 2, 1, 0, 1, 0, 1, 2, 1, 1, 1, 3]|[0, 1, 2, 1, 1, 1, 1, 0, 0, 3, 3, 2, 0, 2, 2, 0, 0, 2, 0, 0, 3, 0, 1, 1, 0, 2, 0, 2, 0, 3, 1, 0, 1, 1, 0, 1, 0, 0, 2, 1, 3, 1, 2, 1, 2, 1, 0, 1, 1, 2, 1, 0, 1, 2, 0, 2, 0, 2, 0, 0, 2, 1, 0, 0, 0, 2, 1, 2, 1, 0, 1, 0, 0, 1, 1, 2, 2, 1, 1, 1, 2, 0, 3, 2, 0, 0, 0, 2, 0, 0, 2, 1, 1, 3, 1, 0, 0, 0, 0, 0],1002.642179807201;121550.520778400120;338683.399378850900,false,0
40,1,4000,G3_TWC,[63, 30, 89, 27, 96, 75, 26, 76, 58, 1, 12, 18, 78, 16, 80, 84, 49, 11, 85, 15, 83, 47, 0, 14, 64, 25, 66, 65, 81, 44, 29, 82, 13, 4, 86, 7, 54, 52, 56, 21, 32, 48, 38, 74, 39, 33, 60, 71, 69, 31, 90, 3, 34, 99, 43, 67, 35, 53, 20, 10, 87, 22, 91, 41, 19, 79, 57, 61, 70, 88, 45, 37, 51, 94, 2, 59, 55, 28, 62, 36, 92, 23, 42, 9, 73, 8, 6, 5, 40, 98, 97, 77, 17, 95, 46, 72, 24, 93, 50, 68]|[2, 0, 1, 2, 1, 0, 1, 0, 2, 2, 2, 1, 0, 2, 2, 1, 1, 2, 1, 1, 2, 0, 1, 0, 2, 1, 1, 0, 1, 2, 2, 2, 2, 1, 0, 0, 1, 2, 1, 1, 2, 2, 2, 0, 2, 2, 0, 1, 0, 2, 1, 1, 1, 2, 1, 1, 1, 1, 2, 1, 2, 1, 1, 0, 2, 1, 2, 1, 0, 1, 2, 1, 1, 2, 1, 2, 2, 2, 1, 1, 1, 1, 2, 1, 2, 1, 1, 0, 1, 1, 2, 1, 1, 2, 2, 0, 1, 1, 1, 2]|[4, 2, 0, 3, 1, 2, 3, 2, 4, 2, 2, 0, 1, 1, 2, 2, 1, 1, 1, 2, 2, 2, 2, 0, 1, 1, 0, 0, 3, 2, 1, 0, 4, 0, 2, 2, 2, 0, 2, 1, 3, 4, 3, 1, 1, 4, 0, 1, 1, 1, 3, 2, 2, 1, 1, 0, 1, 2, 4, 2, 1, 1, 2, 2, 4, 3, 4, 1, 0, 3, 3, 2, 2, 4, 1, 0, 3, 3, 0, 3, 2, 2, 0, 1, 1, 0, 1, 0, 3, 2, 1, 1, 1, 0, 1, 2, 3, 1, 1, 3]|[0, 1, 2, 1, 1, 1, 2, 0, 0, 3, 3, 2, 0, 2, 2, 0, 0, 2, 0, 0, 3, 0, 1, 1, 0, 2, 0, 1, 0, 2, 1, 0, 1, 1, 0, 1, 0, 0, 2, 1, 3, 1, 2, 1, 2, 1, 0, 1, 0, 2, 1, 0, 1, 2, 0, 2, 0, 2, 0, 0, 2, 1, 0, 0, 0, 2, 1, 2, 1, 0, 1, 0, 0, 1, 1, 2, 2, 1, 1, 1, 2, 0, 3, 2, 0, 1, 0, 0, 2, 0, 2, 1, 1, 3, 1, 0, 0, 0, 0, 0],1025.258377195287;121457.055107610880;333781.991137626500,false,0
41,1,4100,G1_CMAX,[63, 30, 89, 27, 96, 75, 26, 76, 58, 1, 12, 18, 78, 16, 80, 84, 49, 11, 85, 15, 83, 47, 0, 14, 64, 25, 66, 65, 81, 44, 29, 82, 13, 4, 86, 7, 54, 52, 56, 21, 32, 48, 38, 91, 39, 33, 60, 71, 69, 31, 90, 3, 34, 99, 43, 67, 35, 53, 20, 10, 87, 22, 74, 41, 19, 79, 57, 61, 70, 88, 45, 37, 51, 94, 2, 59, 55, 28, 62, 36, 92, 23, 42, 9, 73, 8, 6, 5, 72, 98, 97, 17, 77, 95, 46, 40, 24, 93, 50, 68]|[2, 1, 1, 2, 1, 0, 1, 0, 2, 2, 2, 1, 0, 2, 2, 1, 2, 2, 1, 1, 2, 0, 1, 0, 2, 1, 1, 0, 1, 2, 2, 2, 2, 1, 0, 2, 1, 2, 1, 1, 2, 2, 2, 0, 2, 2, 1, 1, 1, 2, 0, 1, 1, 2, 1, 1, 1, 1, 1, 1, 2, 1, 1, 0, 2, 1, 2, 1, 0, 1, 0, 1, 1, 2, 1, 2, 1, 2, 2, 1, 1, 1, 2, 1, 1, 1, 0, 0, 0, 1, 2, 1, 2, 2, 2, 0, 1, 1, 1, 1]|[4, 1, 0, 3, 1, 2, 3, 2, 4, 2, 2, 0, 1, 1, 2, 2, 3, 4, 1, 2, 2, 2, 2, 0, 1, 1, 0, 0, 3, 2, 1, 0, 4, 0, 2, 1, 2, 0, 2, 1, 3, 4, 3, 1, 1, 4, 3, 1, 1, 1, 2, 2, 1, 1, 1, 0, 1, 2, 3, 2, 1, 1, 2, 2, 4, 3, 0, 1, 2, 3, 1, 2, 2, 1, 1, 0, 1, 3, 1, 2, 2, 2, 0, 1, 1, 2, 2, 2, 0, 2, 1, 1, 0, 0, 1, 2, 3, 1, 1, 3]|[0, 0, 2, 1, 1, 1, 2, 0, 0, 3, 3, 2, 0, 2, 2, 0, 1, 1, 0, 0, 3, 0, 1, 1, 0, 2, 0, 1, 0, 2, 1, 0, 1, 1, 0, 0, 0, 0, 2, 1, 3, 1, 2, 1, 2, 1, 0, 1, 1, 2, 1, 0, 1, 2, 0, 2, 0, 2, 2, 0, 2, 1, 0, 0, 0, 2, 2, 2, 0, 0, 1, 1, 0, 0, 1, 2, 0, 1, 2, 2, 2, 0, 3, 2, 2, 0, 0, 0, 0, 0, 2, 1, 1, 3, 1, 0, 0, 0, 0, 1],1076.022996346988;121518.607715956260;332412.294062093000,false,0
41,1,4100,G4_BALANCED,[63, 30, 89, 27, 96, 75, 26, 76, 58, 1, 12, 18, 78, 16, 80, 84, 49, 11, 85, 15, 83, 47, 0, 14, 64, 25, 66, 65, 81, 44, 29, 82, 13, 4, 86, 7, 54, 52, 56, 21, 32, 48, 38, 74, 39, 33, 60, 71, 69, 31, 90, 3, 34, 99, 43, 67, 35, 53, 20, 10, 87, 22, 91, 41, 19, 79, 57, 61, 70, 88, 45, 37, 51, 94, 2, 59, 55, 28, 62, 36, 92, 23, 42, 9, 73, 8, 6, 5, 40, 98, 24, 97, 77, 95, 46, 72, 17, 93, 50, 68]|[2, 1, 1, 2, 1, 0, 0, 0, 2, 2, 1, 1, 0, 2, 2, 1, 1, 2, 1, 1, 2, 0, 1, 0, 2, 1, 1, 0, 1, 2, 2, 2, 2, 1, 0, 0, 1, 2, 1, 1, 2, 2, 2, 2, 2, 2, 0, 1, 0, 0, 1, 1, 1, 2, 1, 1, 1, 1, 2, 1, 2, 1, 1, 0, 2, 1, 0, 1, 0, 1, 2, 1, 1, 2, 1, 2, 2, 2, 2, 1, 1, 1, 2, 1, 2, 1, 0, 0, 1, 1, 1, 2, 2, 2, 2, 0, 1, 1, 1, 2]|[4, 1, 0, 3, 1, 2, 1, 2, 4, 2, 3, 0, 1, 1, 2, 0, 1, 4, 1, 2, 2, 2, 2, 0, 1, 1, 0, 0, 3, 2, 1, 0, 4, 0, 2, 2, 2, 0, 2, 1, 3, 4, 3, 2, 1, 4, 0, 2, 1, 2, 3, 2, 1, 1, 1, 0, 1, 2, 4, 2, 1, 1, 2, 2, 4, 3, 2, 1, 2, 3, 3, 2, 2, 1, 1, 0, 3, 3, 1, 2, 2, 2, 0, 1, 1, 2, 2, 2, 3, 1, 1, 1, 0, 0, 0, 0, 1, 1, 1, 3]|[0, 0, 2, 1, 1, 1, 1, 0, 0, 3, 1, 2, 0, 2, 2, 0, 0, 1, 0, 0, 3, 0, 1, 1, 0, 2, 0, 1, 0, 2, 1, 0, 1, 1, 0, 1, 2, 0, 2, 1, 3, 1, 2, 1, 2, 1, 0, 2, 0, 1, 1, 0, 1, 2, 0, 2, 0, 2, 0, 0, 2, 1, 0, 0, 0, 2, 1, 2, 0, 0, 1, 1, 0, 0, 1, 2, 2, 1, 2, 2, 2, 0, 3, 2, 0, 0, 0, 0, 1, 1, 0, 2, 1, 3, 3, 0, 1, 0, 0, 0],997.448500391792;122002.332748430490;339803.297442160840,false,0
41,1,4100,G2_TEC,[63, 30, 89, 27, 96, 75, 26, 76, 58, 1, 12, 18, 78, 16, 80, 84, 49, 11, 85, 15, 83, 47, 0, 14, 64, 25, 66, 65, 81, 95, 29, 82, 13, 4, 86, 7, 54, 52, 56, 21, 32, 48, 38, 74, 39, 33, 60, 71, 69, 31, 90, 3, 34, 99, 43, 67, 35, 53, 20, 41, 87, 22, 91, 10, 19, 79, 57, 61, 70, 88, 45, 37, 51, 94, 2, 59, 55, 28, 62, 36, 92, 23, 42, 9, 73, 8, 6, 40, 5, 98, 97, 77, 17, 44, 46, 72, 24, 93, 50, 68]|[2, 0, 1, 2, 1, 0, 0, 0, 2, 2, 2, 1, 0, 2, 2, 1, 1, 2, 1, 1, 2, 0, 1, 0, 2, 1, 1, 1, 1, 2, 2, 2, 2, 1, 0, 0, 1, 2, 1, 1, 2, 2, 2, 0, 2, 2, 1, 1, 1, 2, 0, 1, 1, 2, 1, 1, 1, 1, 2, 0, 2, 1, 1, 0, 2, 1, 2, 1, 2, 1, 2, 1, 1, 2, 1, 2, 2, 2, 1, 1, 1, 1, 2, 1, 2, 1, 0, 1, 0, 1, 2, 2, 1, 2, 2, 0, 1, 1, 1, 2]|[4, 2, 0, 3, 1, 2, 1, 2, 4, 2, 2, 0, 1, 1, 2, 2, 1, 1, 1, 2, 2, 2, 2, 0, 1, 1, 3, 1, 3, 0, 1, 0, 4, 0, 2, 2, 2, 0, 2, 1, 3, 4, 3, 1, 1, 4, 3, 1, 1, 1, 2, 2, 2, 1, 1, 0, 1, 2, 4, 2, 1, 1, 2, 2, 4, 3, 4, 1, 3, 3, 3, 2, 2, 4, 1, 0, 3, 3, 3, 3, 2, 2, 0, 1, 1, 2, 2, 3, 2, 2, 1, 0, 1, 0, 1, 2, 1, 1, 1, 3]|[0, 1, 2, 1, 1, 1, 1, 0, 0, 3, 3, 2, 0, 2, 2, 0, 0, 2, 0, 0, 3, 0, 1, 1, 0, 2, 0, 2, 0, 3, 1, 0, 1, 1, 0, 1, 0, 0, 2, 1, 3, 1, 2, 1, 2, 1, 0, 1, 1, 2, 1, 0, 1, 2, 0, 2, 0, 2, 0, 0, 2, 1, 0, 0, 0, 2, 1, 2, 1, 0, 1, 0, 0, 1, 1, 2, 2, 1, 1, 1, 2, 0, 3, 2, 0, 0, 0, 2, 0, 0, 2, 1, 1, 3, 1, 0, 0, 0, 0, 0],1002.642179807201;121550.520778400120;338683.399378850900,false,0
41,1,4100,G3_TWC,[63, 30, 89, 27, 96, 75, 26, 76, 58, 1, 12, 18, 78, 16, 80, 84, 49, 11, 85, 15, 83, 47, 0, 14, 64, 25, 66, 65, 81, 44, 29, 82, 13, 4, 86, 7, 54, 52, 56, 21, 32, 48, 38, 74, 39, 33, 60, 71, 69, 31, 90, 3, 34, 99, 43, 67, 35, 53, 20, 10, 87, 22, 91, 41, 19, 79, 57, 61, 70, 88, 45, 37, 51, 94, 2, 59, 55, 28, 62, 36, 92, 23, 42, 9, 73, 8, 6, 5, 40, 98, 97, 77, 17, 95, 46, 72, 24, 93, 50, 68]|[2, 0, 1, 2, 1, 0, 1, 0, 2, 2, 2, 1, 0, 2, 2, 1, 1, 2, 1, 1, 2, 0, 1, 0, 2, 1, 1, 0, 1, 2, 2, 2, 2, 1, 0, 0, 1, 2, 1, 1, 2, 2, 2, 0, 2, 2, 0, 1, 0, 2, 1, 1, 1, 2, 1, 1, 1, 1, 2, 1, 2, 1, 1, 0, 2, 1, 2, 1, 0, 1, 2, 1, 1, 2, 1, 2, 2, 2, 1, 1, 1, 1, 2, 1, 2, 1, 1, 0, 1, 1, 2, 1, 1, 2, 2, 0, 1, 1, 1, 2]|[4, 2, 0, 3, 1, 2, 3, 2, 4, 2, 2, 0, 1, 1, 2, 2, 1, 1, 1, 2, 2, 2, 2, 0, 1, 1, 0, 0, 3, 2, 1, 0, 4, 0, 2, 2, 2, 0, 2, 1, 3, 4, 3, 1, 1, 4, 0, 1, 1, 1, 3, 2, 2, 1, 1, 0, 1, 2, 4, 2, 1, 1, 2, 2, 4, 3, 4, 1, 0, 3, 3, 2, 2, 4, 1, 0, 3, 3, 0, 3, 2, 2, 0, 1, 1, 0, 1, 0, 3, 2, 1, 1, 1, 0, 1, 2, 3, 1, 1, 3]|[0, 1, 2, 1, 1, 1, 2, 0, 0, 3, 3, 2, 0, 2, 2, 0, 0, 2, 0, 0, 3, 0, 1, 1, 0, 2, 0, 1, 0, 2, 1, 0, 1, 1, 0, 1, 0, 0, 2, 1, 3, 1, 2, 1, 2, 1, 0, 1, 0, 2, 1, 0, 1, 2, 0, 2, 0, 2, 0, 0, 2, 1, 0, 0, 0, 2, 1, 2, 1, 0, 1, 0, 0, 1, 1, 2, 2, 1, 1, 1, 2, 0, 3, 2, 0, 1, 0, 0, 2, 0, 2, 1, 1, 3, 1, 0, 0, 0, 0, 0],1025.258377195287;121457.055107610880;333781.991137626500,false,0
42,1,4200,G1_CMAX,[63, 30, 89, 27, 96, 75, 26, 76, 58, 1, 12, 18, 78, 16, 80, 84, 49, 11, 85, 15, 83, 47, 0, 14, 64, 25, 66, 65, 81, 44, 29, 82, 13, 4, 86, 7, 54, 52, 56, 21, 32, 48, 38, 74, 39, 33, 60, 71, 69, 31, 90, 43, 37, 99, 24, 67, 53, 35, 20, 10, 87, 22, 91, 41, 19, 79, 57, 61, 70, 88, 45, 34, 51, 94, 2, 59, 55, 28, 62, 36, 92, 23, 42, 8, 50, 9, 6, 68, 93, 5, 72, 17, 73, 40, 97, 98, 77, 95, 3, 46]|[2, 0, 1, 0, 0, 2, 0, 0, 2, 0, 2, 1, 0, 0, 2, 1, 1, 2, 1, 0, 2, 0, 0, 0, 0, 1, 1, 1, 1, 2, 2, 2, 2, 0, 0, 0, 1, 0, 1, 2, 2, 1, 2, 2, 0, 2, 0, 1, 1, 2, 0, 1, 1, 2, 1, 1, 2, 1, 0, 1, 1, 0, 1, 0, 2, 1, 0, 0, 1, 0, 2, 1, 0, 2, 1, 2, 1, 1, 1, 2, 1, 2, 2, 0, 1, 0, 0, 1, 2, 2, 0, 0, 1, 2, 2, 1, 2, 2, 2, 2]|[4, 2, 0, 0, 2, 2, 1, 2, 4, 2, 1, 0, 1, 0, 0, 2, 1, 1, 1, 2, 2, 1, 1, 0, 2, 1, 0, 1, 3, 2, 4, 0, 3, 0, 2, 2, 2, 2, 2, 0, 3, 0, 4, 2, 1, 4, 0, 1, 1, 0, 2, 2, 1, 1, 3, 0, 1, 2, 0, 1, 1, 2, 3, 2, 4, 3, 2, 0, 0, 1, 3, 1, 0, 4, 2, 0, 0, 2, 1, 4, 0, 3, 0, 0, 1, 0, 1, 2, 4, 1, 0, 1, 1, 0, 1, 2, 0, 0, 2, 1]|[0, 1, 2, 0, 1, 3, 1, 0, 0, 1, 3, 2, 0, 0, 0, 0, 0, 2, 0, 0, 3, 1, 1, 1, 0, 2, 0, 0, 0, 2, 1, 0, 3, 1, 0, 1, 2, 1, 2, 1, 3, 1, 3, 1, 1, 0, 0, 0, 1, 0, 1, 0, 1, 2, 0, 2, 2, 2, 0, 0, 1, 0, 1, 0, 0, 2, 0, 1, 1, 0, 1, 0, 1, 1, 2, 2, 2, 0, 1, 2, 1, 1, 3, 1, 0, 1, 0, 0, 1, 2, 0, 1, 2, 3, 2, 0, 1, 3, 2, 1],831.113748089086;129041.187836057880;358700.680388901270,false,0
42,1,4200,G4_BALANCED,[63, 30, 89, 27, 96, 75, 26, 76, 58, 1, 12, 18, 78, 16, 80, 84, 49, 11, 85, 15, 83, 47, 0, 14, 64, 25, 66, 65, 81, 44, 29, 82, 13, 4, 86, 7, 54, 52, 56, 21, 32, 48, 38, 74, 39, 33, 60, 71, 69, 31, 90, 3, 34, 99, 43, 67, 35, 53, 20, 10, 87, 22, 91, 41, 19, 79, 57, 61, 70, 88, 45, 37, 51, 94, 2, 59, 55, 28, 62, 36, 92, 23, 42, 9, 73, 8, 6, 5, 40, 98, 24, 97, 77, 95, 46, 72, 17, 93, 50, 68]|[2, 1, 1, 2, 1, 0, 0, 0, 2, 2, 1, 1, 0, 2, 2, 1, 1, 2, 1, 1, 2, 0, 1, 0, 2, 1, 1, 0, 1, 2, 2, 2, 2, 1, 0, 0, 1, 2, 1, 1, 2, 2, 2, 2, 2, 2, 0, 1, 0, 0, 1, 1, 1, 2, 1, 1, 1, 1, 2, 1, 2, 1, 1, 0, 2, 1, 0, 1, 0, 1, 2, 1, 1, 2, 1, 2, 2, 2, 2, 1, 1, 1, 2, 1, 2, 1, 0, 0, 1, 1, 1, 2, 2, 2, 2, 0, 1, 1, 1, 2]|[4, 1, 0, 3, 1, 2, 1, 2, 4, 2, 3, 0, 1, 1, 2, 0, 1, 4, 1, 2, 2, 2, 2, 0, 1, 1, 0, 0, 3, 2, 1, 0, 4, 0, 2, 2, 2, 0, 2, 1, 3, 4, 3, 2, 1, 4, 0, 2, 1, 2, 3, 2, 1, 1, 1, 0, 1, 2, 4, 2, 1, 1, 2, 2, 4, 3, 2, 1, 2, 3, 3, 2, 2, 1, 1, 0, 3, 3, 1, 2, 2, 2, 0, 1, 1, 2, 2, 2, 3, 1, 1, 1, 0, 0, 0, 0, 1, 1, 1, 3]|[0, 0, 2, 1, 1, 1, 1, 0, 0, 3, 1, 2, 0, 2, 2, 0, 0, 1, 0, 0, 3, 0, 1, 1, 0, 2, 0, 1, 0, 2, 1, 0, 1, 1, 0, 1, 2, 0, 2, 1, 3, 1, 2, 1, 2, 1, 0, 2, 0, 1, 1, 0, 1, 2, 0, 2, 0, 2, 0, 0, 2, 1, 0, 0, 0, 2, 1, 2, 0, 0, 1, 1, 0, 0, 1, 2, 2, 1, 2, 2, 2, 0, 3, 2, 0, 0, 0, 0, 1, 1, 0, 2, 1, 3, 3, 0, 1, 0, 0, 0],997.448500391792;122002.332748430490;339803.297442160840,false,0
42,1,4200,G2_TEC,[63, 30, 89, 27, 96, 75, 26, 76, 58, 1, 12, 18, 78, 16, 80, 84, 49, 11, 85, 15, 83, 47, 0, 14, 64, 25, 66, 65, 81, 95, 29, 82, 13, 4, 86, 7, 54, 52, 56, 21, 32, 48, 38, 74, 39, 33, 60, 71, 69, 31, 90, 3, 34, 99, 43, 67, 35, 53, 20, 41, 87, 22, 91, 10, 19, 79, 57, 61, 70, 88, 45, 37, 51, 94, 2, 59, 55, 28, 62, 36, 92, 23, 42, 9, 73, 8, 6, 40, 5, 98, 97, 77, 17, 44, 46, 72, 24, 93, 50, 68]|[2, 0, 1, 2, 1, 0, 0, 0, 2, 2, 2, 1, 0, 2, 2, 1, 1, 2, 1, 1, 2, 0, 1, 0, 2, 1, 1, 1, 1, 2, 2, 2, 2, 1, 0, 0, 1, 2, 1, 1, 2, 2, 2, 0, 2, 2, 1, 1, 1, 2, 0, 1, 1, 2, 1, 1, 1, 1, 2, 0, 2, 1, 1, 0, 2, 1, 2, 1, 2, 1, 2, 1, 1, 2, 1, 2, 2, 2, 1, 1, 1, 1, 2, 1, 2, 1, 0, 1, 0, 1, 2, 2, 1, 2, 2, 0, 1, 1, 1, 2]|[4, 2, 0, 3, 1, 2, 1, 2, 4, 2, 2, 0, 1, 1, 2, 2, 1, 1, 1, 2, 2, 2, 2, 0, 1, 1, 3, 1, 3, 0, 1, 0, 4, 0, 2, 2, 2, 0, 2, 1, 3, 4, 3, 1, 1, 4, 3, 1, 1, 1, 2, 2, 2, 1, 1, 0, 1, 2, 4, 2, 1, 1, 2, 2, 4, 3, 4, 1, 3, 3, 3, 2, 2, 4, 1, 0, 3, 3, 3, 3, 2, 2, 0, 1, 1, 2, 2, 3, 2, 2, 1, 0, 1, 0, 1, 2, 1, 1, 1, 3]|[0, 1, 2, 1, 1, 1, 1, 0, 0, 3, 3, 2, 0, 2, 2, 0, 0, 2, 0, 0, 3, 0, 1, 1, 0, 2, 0, 2, 0, 3, 1, 0, 1, 1, 0, 1, 0, 0, 2, 1, 3, 1, 2, 1, 2, 1, 0, 1, 1, 2, 1, 0, 1, 2, 0, 2, 0, 2, 0, 0, 2, 1, 0, 0, 0, 2, 1, 2, 1, 0, 1, 0, 0, 1, 1, 2, 2, 1, 1, 1, 2, 0, 3, 2, 0, 0, 0, 2, 0, 0, 2, 1, 1, 3, 1, 0, 0, 0, 0, 0],1002.642179807201;121550.520778400120;338683.399378850900,false,0
42,1,4200,G3_TWC,[63, 30, 89, 27, 96, 75, 26, 76, 58, 1, 12, 18, 78, 16, 80, 84, 49, 11, 85, 15, 83, 47, 0, 14, 64, 25, 66, 65, 81, 44, 29, 82, 13, 4, 86, 7, 54, 52, 56, 21, 32, 48, 38, 74, 39, 33, 60, 71, 69, 31, 90, 3, 34, 99, 43, 67, 35, 53, 20, 10, 87, 22, 91, 41, 19, 79, 57, 61, 70, 88, 45, 37, 51, 94, 2, 59, 55, 28, 62, 36, 92, 23, 42, 9, 73, 8, 6, 5, 40, 98, 97, 77, 17, 95, 46, 72, 24, 93, 50, 68]|[2, 0, 1, 2, 1, 0, 1, 0, 2, 2, 2, 1, 0, 2, 2, 1, 1, 2, 1, 1, 2, 0, 1, 0, 2, 1, 1, 0, 1, 2, 2, 2, 2, 1, 0, 0, 1, 2, 1, 1, 2, 2, 2, 0, 2, 2, 0, 1, 0, 2, 1, 1, 1, 2, 1, 1, 1, 1, 2, 1, 2, 1, 1, 0, 2, 1, 2, 1, 0, 1, 2, 1, 1, 2, 1, 2, 2, 2, 1, 1, 1, 1, 2, 1, 2, 1, 1, 0, 1, 1, 2, 1, 1, 2, 2, 0, 1, 1, 1, 2]|[4, 2, 0, 3, 1, 2, 3, 2, 4, 2, 2, 0, 1, 1, 2, 2, 1, 1, 1, 2, 2, 2, 2, 0, 1, 1, 0, 0, 3, 2, 1, 0, 4, 0, 2, 2, 2, 0, 2, 1, 3, 4, 3, 1, 1, 4, 0, 1, 1, 1, 3, 2, 2, 1, 1, 0, 1, 2, 4, 2, 1, 1, 2, 2, 4, 3, 4, 1, 0, 3, 3, 2, 2, 4, 1, 0, 3, 3, 0, 3, 2, 2, 0, 1, 1, 0, 1, 0, 3, 2, 1, 1, 1, 0, 1, 2, 3, 1, 1, 3]|[0, 1, 2, 1, 1, 1, 2, 0, 0, 3, 3, 2, 0, 2, 2, 0, 0, 2, 0, 0, 3, 0, 1, 1, 0, 2, 0, 1, 0, 2, 1, 0, 1, 1, 0, 1, 0, 0, 2, 1, 3, 1, 2, 1, 2, 1, 0, 1, 0, 2, 1, 0, 1, 2, 0, 2, 0, 2, 0, 0, 2, 1, 0, 0, 0, 2, 1, 2, 1, 0, 1, 0, 0, 1, 1, 2, 2, 1, 1, 1, 2, 0, 3, 2, 0, 1, 0, 0, 2, 0, 2, 1, 1, 3, 1, 0, 0, 0, 0, 0],1025.258377195287;121457.055107610880;333781.991137626500,false,0
43,1,4300,G1_CMAX,[63, 30, 89, 27, 96, 75, 26, 76, 58, 1, 12, 18, 78, 16, 80, 84, 49, 11, 85, 15, 83, 47, 0, 14, 64, 25, 66, 65, 81, 44, 29, 82, 13, 4, 86, 7, 54, 52, 56, 21, 32, 48, 38, 74, 39, 33, 60, 71, 69, 31, 90, 43, 37, 99, 24, 67, 53, 35, 20, 10, 87, 22, 91, 41, 19, 79, 57, 61, 70, 88, 45, 34, 51, 94, 2, 59, 55, 28, 62, 36, 92, 23, 42, 8, 50, 9, 6, 68, 93, 5, 72, 17, 73, 40, 97, 98, 77, 95, 3, 46]|[2, 0, 1, 0, 0, 2, 0, 0, 2, 0, 2, 1, 0, 0, 2, 1, 1, 2, 1, 0, 2, 0, 0, 0, 0, 1, 1, 1, 1, 2, 2, 2, 2, 0, 0, 0, 1, 0, 1, 2, 2, 1, 2, 2, 0, 2, 0, 1, 1, 2, 0, 1, 1, 2, 1, 1, 2, 1, 0, 1, 1, 0, 1, 0, 2, 1, 0, 0, 1, 0, 2, 1, 0, 2, 1, 2, 1, 1, 1, 2, 1, 2, 2, 0, 1, 0, 0, 1, 2, 2, 0, 0, 1, 2, 2, 1, 2, 2, 2, 2]|[4, 2, 0, 0, 2, 2, 1, 2, 4, 2, 1, 0, 1, 0, 0, 2, 1, 1, 1, 2, 2, 1, 1, 0, 2, 1, 0, 1, 3, 2, 4, 0, 3, 0, 2, 2, 2, 2, 2, 0, 3, 0, 4, 2, 1, 4, 0, 1, 1, 0, 2, 2, 1, 1, 3, 0, 1, 2, 0, 1, 1, 2, 3, 2, 4, 3, 2, 0, 0, 1, 3, 1, 0, 4, 2, 0, 0, 2, 1, 4, 0, 3, 0, 0, 1, 0, 1, 2, 4, 1, 0, 1, 1, 0, 1, 2, 0, 0, 2, 1]|[0, 1, 2, 0, 1, 3, 1, 0, 0, 1, 3, 2, 0, 0, 0, 0, 0, 2, 0, 0, 3, 1, 1, 1, 0, 2, 0, 0, 0, 2, 1, 0, 3, 1, 0, 1, 2, 1, 2, 1, 3, 1, 3, 1, 1, 0, 0, 0, 1, 0, 1, 0, 1, 2, 0, 2, 2, 2, 0, 0, 1, 0, 1, 0, 0, 2, 0, 1, 1, 0, 1, 0, 1, 1, 2, 2, 2, 0, 1, 2, 1, 1, 3, 1, 0, 1, 0, 0, 1, 2, 0, 1, 2, 3, 2, 0, 1, 3, 2, 1],831.113748089086;129041.187836057880;358700.680388901270,false,0
43,1,4300,G4_BALANCED,[63, 30, 89, 27, 96, 75, 26, 76, 58, 1, 12, 18, 78, 16, 80, 84, 49, 11, 85, 15, 83, 47, 0, 14, 64, 25, 66, 65, 81, 44, 29, 82, 13, 4, 86, 7, 54, 52, 56, 21, 32, 48, 38, 74, 39, 33, 60, 71, 69, 31, 90, 3, 34, 99, 43, 67, 35, 53, 20, 41, 87, 22, 91, 10, 19, 79, 57, 92, 70, 88, 45, 37, 51, 94, 2, 59, 55, 28, 62, 36, 61, 23, 42, 9, 73, 8, 6, 40, 95, 98, 24, 97, 93, 46, 5, 77, 50, 17, 72, 68]|[2, 1, 1, 2, 1, 0, 0, 0, 2, 2, 2, 1, 0, 2, 2, 1, 2, 2, 1, 1, 2, 0, 1, 0, 2, 1, 1, 0, 1, 2, 2, 2, 2, 1, 0, 0, 1, 2, 1, 1, 2, 2, 2, 0, 2, 2, 0, 1, 0, 2, 0, 1, 1, 2, 1, 1, 1, 1, 2, 0, 2, 1, 1, 1, 2, 1, 0, 1, 2, 1, 2, 1, 1, 2, 1, 2, 2, 2, 2, 1, 1, 1, 2, 1, 2, 1, 0, 1, 1, 1, 2, 2, 1, 2, 2, 2, 1, 1, 1, 2]|[4, 1, 0, 3, 1, 2, 1, 2, 4, 2, 2, 0, 1, 1, 2, 2, 3, 1, 1, 2, 2, 2, 2, 0, 2, 1, 0, 0, 3, 2, 1, 0, 4, 0, 2, 2, 2, 0, 2, 1, 3, 4, 3, 1, 2, 4, 0, 1, 1, 1, 2, 2, 2, 1, 1, 0, 1, 2, 4, 2, 1, 1, 2, 2, 4, 3, 2, 1, 3, 3, 3, 2, 2, 1, 1, 0, 3, 3, 1, 3, 2, 2, 0, 1, 1, 3, 2, 3, 1, 2, 1, 1, 1, 1, 0, 0, 1, 1, 3, 3]|[0, 0, 2, 1, 1, 1, 1, 0, 0, 3, 3, 2, 0, 2, 2, 0, 1, 2, 0, 0, 3, 0, 1, 1, 3, 2, 0, 1, 0, 2, 1, 0, 1, 1, 0, 1, 2, 0, 2, 1, 3, 1, 2, 1, 0, 1, 0, 1, 0, 2, 1, 0, 1, 2, 0, 2, 0, 2, 0, 0, 2, 1, 0, 0, 0, 2, 1, 2, 1, 0, 1, 1, 0, 0, 1, 2, 2, 1, 2, 1, 2, 0, 3, 2, 0, 1, 0, 2, 0, 0, 2, 2, 0, 1, 3, 1, 0, 1, 1, 0],984.397728386481;121048.113161462930;338767.762449169400,false,0
43,1,4300,G2_TEC,[63, 30, 89, 27, 96, 75, 26, 76, 58, 1, 12, 18, 78, 16, 80, 84, 49, 11, 85, 15, 83, 47, 0, 14, 64, 25, 66, 65, 81, 95, 29, 82, 13, 4, 86, 7, 54, 52, 56, 21, 32, 48, 38, 74, 39, 33, 60, 71, 69, 31, 90, 3, 34, 99, 43, 67, 35, 53, 20, 41, 87, 22, 91, 10, 19, 79, 57, 61, 70, 88, 45, 37, 51, 94, 2, 59, 55, 28, 62, 36, 92, 23, 42, 9, 73, 8, 6, 40, 5, 98, 97, 77, 17, 44, 46, 72, 24, 93, 50, 68]|[2, 0, 1, 2, 1, 0, 0, 0, 2, 2, 2, 1, 0, 2, 2, 1, 1, 2, 1, 1, 2, 0, 1, 0, 2, 1, 1, 1, 1, 2, 2, 2, 2, 1, 0, 0, 1, 2, 1, 1, 2, 2, 2, 0, 2, 2, 1, 1, 1, 2, 0, 1, 1, 2, 1, 1, 1, 1, 2, 0, 2, 1, 1, 0, 2, 1, 2, 1, 2, 1, 2, 1, 1, 2, 1, 2, 2, 2, 1, 1, 1, 1, 2, 1, 2, 1, 0, 1, 0, 1, 2, 2, 1, 2, 2, 0, 1, 1, 1, 2]|[4, 2, 0, 3, 1, 2, 1, 2, 4, 2, 2, 0, 1, 1, 2, 2, 1, 1, 1, 2, 2, 2, 2, 0, 1, 1, 3, 1, 3, 0, 1, 0, 4, 0, 2, 2, 2, 0, 2, 1, 3, 4, 3, 1, 1, 4, 3, 1, 1, 1, 2, 2, 2, 1, 1, 0, 1, 2, 4, 2, 1, 1, 2, 2, 4, 3, 4, 1, 3, 3, 3, 2, 2, 4, 1, 0, 3, 3, 3, 3, 2, 2, 0, 1, 1, 2, 2, 3, 2, 2, 1, 0, 1, 0, 1, 2, 1, 1, 1, 3]|[0, 1, 2, 1, 1, 1, 1, 0, 0, 3, 3, 2, 0, 2, 2, 0, 0, 2, 0, 0, 3, 0, 1, 1, 0, 2, 0, 2, 0, 3, 1, 0, 1, 1, 0, 1, 0, 0, 2, 1, 3, 1, 2, 1, 2, 1, 0, 1, 1, 2, 1, 0, 1, 2, 0, 2, 0, 2, 0, 0, 2, 1, 0, 0, 0, 2, 1, 2, 1, 0, 1, 0, 0, 1, 1, 2, 2, 1, 1, 1, 2, 0, 3, 2, 0, 0, 0, 2, 0, 0, 2, 1, 1, 3, 1, 0, 0, 0, 0, 0],1002.642179807201;121550.520778400120;338683.399378850900,false,0
43,1,4300,G3_TWC,[63, 30, 89, 27, 96, 75, 26, 76, 58, 1, 12, 18, 78, 16, 80, 84, 49, 11, 85, 15, 83, 47, 0, 14, 64, 25, 66, 65, 81, 44, 29, 82, 13, 4, 86, 7, 54, 52, 56, 21, 32, 48, 38, 74, 39, 33, 60, 71, 69, 31, 90, 3, 34, 99, 43, 67, 35, 53, 20, 10, 87, 22, 91, 41, 19, 79, 57, 61, 70, 88, 45, 37, 51, 94, 2, 59, 55, 28, 62, 36, 92, 23, 42, 9, 73, 8, 6, 93, 5, 17, 24, 98, 77, 95, 46, 50, 97, 40, 68, 72]|[2, 0, 1, 2, 1, 0, 1, 0, 2, 2, 1, 1, 0, 2, 2, 1, 1, 2, 1, 1, 2, 0, 1, 0, 2, 2, 1, 0, 1, 2, 2, 2, 2, 1, 0, 2, 1, 2, 1, 1, 2, 2, 2, 0, 2, 2, 1, 1, 0, 2, 1, 1, 0, 2, 1, 1, 1, 1, 1, 1, 2, 1, 1, 0, 2, 1, 2, 1, 2, 1, 1, 1, 1, 2, 1, 2, 2, 2, 1, 1, 1, 1, 2, 1, 1, 2, 0, 1, 0, 1, 1, 1, 1, 2, 2, 1, 2, 1, 2, 0]|[4, 2, 0, 3, 1, 2, 3, 2, 4, 2, 3, 0, 1, 1, 2, 2, 1, 1, 1, 2, 2, 2, 2, 0, 1, 3, 0, 0, 3, 2, 1, 0, 4, 0, 2, 1, 2, 0, 2, 1, 3, 4, 3, 1, 1, 4, 3, 1, 1, 1, 3, 2, 1, 1, 1, 0, 1, 2, 3, 2, 1, 1, 2, 2, 4, 3, 4, 1, 3, 3, 1, 2, 2, 4, 1, 0, 3, 3, 0, 3, 2, 2, 0, 1, 3, 0, 2, 1, 2, 1, 3, 2, 1, 0, 1, 1, 0, 1, 3, 2]|[0, 1, 2, 1, 1, 1, 2, 0, 0, 3, 1, 2, 0, 2, 2, 0, 0, 2, 0, 0, 3, 0, 1, 1, 0, 0, 0, 1, 0, 2, 1, 0, 1, 1, 0, 0, 2, 0, 2, 1, 3, 1, 2, 1, 2, 1, 0, 1, 0, 2, 1, 0, 1, 2, 0, 2, 0, 2, 2, 0, 2, 1, 0, 0, 0, 2, 1, 2, 1, 0, 0, 1, 0, 1, 1, 2, 2, 1, 1, 1, 2, 0, 3, 2, 1, 1, 0, 0, 0, 1, 0, 0, 2, 3, 1, 0, 3, 0, 0, 0],1024.864153246744;120939.208461991740;333318.146183017930,false,0
44,1,4400,G1_CMAX,[63, 30, 89, 27, 96, 75, 26, 76, 58, 1, 12, 18, 78, 16, 80, 84, 49, 11, 85, 15, 83, 47, 0, 14, 64, 25, 66, 65, 81, 44, 29, 82, 13, 4, 86, 7, 54, 52, 56, 21, 32, 48, 38, 74, 39, 33, 60, 71, 69, 31, 90, 43, 37, 99, 24, 67, 53, 35, 20, 10, 87, 22, 91, 41, 19, 79, 57, 61, 70, 88, 45, 34, 51, 94, 2, 59, 55, 28, 62, 36, 92, 23, 42, 8, 50, 9, 6, 68, 93, 5, 72, 17, 73, 40, 97, 98, 77, 95, 3, 46]|[2, 0, 1, 0, 0, 2, 0, 0, 2, 0, 2, 1, 0, 0, 2, 1, 1, 2, 1, 0, 2, 0, 0, 0, 0, 1, 1, 1, 1, 2, 2, 2, 2, 0, 0, 0, 1, 0, 1, 2, 2, 1, 2, 2, 0, 2, 0, 1, 1, 2, 0, 1, 1, 2, 1, 1, 2, 1, 0, 1, 1, 0, 1, 0, 2, 1, 0, 0, 1, 0, 2, 1, 0, 2, 1, 2, 1, 1, 1, 2, 1, 2, 2, 0, 1, 0, 0, 1, 2, 2, 0, 0, 1, 2, 2, 1, 2, 2, 2, 2]|[4, 2, 0, 0, 2, 2, 1, 2, 4, 2, 1, 0, 1, 0, 0, 2, 1, 1, 1, 2, 2, 1, 1, 0, 2, 1, 0, 1, 3, 2, 4, 0, 3, 0, 2, 2, 2, 2, 2, 0, 3, 0, 4, 2, 1, 4, 0, 1, 1, 0, 2, 2, 1, 1, 3, 0, 1, 2, 0, 1, 1, 2, 3, 2, 4, 3, 2, 0, 0, 1, 3, 1, 0, 4, 2, 0, 0, 2, 1, 4, 0, 3, 0, 0, 1, 0, 1, 2, 4, 1, 0, 1, 1, 0, 1, 2, 0, 0, 2, 1]|[0, 1, 2, 0, 1, 3, 1, 0, 0, 1, 3, 2, 0, 0, 0, 0, 0, 2, 0, 0, 3, 1, 1, 1, 0, 2, 0, 0, 0, 2, 1, 0, 3, 1, 0, 1, 2, 1, 2, 1, 3, 1, 3, 1, 1, 0, 0, 0, 1, 0, 1, 0, 1, 2, 0, 2, 2, 2, 0, 0, 1, 0, 1, 0, 0, 2, 0, 1, 1, 0, 1, 0, 1, 1, 2, 2, 2, 0, 1, 2, 1, 1, 3, 1, 0, 1, 0, 0, 1, 2, 0, 1, 2, 3, 2, 0, 1, 3, 2, 1],831.113748089086;129041.187836057880;358700.680388901270,false,0
44,1,4400,G4_BALANCED,[63, 30, 89, 27, 96, 75, 26, 76, 58, 1, 12, 18, 78, 16, 80, 84, 49, 11, 85, 15, 83, 47, 0, 14, 64, 25, 66, 65, 81, 44, 29, 82, 13, 4, 86, 7, 54, 52, 56, 21, 32, 48, 38, 74, 39, 33, 60, 71, 69, 31, 90, 3, 34, 99, 24, 67, 35, 53, 20, 91, 87, 22, 10, 41, 19, 79, 57, 61, 70, 88, 45, 37, 51, 94, 2, 59, 55, 28, 62, 36, 92, 23, 42, 8, 50, 9, 6, 68, 93, 98, 97, 77, 40, 95, 46, 72, 43, 73, 17, 5]|[2, 0, 1, 0, 1, 0, 0, 0, 2, 2, 2, 1, 0, 2, 2, 1, 2, 2, 1, 0, 2, 0, 1, 2, 0, 1, 1, 1, 1, 2, 2, 2, 2, 0, 0, 2, 1, 0, 1, 1, 2, 2, 2, 2, 2, 2, 1, 1, 0, 2, 0, 1, 1, 2, 1, 1, 2, 1, 2, 1, 1, 1, 1, 2, 2, 1, 0, 1, 0, 0, 1, 1, 1, 2, 2, 2, 1, 1, 1, 1, 1, 2, 2, 0, 1, 0, 0, 0, 1, 1, 2, 2, 0, 2, 2, 0, 2, 1, 2, 2]|[4, 2, 0, 0, 1, 2, 1, 2, 4, 2, 1, 0, 1, 1, 0, 2, 3, 4, 1, 2, 2, 1, 2, 0, 2, 1, 0, 1, 2, 0, 4, 0, 4, 0, 2, 1, 2, 2, 2, 1, 3, 4, 4, 2, 1, 4, 3, 1, 1, 0, 2, 2, 1, 1, 3, 0, 1, 2, 4, 1, 1, 1, 1, 2, 4, 3, 2, 1, 2, 1, 2, 1, 2, 1, 0, 0, 0, 2, 0, 3, 0, 3, 0, 0, 1, 0, 2, 2, 3, 2, 1, 0, 1, 0, 1, 2, 2, 1, 0, 1]|[0, 1, 2, 0, 1, 1, 1, 0, 0, 3, 3, 2, 0, 2, 0, 0, 1, 1, 0, 0, 3, 1, 1, 2, 0, 2, 0, 0, 0, 3, 1, 0, 1, 1, 0, 0, 0, 1, 2, 1, 3, 1, 3, 1, 2, 1, 0, 1, 0, 0, 1, 0, 0, 2, 0, 2, 2, 2, 0, 0, 1, 1, 0, 0, 0, 2, 0, 2, 0, 0, 2, 0, 0, 0, 3, 2, 2, 0, 1, 1, 1, 1, 3, 1, 0, 1, 0, 0, 1, 0, 2, 1, 1, 3, 1, 0, 2, 2, 1, 2],917.950515173499;125877.947334391310;345027.226359022550,false,0
44,1,4400,G2_TEC,[63, 30, 89, 27, 96, 75, 26, 76, 58, 1, 12, 18, 78, 16, 80, 84, 49, 11, 85, 15, 83, 47, 0, 14, 64, 25, 66, 65, 81, 95, 29, 82, 13, 4, 86, 7, 54, 52, 56, 21, 32, 48, 38, 74, 39, 33, 60, 71, 69, 31, 90, 3, 34, 99, 43, 67, 35, 53, 20, 41, 87, 22, 91, 10, 19, 79, 57, 61, 70, 88, 45, 37, 51, 94, 2, 59, 55, 28, 62, 36, 92, 23, 42, 9, 73, 8, 6, 40, 5, 98, 97, 77, 17, 44, 46, 72, 24, 93, 50, 68]|[2, 0, 1, 2, 1, 0, 0, 0, 2, 2, 2, 1, 0, 2, 2, 1, 1, 2, 1, 1, 2, 0, 1, 0, 2, 1, 1, 1, 1, 2, 2, 2, 2, 1, 0, 0, 1, 2, 1, 1, 2, 2, 2, 0, 2, 2, 1, 1, 1, 2, 0, 1, 1, 2, 1, 1, 1, 1, 2, 0, 2, 1, 1, 0, 2, 1, 2, 1, 2, 1, 2, 1, 1, 2, 1, 2, 2, 2, 1, 1, 1, 1, 2, 1, 2, 1, 0, 1, 0, 1, 2, 2, 1, 2, 2, 0, 1, 1, 1, 2]|[4, 2, 0, 3, 1, 2, 1, 2, 4, 2, 2, 0, 1, 1, 2, 2, 1, 1, 1, 2, 2, 2, 2, 0, 1, 1, 3, 1, 3, 0, 1, 0, 4, 0, 2, 2, 2, 0, 2, 1, 3, 4, 3, 1, 1, 4, 3, 1, 1, 1, 2, 2, 2, 1, 1, 0, 1, 2, 4, 2, 1, 1, 2, 2, 4, 3, 4, 1, 3, 3, 3, 2, 2, 4, 1, 0, 3, 3, 3, 3, 2, 2, 0, 1, 1, 2, 2, 3, 2, 2, 1, 0, 1, 0, 1, 2, 1, 1, 1, 3]|[0, 1, 2, 1, 1, 1, 1, 0, 0, 3, 3, 2, 0, 2, 2, 0, 0, 2, 0, 0, 3, 0, 1, 1, 0, 2, 0, 2, 0, 3, 1, 0, 1, 1, 0, 1, 0, 0, 2, 1, 3, 1, 2, 1, 2, 1, 0, 1, 1, 2, 1, 0, 1, 2, 0, 2, 0, 2, 0, 0, 2, 1, 0, 0, 0, 2, 1, 2, 1, 0, 1, 0, 0, 1, 1, 2, 2, 1, 1, 1, 2, 0, 3, 2, 0, 0, 0, 2, 0, 0, 2, 1, 1, 3, 1, 0, 0, 0, 0, 0],1002.642179807201;121550.520778400120;338683.399378850900,false,0
44,1,4400,G3_TWC,[63, 30, 89, 27, 96, 75, 26, 76, 58, 1, 12, 18, 78, 16, 80, 84, 49, 11, 85, 15, 83, 47, 0, 14, 64, 25, 66, 65, 81, 44, 29, 82, 13, 4, 86, 7, 54, 52, 56, 21, 32, 48, 38, 74, 39, 33, 60, 71, 69, 31, 90, 3, 34, 99, 43, 67, 35, 53, 20, 10, 87, 22, 91, 41, 19, 79, 57, 61, 70, 88, 45, 37, 51, 94, 2, 59, 55, 28, 62, 36, 92, 23, 42, 9, 73, 8, 6, 93, 5, 17, 24, 98, 77, 95, 46, 50, 97, 40, 68, 72]|[2, 0, 1, 2, 1, 0, 1, 0, 2, 2, 1, 1, 0, 2, 2, 1, 1, 2, 1, 1, 2, 0, 1, 0, 2, 2, 1, 0, 1, 2, 2, 2, 2, 1, 0, 2, 1, 2, 1, 1, 2, 2, 2, 0, 2, 2, 1, 1, 0, 2, 1, 1, 0, 2, 1, 1, 1, 1, 1, 1, 2, 1, 1, 0, 2, 1, 2, 1, 2, 1, 1, 1, 1, 2, 1, 2, 2, 2, 1, 1, 1, 1, 2, 1, 1, 2, 0, 1, 0, 1, 1, 1, 1, 2, 2, 1, 2, 1, 2, 0]|[4, 2, 0, 3, 1, 2, 3, 2, 4, 2, 3, 0, 1, 1, 2, 2, 1, 1, 1, 2, 2, 2, 2, 0, 1, 3, 0, 0, 3, 2, 1, 0, 4, 0, 2, 1, 2, 0, 2, 1, 3, 4, 3, 1, 1, 4, 3, 1, 1, 1, 3, 2, 1, 1, 1, 0, 1, 2, 3, 2, 1, 1, 2, 2, 4, 3, 4, 1, 3, 3, 1, 2, 2, 4, 1, 0, 3, 3, 0, 3, 2, 2, 0, 1, 3, 0, 2, 1, 2, 1, 3, 2, 1, 0, 1, 1, 0, 1, 3, 2]|[0, 1, 2, 1, 1, 1, 2, 0, 0, 3, 1, 2, 0, 2, 2, 0, 0, 2, 0, 0, 3, 0, 1, 1, 0, 0, 0, 1, 0, 2, 1, 0, 1, 1, 0, 0, 2, 0, 2, 1, 3, 1, 2, 1, 2, 1, 0, 1, 0, 2, 1, 0, 1, 2, 0, 2, 0, 2, 2, 0, 2, 1, 0, 0, 0, 2, 1, 2, 1, 0, 0, 1, 0, 1, 1, 2, 2, 1, 1, 1, 2, 0, 3, 2, 1, 1, 0, 0, 0, 1, 0, 0, 2, 3, 1, 0, 3, 0, 0, 0],1024.864153246744;120939.208461991740;333318.146183017930,false,0
45,1,4500,G1_CMAX,[63, 30, 89, 27, 96, 75, 26, 76, 58, 1, 12, 18, 78, 16, 80, 84, 49, 11, 85, 15, 83, 47, 0, 14, 64, 25, 66, 65, 81, 44, 29, 82, 13, 4, 86, 7, 54, 52, 56, 21, 32, 48, 38, 74, 39, 33, 60, 71, 69, 31, 90, 43, 37, 99, 24, 67, 53, 35, 20, 10, 87, 22, 91, 41, 19, 79, 57, 61, 70, 88, 45, 34, 51, 94, 2, 59, 55, 28, 62, 36, 92, 23, 42, 8, 50, 9, 6, 68, 93, 5, 72, 17, 73, 40, 97, 98, 77, 95, 3, 46]|[2, 0, 1, 0, 0, 2, 0, 0, 2, 0, 2, 1, 0, 0, 2, 1, 1, 2, 1, 0, 2, 0, 0, 0, 0, 1, 1, 1, 1, 2, 2, 2, 2, 0, 0, 0, 1, 0, 1, 2, 2, 1, 2, 2, 0, 2, 0, 1, 1, 2, 0, 1, 1, 2, 1, 1, 2, 1, 0, 1, 1, 0, 1, 0, 2, 1, 0, 0, 1, 0, 2, 1, 0, 2, 1, 2, 1, 1, 1, 2, 1, 2, 2, 0, 1, 0, 0, 1, 2, 2, 0, 0, 1, 2, 2, 1, 2, 2, 2, 2]|[4, 2, 0, 0, 2, 2, 1, 2, 4, 2, 1, 0, 1, 0, 0, 2, 1, 1, 1, 2, 2, 1, 1, 0, 2, 1, 0, 1, 3, 2, 4, 0, 3, 0, 2, 2, 2, 2, 2, 0, 3, 0, 4, 2, 1, 4, 0, 1, 1, 0, 2, 2, 1, 1, 3, 0, 1, 2, 0, 1, 1, 2, 3, 2, 4, 3, 2, 0, 0, 1, 3, 1, 0, 4, 2, 0, 0, 2, 1, 4, 0, 3, 0, 0, 1, 0, 1, 2, 4, 1, 0, 1, 1, 0, 1, 2, 0, 0, 2, 1]|[0, 1, 2, 0, 1, 3, 1, 0, 0, 1, 3, 2, 0, 0, 0, 0, 0, 2, 0, 0, 3, 1, 1, 1, 0, 2, 0, 0, 0, 2, 1, 0, 3, 1, 0, 1, 2, 1, 2, 1, 3, 1, 3, 1, 1, 0, 0, 0, 1, 0, 1, 0, 1, 2, 0, 2, 2, 2, 0, 0, 1, 0, 1, 0, 0, 2, 0, 1, 1, 0, 1, 0, 1, 1, 2, 2, 2, 0, 1, 2, 1, 1, 3, 1, 0, 1, 0, 0, 1, 2, 0, 1, 2, 3, 2, 0, 1, 3, 2, 1],831.113748089086;129041.187836057880;358700.680388901270,false,0
45,1,4500,G4_BALANCED,[63, 30, 89, 27, 96, 75, 26, 76, 58, 1, 12, 18, 78, 16, 80, 84, 49, 11, 85, 15, 83, 47, 0, 14, 64, 25, 66, 65, 81, 44, 29, 82, 13, 4, 86, 7, 54, 52, 56, 21, 32, 48, 38, 74, 39, 33, 60, 71, 69, 31, 90, 3, 34, 99, 43, 67, 35, 53, 20, 10, 87, 22, 91, 41, 19, 79, 57, 61, 70, 88, 45, 37, 51, 94, 2, 59, 55, 28, 62, 36, 92, 23, 42, 9, 73, 8, 6, 5, 40, 98, 24, 97, 17, 46, 93, 77, 68, 95, 72, 50]|[2, 0, 1, 2, 1, 0, 0, 0, 2, 2, 1, 2, 0, 2, 2, 1, 1, 2, 1, 1, 2, 0, 1, 0, 2, 1, 1, 0, 1, 2, 2, 2, 2, 1, 0, 0, 1, 2, 1, 1, 2, 2, 2, 0, 2, 2, 0, 1, 0, 2, 1, 1, 1, 2, 1, 1, 1, 1, 2, 1, 2, 1, 1, 0, 2, 1, 1, 1, 0, 1, 0, 1, 1, 2, 1, 2, 2, 2, 2, 1, 1, 0, 2, 1, 2, 1, 0, 0, 1, 1, 1, 2, 1, 2, 1, 2, 2, 2, 2, 1]|[4, 2, 0, 3, 1, 2, 1, 2, 4, 2, 3, 2, 1, 1, 2, 2, 1, 4, 1, 2, 2, 2, 2, 0, 1, 1, 0, 0, 3, 2, 1, 0, 4, 0, 2, 2, 2, 0, 2, 1, 3, 2, 3, 1, 1, 4, 0, 1, 1, 1, 3, 2, 1, 1, 1, 0, 1, 2, 4, 2, 1, 1, 2, 2, 4, 3, 3, 1, 0, 3, 1, 2, 2, 4, 1, 0, 3, 3, 1, 1, 2, 2, 0, 1, 1, 2, 2, 2, 1, 1, 3, 1, 1, 0, 1, 0, 3, 0, 0, 1]|[0, 1, 2, 1, 1, 1, 1, 0, 0, 3, 1, 2, 0, 2, 2, 0, 0, 1, 0, 0, 3, 0, 1, 1, 0, 2, 0, 1, 0, 2, 1, 0, 1, 1, 0, 1, 2, 0, 2, 1, 3, 3, 2, 1, 2, 1, 0, 1, 0, 2, 1, 0, 1, 2, 0, 2, 0, 2, 0, 0, 2, 1, 0, 0, 0, 2, 0, 2, 1, 0, 1, 1, 0, 1, 1, 2, 2, 1, 2, 1, 2, 0, 3, 2, 0, 0, 0, 0, 0, 1, 0, 2, 1, 3, 0, 1, 0, 3, 3, 0],944.776710098738;123381.685384915240;344691.073777006800,false,0
45,1,4500,G2_TEC,[63, 30, 89, 27, 96, 75, 26, 76, 58, 1, 12, 18, 78, 16, 80, 84, 49, 11, 85, 15, 83, 47, 0, 14, 64, 25, 66, 65, 81, 95, 29, 82, 13, 4, 86, 7, 54, 52, 56, 21, 32, 48, 38, 74, 39, 33, 60, 71, 69, 31, 90, 3, 34, 99, 43, 67, 35, 53, 20, 41, 87, 22, 91, 10, 19, 79, 57, 61, 70, 88, 45, 37, 51, 94, 2, 59, 55, 28, 62, 36, 92, 23, 42, 9, 73, 8, 6, 40, 5, 98, 97, 77, 17, 44, 46, 72, 24, 93, 50, 68]|[2, 0, 1, 2, 1, 0, 0, 0, 2, 2, 2, 1, 0, 2, 2, 1, 1, 2, 1, 1, 2, 0, 1, 0, 2, 1, 1, 1, 1, 2, 2, 2, 2, 1, 0, 0, 1, 2, 1, 1, 2, 2, 2, 0, 2, 2, 1, 1, 1, 2, 0, 1, 1, 2, 1, 1, 1, 1, 2, 0, 2, 1, 1, 0, 2, 1, 2, 1, 2, 1, 2, 1, 1, 2, 1, 2, 2, 2, 1, 1, 1, 1, 2, 1, 2, 1, 0, 1, 0, 1, 2, 2, 1, 2, 2, 0, 1, 1, 1, 2]|[4, 2, 0, 3, 1, 2, 1, 2, 4, 2, 2, 0, 1, 1, 2, 2, 1, 1, 1, 2, 2, 2, 2, 0, 1, 1, 3, 1, 3, 0, 1, 0, 4, 0, 2, 2, 2, 0, 2, 1, 3, 4, 3, 1, 1, 4, 3, 1, 1, 1, 2, 2, 2, 1, 1, 0, 1, 2, 4, 2, 1, 1, 2, 2, 4, 3, 4, 1, 3, 3, 3, 2, 2, 4, 1, 0, 3, 3, 3, 3, 2, 2, 0, 1, 1, 2, 2, 3, 2, 2, 1, 0, 1, 0, 1, 2, 1, 1, 1, 3]|[0, 1, 2, 1, 1, 1, 1, 0, 0, 3, 3, 2, 0, 2, 2, 0, 0, 2, 0, 0, 3, 0, 1, 1, 0, 2, 0, 2, 0, 3, 1, 0, 1, 1, 0, 1, 0, 0, 2, 1, 3, 1, 2, 1, 2, 1, 0, 1, 1, 2, 1, 0, 1, 2, 0, 2, 0, 2, 0, 0, 2, 1, 0, 0, 0, 2, 1, 2, 1, 0, 1, 0, 0, 1, 1, 2, 2, 1, 1, 1, 2, 0, 3, 2, 0, 0, 0, 2, 0, 0, 2, 1, 1, 3, 1, 0, 0, 0, 0, 0],1002.642179807201;121550.520778400120;338683.399378850900,false,0
45,1,4500,G3_TWC,[63, 30, 89, 27, 96, 75, 26, 76, 58, 1, 12, 18, 78, 16, 80, 84, 49, 11, 85, 15, 83, 47, 0, 14, 64, 25, 66, 65, 81, 44, 29, 82, 13, 4, 86, 7, 54, 52, 56, 21, 32, 48, 38, 74, 39, 33, 60, 71, 69, 31, 90, 3, 34, 99, 43, 67, 35, 53, 20, 10, 87, 22, 91, 41, 19, 79, 57, 61, 70, 88, 45, 37, 51, 94, 2, 59, 55, 28, 62, 36, 92, 23, 42, 9, 73, 8, 6, 93, 5, 17, 24, 98, 77, 95, 46, 50, 97, 40, 68, 72]|[2, 0, 1, 2, 1, 0, 1, 0, 2, 2, 1, 1, 0, 2, 2, 1, 1, 2, 1, 1, 2, 0, 1, 0, 2, 2, 1, 0, 1, 2, 2, 2, 2, 1, 0, 2, 1, 2, 1, 1, 2, 2, 2, 0, 2, 2, 1, 1, 0, 2, 1, 1, 0, 2, 1, 1, 1, 1, 1, 1, 2, 1, 1, 0, 2, 1, 2, 1, 2, 1, 1, 1, 1, 2, 1, 2, 2, 2, 1, 1, 1, 1, 2, 1, 1, 2, 0, 1, 0, 1, 1, 1, 1, 2, 2, 1, 2, 1, 2, 0]|[4, 2, 0, 3, 1, 2, 3, 2, 4, 2, 3, 0, 1, 1, 2, 2, 1, 1, 1, 2, 2, 2, 2, 0, 1, 3, 0, 0, 3, 2, 1, 0, 4, 0, 2, 1, 2, 0, 2, 1, 3, 4, 3, 1, 1, 4, 3, 1, 1, 1, 3, 2, 1, 1, 1, 0, 1, 2, 3, 2, 1, 1, 2, 2, 4, 3, 4, 1, 3, 3, 1, 2, 2, 4, 1, 0, 3, 3, 0, 3, 2, 2, 0, 1, 3, 0, 2, 1, 2, 1, 3, 2, 1, 0, 1, 1, 0, 1, 3, 2]|[0, 1, 2, 1, 1, 1, 2, 0, 0, 3, 1, 2, 0, 2, 2, 0, 0, 2, 0, 0, 3, 0, 1, 1, 0, 0, 0, 1, 0, 2, 1, 0, 1, 1, 0, 0, 2, 0, 2, 1, 3, 1, 2, 1, 2, 1, 0, 1, 0, 2, 1, 0, 1, 2, 0, 2, 0, 2, 2, 0, 2, 1, 0, 0, 0, 2, 1, 2, 1, 0, 0, 1, 0, 1, 1, 2, 2, 1, 1, 1, 2, 0, 3, 2, 1, 1, 0, 0, 0, 1, 0, 0, 2, 3, 1, 0, 3, 0, 0, 0],1024.864153246744;120939.208461991740;333318.146183017930,false,0
46,1,4600,G1_CMAX,[63, 30, 89, 27, 96, 75, 26, 76, 58, 1, 12, 18, 78, 16, 80, 84, 49, 11, 85, 15, 83, 47, 0, 14, 64, 25, 66, 65, 81, 44, 29, 82, 13, 4, 86, 7, 54, 52, 56, 21, 32, 48, 38, 74, 39, 33, 60, 71, 69, 31, 90, 43, 37, 99, 24, 67, 53, 35, 20, 10, 87, 22, 91, 41, 19, 79, 57, 61, 70, 88, 45, 34, 51, 94, 2, 59, 55, 28, 62, 36, 92, 23, 42, 8, 50, 9, 6, 68, 93, 5, 72, 17, 73, 40, 97, 98, 77, 95, 3, 46]|[2, 0, 1, 0, 0, 2, 0, 0, 2, 0, 2, 1, 0, 0, 2, 1, 1, 2, 1, 0, 2, 0, 0, 0, 0, 1, 1, 1, 1, 2, 2, 2, 2, 0, 0, 0, 1, 0, 1, 2, 2, 1, 2, 2, 0, 2, 0, 1, 1, 2, 0, 1, 1, 2, 1, 1, 2, 1, 0, 1, 1, 0, 1, 0, 2, 1, 0, 0, 1, 0, 2, 1, 0, 2, 1, 2, 1, 1, 1, 2, 1, 2, 2, 0, 1, 0, 0, 1, 2, 2, 0, 0, 1, 2, 2, 1, 2, 2, 2, 2]|[4, 2, 0, 0, 2, 2, 1, 2, 4, 2, 1, 0, 1, 0, 0, 2, 1, 1, 1, 2, 2, 1, 1, 0, 2, 1, 0, 1, 3, 2, 4, 0, 3, 0, 2, 2, 2, 2, 2, 0, 3, 0, 4, 2, 1, 4, 0, 1, 1, 0, 2, 2, 1, 1, 3, 0, 1, 2, 0, 1, 1, 2, 3, 2, 4, 3, 2, 0, 0, 1, 3, 1, 0, 4, 2, 0, 0, 2, 1, 4, 0, 3, 0, 0, 1, 0, 1, 2, 4, 1, 0, 1, 1, 0, 1, 2, 0, 0, 2, 1]|[0, 1, 2, 0, 1, 3, 1, 0, 0, 1, 3, 2, 0, 0, 0, 0, 0, 2, 0, 0, 3, 1, 1, 1, 0, 2, 0, 0, 0, 2, 1, 0, 3, 1, 0, 1, 2, 1, 2, 1, 3, 1, 3, 1, 1, 0, 0, 0, 1, 0, 1, 0, 1, 2, 0, 2, 2, 2, 0, 0, 1, 0, 1, 0, 0, 2, 0, 1, 1, 0, 1, 0, 1, 1, 2, 2, 2, 0, 1, 2, 1, 1, 3, 1, 0, 1, 0, 0, 1, 2, 0, 1, 2, 3, 2, 0, 1, 3, 2, 1],831.113748089086;129041.187836057880;358700.680388901270,false,0
46,1,4600,G4_BALANCED,[63, 30, 89, 27, 96, 75, 26, 76, 58, 1, 12, 18, 78, 16, 80, 84, 49, 11, 85, 15, 83, 47, 0, 14, 64, 25, 66, 65, 81, 44, 29, 82, 13, 4, 86, 7, 54, 52, 56, 21, 32, 48, 38, 74, 39, 33, 60, 71, 69, 31, 90, 3, 34, 99, 43, 67, 35, 53, 20, 10, 87, 22, 91, 41, 19, 79, 57, 61, 70, 88, 45, 37, 51, 94, 2, 59, 55, 28, 62, 36, 92, 23, 42, 9, 73, 8, 6, 40, 5, 98, 72, 77, 68, 95, 93, 46, 97, 17, 50, 24]|[2, 0, 1, 0, 1, 0, 0, 0, 2, 2, 2, 0, 0, 2, 2, 1, 2, 2, 1, 1, 2, 0, 1, 0, 2, 2, 1, 0, 1, 2, 2, 2, 2, 0, 0, 0, 1, 2, 1, 1, 2, 2, 1, 0, 1, 2, 0, 0, 0, 2, 0, 2, 1, 2, 1, 1, 1, 1, 2, 0, 2, 1, 1, 0, 2, 1, 2, 1, 1, 1, 2, 1, 2, 2, 1, 2, 1, 1, 2, 1, 1, 2, 2, 2, 1, 0, 0, 0, 0, 2, 0, 2, 1, 1, 1, 2, 2, 1, 1, 1]|[4, 2, 0, 0, 1, 2, 1, 2, 4, 4, 2, 1, 1, 1, 2, 2, 3, 4, 1, 2, 2, 2, 2, 0, 4, 1, 0, 0, 3, 2, 1, 0, 4, 0, 2, 2, 2, 0, 2, 1, 3, 4, 2, 1, 3, 4, 0, 1, 1, 1, 0, 2, 1, 1, 3, 0, 1, 2, 4, 2, 1, 1, 2, 2, 4, 3, 0, 1, 0, 3, 3, 2, 2, 1, 1, 0, 1, 2, 1, 2, 2, 1, 0, 0, 1, 0, 2, 1, 2, 4, 0, 0, 2, 1, 2, 1, 1, 1, 1, 3]|[0, 1, 2, 0, 1, 1, 1, 0, 0, 1, 3, 0, 0, 2, 2, 0, 1, 1, 0, 0, 3, 0, 1, 1, 1, 0, 0, 1, 0, 2, 1, 0, 1, 1, 0, 1, 2, 0, 2, 1, 3, 1, 2, 1, 2, 1, 0, 1, 0, 2, 0, 2, 1, 2, 0, 2, 0, 2, 0, 0, 2, 1, 0, 0, 0, 2, 2, 2, 1, 0, 1, 1, 0, 0, 1, 2, 0, 2, 2, 2, 2, 0, 3, 3, 2, 1, 0, 1, 0, 1, 0, 1, 0, 2, 0, 1, 2, 1, 0, 0],870.389323986920;126663.894140403750;351341.070933992160,false,0
46,1,4600,G2_TEC,[63, 30, 89, 27, 96, 75, 26, 76, 58, 1, 12, 18, 78, 16, 80, 84, 49, 11, 85, 15, 83, 47, 0, 14, 64, 25, 66, 65, 81, 95, 29, 82, 13, 4, 86, 7, 54, 52, 56, 21, 32, 48, 38, 74, 39, 33, 60, 71, 69, 31, 90, 3, 34, 99, 43, 67, 35, 53, 20, 41, 87, 22, 91, 10, 19, 79, 57, 61, 70, 88, 45, 37, 51, 94, 2, 59, 55, 28, 62, 36, 92, 23, 42, 9, 73, 8, 6, 40, 5, 98, 97, 77, 17, 44, 46, 72, 24, 93, 50, 68]|[2, 0, 1, 2, 1, 0, 0, 0, 2, 2, 2, 1, 0, 2, 2, 1, 1, 2, 1, 1, 2, 0, 1, 0, 2, 1, 1, 1, 1, 2, 2, 2, 2, 1, 0, 0, 1, 2, 1, 1, 2, 2, 2, 0, 2, 2, 1, 1, 1, 2, 0, 1, 1, 2, 1, 1, 1, 1, 2, 0, 2, 1, 1, 0, 2, 1, 2, 1, 2, 1, 2, 1, 1, 2, 1, 2, 2, 2, 1, 1, 1, 1, 2, 1, 2, 1, 0, 1, 0, 1, 2, 2, 1, 2, 2, 0, 1, 1, 1, 2]|[4, 2, 0, 3, 1, 2, 1, 2, 4, 2, 2, 0, 1, 1, 2, 2, 1, 1, 1, 2, 2, 2, 2, 0, 1, 1, 3, 1, 3, 0, 1, 0, 4, 0, 2, 2, 2, 0, 2, 1, 3, 4, 3, 1, 1, 4, 3, 1, 1, 1, 2, 2, 2, 1, 1, 0, 1, 2, 4, 2, 1, 1, 2, 2, 4, 3, 4, 1, 3, 3, 3, 2, 2, 4, 1, 0, 3, 3, 3, 3, 2, 2, 0, 1, 1, 2, 2, 3, 2, 2, 1, 0, 1, 0, 1, 2, 1, 1, 1, 3]|[0, 1, 2, 1, 1, 1, 1, 0, 0, 3, 3, 2, 0, 2, 2, 0, 0, 2, 0, 0, 3, 0, 1, 1, 0, 2, 0, 2, 0, 3, 1, 0, 1, 1, 0, 1, 0, 0, 2, 1, 3, 1, 2, 1, 2, 1, 0, 1, 1, 2, 1, 0, 1, 2, 0, 2, 0, 2, 0, 0, 2, 1, 0, 0, 0, 2, 1, 2, 1, 0, 1, 0, 0, 1, 1, 2, 2, 1, 1, 1, 2, 0, 3, 2, 0, 0, 0, 2, 0, 0, 2, 1, 1, 3, 1, 0, 0, 0, 0, 0],1002.642179807201;121550.520778400120;338683.399378850900,false,0
46,1,4600,G3_TWC,[63, 30, 89, 27, 96, 75, 26, 76, 58, 1, 12, 18, 78, 16, 80, 84, 49, 11, 85, 15, 83, 47, 0, 14, 64, 25, 66, 65, 81, 44, 29, 82, 13, 4, 86, 7, 54, 52, 56, 21, 32, 48, 38, 74, 39, 33, 60, 71, 69, 31, 90, 3, 34, 99, 43, 67, 35, 53, 20, 10, 87, 22, 91, 41, 19, 79, 57, 61, 70, 88, 45, 37, 51, 94, 2, 59, 55, 28, 62, 36, 92, 23, 42, 9, 73, 8, 6, 93, 5, 17, 24, 98, 77, 95, 46, 50, 97, 40, 68, 72]|[2, 0, 1, 2, 1, 0, 1, 0, 2, 2, 1, 1, 0, 2, 2, 1, 1, 2, 1, 1, 2, 0, 1, 0, 2, 2, 1, 0, 1, 2, 2, 2, 2, 1, 0, 2, 1, 2, 1, 1, 2, 2, 2, 0, 2, 2, 1, 1, 0, 2, 1, 1, 0, 2, 1, 1, 1, 1, 1, 1, 2, 1, 1, 0, 2, 1, 2, 1, 2, 1, 1, 1, 1, 2, 1, 2, 2, 2, 1, 1, 1, 1, 2, 1, 1, 2, 0, 1, 0, 1, 1, 1, 1, 2, 2, 1, 2, 1, 2, 0]|[4, 2, 0, 3, 1, 2, 3, 2, 4, 2, 3, 0, 1, 1, 2, 2, 1, 1, 1, 2, 2, 2, 2, 0, 1, 3, 0, 0, 3, 2, 1, 0, 4, 0, 2, 1, 2, 0, 2, 1, 3, 4, 3, 1, 1, 4, 3, 1, 1, 1, 3, 2, 1, 1, 1, 0, 1, 2, 3, 2, 1, 1, 2, 2, 4, 3, 4, 1, 3, 3, 1, 2, 2, 4, 1, 0, 3, 3, 0, 3, 2, 2, 0, 1, 3, 0, 2, 1, 2, 1, 3, 2, 1, 0, 1, 1, 0, 1, 3, 2]|[0, 1, 2, 1, 1, 1, 2, 0, 0, 3, 1, 2, 0, 2, 2, 0, 0, 2, 0, 0, 3, 0, 1, 1, 0, 0, 0, 1, 0, 2, 1, 0, 1, 1, 0, 0, 2, 0, 2, 1, 3, 1, 2, 1, 2, 1, 0, 1, 0, 2, 1, 0, 1, 2, 0, 2, 0, 2, 2, 0, 2, 1, 0, 0, 0, 2, 1, 2, 1, 0, 0, 1, 0, 1, 1, 2, 2, 1, 1, 1, 2, 0, 3, 2, 1, 1, 0, 0, 0, 1, 0, 0, 2, 3, 1, 0, 3, 0, 0, 0],1024.864153246744;120939.208461991740;333318.146183017930,false,0
47,1,4700,G1_CMAX,[63, 50, 55, 87, 78, 95, 40, 44, 19, 48, 72, 18, 96, 16, 80, 84, 27, 11, 85, 15, 83, 47, 0, 34, 64, 73, 66, 65, 81, 76, 29, 82, 13, 4, 86, 7, 54, 52, 56, 21, 32, 1, 38, 74, 39, 33, 60, 71, 69, 31, 90, 3, 14, 99, 24, 67, 35, 53, 20, 10, 49, 22, 91, 41, 58, 45, 57, 61, 70, 88, 79, 37, 51, 94, 2, 59, 89, 28, 62, 36, 92, 17, 75, 8, 42, 30, 6, 12, 93, 23, 26, 77, 5, 68, 97, 98, 25, 9, 43, 46]|[2, 0, 0, 2, 1, 2, 1, 0, 2, 2, 2, 1, 1, 2, 2, 0, 1, 2, 1, 0, 2, 0, 1, 0, 2, 2, 0, 0, 1, 2, 2, 2, 2, 0, 1, 2, 1, 0, 1, 2, 2, 1, 2, 2, 0, 2, 1, 1, 0, 1, 0, 1, 1, 2, 1, 0, 1, 1, 2, 1, 1, 1, 1, 0, 2, 1, 0, 0, 0, 0, 1, 1, 2, 2, 1, 2, 1, 0, 1, 1, 1, 2, 2, 2, 2, 1, 0, 2, 1, 0, 1, 2, 0, 1, 2, 1, 2, 2, 1, 1]|[4, 2, 0, 1, 1, 2, 3, 2, 4, 2, 2, 0, 2, 1, 0, 0, 1, 1, 1, 2, 2, 2, 2, 0, 2, 3, 0, 2, 3, 2, 2, 0, 4, 0, 3, 4, 1, 2, 2, 0, 3, 2, 3, 2, 0, 2, 3, 2, 1, 3, 2, 2, 2, 1, 3, 1, 1, 3, 4, 2, 1, 1, 2, 2, 4, 1, 2, 0, 2, 1, 1, 2, 2, 1, 1, 0, 1, 1, 1, 3, 0, 0, 0, 2, 0, 1, 2, 2, 1, 2, 3, 0, 1, 2, 1, 2, 4, 2, 1, 1]|[0, 1, 0, 2, 1, 3, 2, 0, 0, 3, 3, 2, 0, 2, 0, 1, 0, 2, 0, 0, 3, 0, 1, 1, 3, 0, 0, 1, 0, 2, 3, 0, 1, 1, 0, 0, 1, 1, 2, 1, 3, 0, 2, 1, 0, 3, 1, 2, 0, 2, 0, 0, 2, 2, 0, 0, 0, 0, 0, 0, 0, 1, 0, 0, 0, 0, 1, 1, 0, 0, 0, 2, 0, 0, 1, 2, 0, 0, 1, 1, 1, 1, 3, 2, 3, 0, 0, 3, 0, 0, 2, 1, 0, 0, 2, 0, 1, 2, 1, 0],893.092467353704;126038.782457851460;370972.154329313900,false,0
47,1,4700,G4_BALANCED,[63, 30, 89, 27, 96, 75, 26, 76, 58, 1, 12, 18, 78, 16, 80, 84, 49, 11, 85, 15, 83, 47, 0, 14, 64, 25, 66, 65, 81, 44, 29, 82, 13, 4, 86, 7, 54, 52, 56, 21, 32, 48, 38, 74, 39, 33, 60, 71, 69, 31, 90, 3, 34, 99, 24, 67, 53, 35, 20, 10, 87, 22, 91, 98, 19, 79, 57, 61, 70, 88, 45, 37, 51, 94, 2, 59, 55, 28, 62, 36, 92, 23, 42, 8, 50, 9, 6, 5, 40, 41, 97, 77, 17, 95, 46, 72, 43, 93, 73, 68]|[2, 0, 0, 0, 0, 0, 0, 0, 2, 2, 2, 1, 0, 2, 2, 1, 2, 2, 1, 0, 2, 0, 1, 0, 0, 1, 1, 1, 1, 2, 2, 2, 2, 0, 0, 0, 1, 2, 1, 1, 2, 2, 2, 2, 2, 2, 0, 1, 0, 2, 0, 1, 1, 2, 1, 1, 1, 1, 2, 1, 2, 0, 1, 0, 2, 1, 0, 1, 0, 1, 1, 1, 1, 2, 1, 2, 2, 1, 1, 2, 1, 1, 2, 2, 1, 1, 1, 0, 0, 1, 2, 2, 2, 2, 2, 0, 2, 2, 1, 0]|[4, 2, 0, 0, 2, 2, 1, 2, 4, 2, 1, 0, 1, 1, 0, 2, 3, 4, 1, 2, 2, 2, 2, 0, 2, 1, 0, 1, 3, 2, 4, 0, 3, 0, 2, 2, 2, 0, 2, 1, 3, 4, 4, 2, 2, 4, 0, 1, 1, 0, 2, 2, 1, 1, 1, 0, 1, 2, 4, 1, 1, 2, 2, 2, 4, 3, 2, 1, 2, 3, 2, 1, 2, 1, 2, 0, 3, 2, 0, 4, 0, 2, 0, 1, 1, 1, 1, 2, 1, 1, 2, 0, 0, 0, 1, 0, 2, 4, 1, 2]|[0, 1, 0, 0, 1, 1, 1, 0, 0, 3, 3, 2, 0, 2, 0, 0, 1, 1, 0, 0, 3, 0, 1, 1, 0, 2, 0, 0, 0, 2, 1, 0, 3, 1, 0, 1, 2, 0, 2, 1, 3, 1, 3, 1, 0, 1, 0, 1, 0, 0, 1, 0, 0, 2, 1, 2, 0, 2, 0, 0, 2, 0, 0, 0, 0, 2, 0, 2, 0, 0, 2, 0, 0, 0, 2, 2, 2, 0, 1, 2, 1, 0, 3, 2, 0, 2, 0, 0, 1, 1, 2, 1, 1, 3, 1, 0, 2, 1, 2, 0],884.845858803441;126884.940254877850;349600.775959594900,false,0
47,1,4700,G2_TEC,[63, 30, 89, 27, 96, 75, 26, 76, 58, 1, 12, 18, 78, 16, 80, 84, 49, 11, 85, 15, 83, 47, 0, 14, 64, 25, 66, 65, 81, 44, 29, 82, 13, 4, 86, 7, 54, 52, 56, 21, 32, 48, 38, 74, 39, 33, 60, 71, 69, 31, 90, 3, 34, 99, 43, 67, 35, 53, 20, 10, 87, 22, 91, 41, 19, 79, 57, 61, 70, 88, 45, 37, 51, 94, 2, 59, 55, 28, 62, 36, 92, 23, 42, 9, 73, 8, 6, 5, 40, 98, 24, 97, 77, 95, 46, 72, 17, 68, 50, 93]|[2, 0, 1, 2, 1, 0, 0, 0, 2, 2, 1, 2, 0, 2, 2, 1, 2, 2, 1, 1, 2, 0, 1, 0, 2, 1, 1, 1, 1, 1, 2, 2, 2, 1, 0, 2, 1, 2, 1, 1, 2, 2, 2, 0, 2, 2, 2, 1, 0, 2, 1, 1, 1, 2, 1, 1, 1, 1, 2, 0, 2, 1, 1, 0, 2, 1, 2, 1, 0, 1, 2, 1, 1, 2, 1, 2, 2, 1, 2, 1, 1, 1, 2, 1, 2, 2, 0, 1, 0, 1, 1, 2, 2, 1, 2, 0, 1, 2, 1, 1]|[4, 2, 0, 3, 1, 2, 1, 2, 4, 2, 3, 2, 1, 1, 2, 2, 3, 4, 1, 2, 2, 2, 2, 0, 1, 1, 0, 1, 3, 1, 3, 0, 4, 0, 2, 1, 2, 0, 2, 1, 3, 4, 3, 1, 1, 4, 0, 1, 1, 1, 3, 2, 2, 1, 1, 0, 1, 2, 4, 2, 1, 1, 2, 2, 4, 3, 4, 1, 0, 3, 3, 2, 2, 4, 1, 0, 3, 1, 1, 1, 2, 2, 0, 1, 1, 0, 2, 3, 2, 2, 3, 1, 0, 1, 1, 2, 1, 3, 1, 1]|[0, 1, 2, 1, 1, 1, 1, 0, 0, 3, 1, 2, 0, 2, 2, 0, 1, 1, 0, 0, 3, 0, 1, 1, 0, 2, 0, 2, 0, 0, 1, 0, 1, 1, 0, 0, 2, 0, 2, 1, 3, 1, 2, 1, 2, 1, 1, 1, 0, 2, 1, 0, 1, 2, 0, 2, 0, 2, 0, 0, 2, 1, 0, 0, 0, 2, 1, 2, 1, 0, 1, 0, 0, 1, 1, 2, 2, 2, 2, 1, 2, 0, 3, 2, 0, 1, 0, 2, 0, 0, 0, 2, 1, 0, 1, 0, 1, 0, 0, 0],1021.576862393293;122977.614166101380;332454.890663238900,false,0
47,1,4700,G3_TWC,[63, 30, 89, 27, 96, 75, 26, 76, 58, 1, 12, 18, 78, 16, 80, 84, 49, 11, 85, 15, 83, 47, 0, 14, 64, 25, 66, 65, 81, 44, 29, 82, 13, 4, 86, 7, 54, 52, 56, 21, 32, 48, 38, 74, 39, 33, 60, 71, 69, 31, 90, 3, 34, 99, 43, 67, 35, 53, 20, 10, 87, 22, 91, 41, 19, 79, 57, 61, 70, 88, 45, 37, 51, 94, 2, 59, 55, 28, 62, 36, 92, 23, 42, 9, 73, 8, 6, 93, 5, 17, 24, 98, 77, 95, 46, 50, 97, 40, 68, 72]|[2, 0, 1, 2, 1, 0, 1, 0, 2, 2, 1, 1, 0, 2, 2, 1, 1, 2, 1, 1, 2, 0, 1, 0, 2, 2, 1, 0, 1, 2, 2, 2, 2, 1, 0, 2, 1, 2, 1, 1, 2, 2, 2, 0, 2, 2, 1, 1, 0, 2, 1, 1, 0, 2, 1, 1, 1, 1, 1, 1, 2, 1, 1, 0, 2, 1, 2, 1, 2, 1, 1, 1, 1, 2, 1, 2, 2, 2, 1, 1, 1, 1, 2, 1, 1, 2, 0, 1, 0, 1, 1, 1, 1, 2, 2, 1, 2, 1, 2, 0]|[4, 2, 0, 3, 1, 2, 3, 2, 4, 2, 3, 0, 1, 1, 2, 2, 1, 1, 1, 2, 2, 2, 2, 0, 1, 3, 0, 0, 3, 2, 1, 0, 4, 0, 2, 1, 2, 0, 2, 1, 3, 4, 3, 1, 1, 4, 3, 1, 1, 1, 3, 2, 1, 1, 1, 0, 1, 2, 3, 2, 1, 1, 2, 2, 4, 3, 4, 1, 3, 3, 1, 2, 2, 4, 1, 0, 3, 3, 0, 3, 2, 2, 0, 1, 3, 0, 2, 1, 2, 1, 3, 2, 1, 0, 1, 1, 0, 1, 3, 2]|[0, 1, 2, 1, 1, 1, 2, 0, 0, 3, 1, 2, 0, 2, 2, 0, 0, 2, 0, 0, 3, 0, 1, 1, 0, 0, 0, 1, 0, 2, 1, 0, 1, 1, 0, 0, 2, 0, 2, 1, 3, 1, 2, 1, 2, 1, 0, 1, 0, 2, 1, 0, 1, 2, 0, 2, 0, 2, 2, 0, 2, 1, 0, 0, 0, 2, 1, 2, 1, 0, 0, 1, 0, 1, 1, 2, 2, 1, 1, 1, 2, 0, 3, 2, 1, 1, 0, 0, 0, 1, 0, 0, 2, 3, 1, 0, 3, 0, 0, 0],1024.864153246744;120939.208461991740;333318.146183017930,false,0
48,1,4800,G1_CMAX,[63, 30, 89, 27, 96, 75, 26, 76, 58, 1, 12, 18, 78, 16, 80, 84, 49, 11, 85, 15, 83, 47, 0, 14, 64, 25, 66, 65, 81, 44, 29, 82, 13, 4, 86, 7, 54, 52, 56, 21, 32, 48, 38, 74, 39, 33, 60, 71, 69, 31, 90, 43, 37, 99, 24, 67, 53, 35, 20, 10, 87, 22, 91, 41, 19, 79, 57, 61, 70, 88, 45, 34, 51, 94, 2, 59, 55, 28, 62, 36, 92, 23, 42, 8, 50, 9, 6, 68, 93, 5, 72, 17, 73, 40, 97, 98, 77, 95, 3, 46]|[2, 0, 1, 0, 0, 2, 0, 0, 2, 0, 2, 1, 0, 0, 2, 1, 1, 2, 1, 0, 2, 0, 0, 0, 0, 1, 1, 1, 1, 2, 2, 2, 2, 0, 0, 0, 1, 0, 1, 2, 2, 1, 2, 2, 0, 2, 0, 1, 1, 2, 0, 1, 1, 2, 1, 1, 2, 1, 0, 1, 1, 0, 1, 0, 2, 1, 0, 0, 1, 0, 2, 1, 0, 2, 1, 2, 1, 1, 1, 2, 1, 2, 2, 0, 1, 0, 0, 1, 2, 2, 0, 0, 1, 2, 2, 1, 2, 2, 2, 2]|[4, 2, 0, 0, 2, 2, 1, 2, 4, 2, 1, 0, 1, 0, 0, 2, 1, 1, 1, 2, 2, 1, 1, 0, 2, 1, 0, 1, 3, 2, 4, 0, 3, 0, 2, 2, 2, 2, 2, 0, 3, 0, 4, 2, 1, 4, 0, 1, 1, 0, 2, 2, 1, 1, 3, 0, 1, 2, 0, 1, 1, 2, 3, 2, 4, 3, 2, 0, 0, 1, 3, 1, 0, 4, 2, 0, 0, 2, 1, 4, 0, 3, 0, 0, 1, 0, 1, 2, 4, 1, 0, 1, 1, 0, 1, 2, 0, 0, 2, 1]|[0, 1, 2, 0, 1, 3, 1, 0, 0, 1, 3, 2, 0, 0, 0, 0, 0, 2, 0, 0, 3, 1, 1, 1, 0, 2, 0, 0, 0, 2, 1, 0, 3, 1, 0, 1, 2, 1, 2, 1, 3, 1, 3, 1, 1, 0, 0, 0, 1, 0, 1, 0, 1, 2, 0, 2, 2, 2, 0, 0, 1, 0, 1, 0, 0, 2, 0, 1, 1, 0, 1, 0, 1, 1, 2, 2, 2, 0, 1, 2, 1, 1, 3, 1, 0, 1, 0, 0, 1, 2, 0, 1, 2, 3, 2, 0, 1, 3, 2, 1],831.113748089086;129041.187836057880;358700.680388901270,false,0
48,1,4800,G4_BALANCED,[63, 30, 89, 27, 96, 75, 26, 76, 58, 1, 12, 18, 78, 16, 80, 84, 49, 11, 85, 15, 83, 47, 0, 14, 64, 25, 66, 65, 81, 44, 29, 82, 13, 4, 86, 7, 54, 52, 56, 21, 32, 48, 38, 74, 39, 33, 60, 71, 69, 31, 90, 3, 34, 99, 43, 67, 35, 53, 20, 10, 87, 22, 91, 41, 19, 79, 57, 61, 70, 88, 45, 37, 51, 94, 2, 59, 55, 28, 62, 36, 92, 23, 42, 9, 73, 8, 6, 5, 40, 17, 24, 98, 77, 68, 46, 97, 93, 95, 72, 50]|[2, 1, 1, 2, 1, 0, 1, 0, 2, 2, 1, 1, 0, 2, 2, 1, 2, 2, 1, 1, 2, 0, 1, 0, 2, 1, 1, 0, 1, 1, 2, 2, 2, 1, 0, 2, 1, 0, 1, 1, 2, 2, 2, 0, 2, 2, 2, 1, 0, 2, 1, 1, 1, 2, 1, 1, 1, 1, 1, 1, 2, 1, 1, 0, 2, 1, 2, 1, 2, 1, 2, 1, 1, 2, 1, 2, 2, 2, 1, 1, 1, 1, 2, 1, 2, 2, 0, 2, 0, 1, 1, 1, 2, 2, 2, 2, 2, 2, 0, 1]|[4, 1, 0, 3, 1, 2, 3, 2, 4, 2, 3, 0, 1, 1, 2, 2, 3, 1, 1, 2, 2, 2, 2, 1, 1, 1, 0, 0, 3, 1, 1, 0, 4, 0, 2, 1, 2, 2, 2, 1, 3, 4, 3, 1, 1, 4, 0, 1, 1, 1, 3, 2, 1, 1, 1, 0, 1, 2, 3, 2, 1, 1, 2, 2, 4, 3, 4, 1, 3, 3, 3, 2, 2, 1, 1, 0, 3, 3, 3, 3, 2, 2, 0, 1, 1, 0, 2, 0, 2, 2, 3, 2, 0, 3, 1, 1, 3, 0, 2, 1]|[0, 0, 2, 1, 1, 1, 2, 0, 0, 3, 1, 2, 0, 2, 2, 0, 1, 2, 0, 0, 3, 0, 1, 1, 0, 2, 0, 1, 0, 0, 1, 0, 1, 1, 0, 0, 2, 1, 2, 1, 3, 1, 2, 1, 2, 1, 1, 1, 0, 2, 1, 0, 0, 2, 0, 2, 0, 2, 2, 0, 2, 1, 0, 0, 0, 2, 1, 2, 1, 0, 1, 0, 0, 0, 1, 2, 2, 1, 1, 1, 2, 0, 3, 2, 0, 1, 0, 1, 0, 0, 0, 0, 1, 0, 1, 2, 0, 3, 0, 0],1004.025654816741;120755.163899326520;338897.398497275660,false,0
48,1,4800,G2_TEC,[63, 30, 89, 27, 96, 75, 26, 76, 58, 1, 12, 18, 78, 16, 80, 84, 49, 11, 85, 15, 83, 47, 0, 14, 64, 25, 66, 65, 81, 44, 29, 82, 13, 4, 86, 7, 54, 52, 56, 21, 32, 48, 38, 74, 39, 33, 60, 71, 69, 31, 90, 3, 34, 99, 43, 67, 35, 53, 20, 10, 87, 22, 91, 41, 19, 79, 57, 61, 70, 88, 45, 37, 51, 94, 2, 59, 55, 28, 62, 36, 92, 23, 42, 9, 73, 8, 6, 40, 5, 98, 97, 17, 77, 95, 46, 50, 24, 93, 68, 72]|[2, 0, 1, 2, 1, 0, 1, 0, 2, 2, 1, 1, 0, 2, 2, 1, 1, 2, 1, 1, 2, 0, 1, 0, 2, 2, 1, 0, 1, 2, 2, 2, 2, 1, 0, 2, 1, 2, 1, 1, 2, 2, 2, 0, 2, 2, 1, 1, 0, 2, 1, 1, 1, 2, 0, 1, 1, 1, 2, 1, 2, 1, 1, 0, 2, 1, 2, 1, 2, 1, 2, 1, 1, 2, 1, 2, 2, 2, 1, 1, 1, 1, 2, 1, 1, 1, 0, 1, 2, 1, 2, 1, 1, 2, 2, 1, 1, 1, 2, 0]|[4, 2, 0, 3, 1, 2, 3, 2, 4, 2, 3, 0, 1, 1, 2, 2, 1, 1, 1, 2, 2, 2, 2, 0, 1, 3, 3, 0, 3, 2, 1, 0, 4, 0, 2, 1, 2, 0, 2, 1, 3, 4, 3, 1, 1, 4, 3, 1, 1, 1, 3, 2, 1, 1, 2, 0, 1, 2, 4, 2, 1, 1, 2, 2, 4, 3, 4, 1, 3, 3, 3, 2, 2, 1, 1, 0, 3, 3, 3, 3, 2, 2, 0, 1, 3, 3, 2, 1, 0, 2, 1, 1, 1, 0, 1, 1, 1, 1, 3, 2]|[0, 1, 2, 1, 1, 1, 2, 0, 0, 3, 1, 2, 0, 2, 2, 0, 0, 2, 0, 0, 3, 0, 1, 1, 0, 0, 0, 1, 0, 2, 1, 0, 1, 1, 0, 0, 0, 0, 2, 1, 3, 1, 2, 1, 2, 1, 0, 1, 0, 2, 1, 0, 1, 2, 1, 2, 0, 2, 0, 0, 2, 1, 0, 0, 0, 2, 1, 2, 1, 0, 1, 0, 0, 0, 1, 2, 2, 1, 1, 1, 2, 0, 3, 2, 1, 1, 0, 0, 3, 0, 2, 1, 2, 3, 1, 0, 0, 0, 0, 0],1072.529440974186;120296.342149800850;332667.087009967770,false,0
48,1,4800,G3_TWC,[63, 30, 89, 27, 96, 75, 26, 76, 58, 1, 12, 18, 78, 16, 80, 84, 49, 11, 85, 15, 83, 47, 0, 14, 64, 25, 66, 65, 81, 44, 29, 82, 13, 4, 86, 7, 54, 52, 56, 21, 32, 48, 38, 74, 39, 33, 60, 71, 69, 31, 90, 3, 34, 99, 43, 67, 35, 53, 20, 10, 87, 22, 91, 41, 19, 79, 57, 61, 70, 88, 45, 37, 51, 94, 2, 59, 55, 28, 62, 36, 92, 23, 42, 9, 73, 8, 6, 93, 5, 17, 24, 98, 77, 95, 46, 50, 97, 40, 68, 72]|[2, 0, 1, 2, 1, 0, 1, 0, 2, 2, 1, 1, 0, 2, 2, 1, 1, 2, 1, 1, 2, 0, 1, 0, 2, 2, 1, 0, 1, 2, 2, 2, 2, 1, 0, 2, 1, 2, 1, 1, 2, 2, 2, 0, 2, 2, 1, 1, 0, 2, 1, 1, 0, 2, 1, 1, 1, 1, 1, 1, 2, 1, 1, 0, 2, 1, 2, 1, 2, 1, 1, 1, 1, 2, 1, 2, 2, 2, 1, 1, 1, 1, 2, 1, 1, 2, 0, 1, 0, 1, 1, 1, 1, 2, 2, 1, 2, 1, 2, 0]|[4, 2, 0, 3, 1, 2, 3, 2, 4, 2, 3, 0, 1, 1, 2, 2, 1, 1, 1, 2, 2, 2, 2, 0, 1, 3, 0, 0, 3, 2, 1, 0, 4, 0, 2, 1, 2, 0, 2, 1, 3, 4, 3, 1, 1, 4, 3, 1, 1, 1, 3, 2, 1, 1, 1, 0, 1, 2, 3, 2, 1, 1, 2, 2, 4, 3, 4, 1, 3, 3, 1, 2, 2, 4, 1, 0, 3, 3, 0, 3, 2, 2, 0, 1, 3, 0, 2, 1, 2, 1, 3, 2, 1, 0, 1, 1, 0, 1, 3, 2]|[0, 1, 2, 1, 1, 1, 2, 0, 0, 3, 1, 2, 0, 2, 2, 0, 0, 2, 0, 0, 3, 0, 1, 1, 0, 0, 0, 1, 0, 2, 1, 0, 1, 1, 0, 0, 2, 0, 2, 1, 3, 1, 2, 1, 2, 1, 0, 1, 0, 2, 1, 0, 1, 2, 0, 2, 0, 2, 2, 0, 2, 1, 0, 0, 0, 2, 1, 2, 1, 0, 0, 1, 0, 1, 1, 2, 2, 1, 1, 1, 2, 0, 3, 2, 1, 1, 0, 0, 0, 1, 0, 0, 2, 3, 1, 0, 3, 0, 0, 0],1024.864153246744;120939.208461991740;333318.146183017930,false,0
49,1,4900,G1_CMAX,[63, 30, 89, 27, 96, 75, 26, 76, 58, 1, 12, 18, 78, 16, 80, 84, 49, 11, 85, 15, 83, 47, 0, 14, 64, 25, 66, 65, 81, 44, 29, 82, 13, 4, 86, 7, 54, 52, 56, 21, 32, 48, 38, 74, 39, 33, 60, 71, 69, 31, 90, 43, 37, 99, 24, 67, 53, 35, 20, 10, 87, 22, 91, 41, 19, 79, 57, 61, 70, 88, 45, 34, 51, 94, 2, 59, 55, 28, 62, 36, 92, 23, 42, 8, 50, 9, 6, 68, 93, 5, 72, 17, 73, 40, 97, 98, 77, 95, 3, 46]|[2, 0, 1, 0, 0, 2, 0, 0, 2, 0, 2, 1, 0, 0, 2, 1, 1, 2, 1, 0, 2, 0, 0, 0, 0, 1, 1, 1, 1, 2, 2, 2, 2, 0, 0, 0, 1, 0, 1, 2, 2, 1, 2, 2, 0, 2, 0, 1, 1, 2, 0, 1, 1, 2, 1, 1, 2, 1, 0, 1, 1, 0, 1, 0, 2, 1, 0, 0, 1, 0, 2, 1, 0, 2, 1, 2, 1, 1, 1, 2, 1, 2, 2, 0, 1, 0, 0, 1, 2, 2, 0, 0, 1, 2, 2, 1, 2, 2, 2, 2]|[4, 2, 0, 0, 2, 2, 1, 2, 4, 2, 1, 0, 1, 0, 0, 2, 1, 1, 1, 2, 2, 1, 1, 0, 2, 1, 0, 1, 3, 2, 4, 0, 3, 0, 2, 2, 2, 2, 2, 0, 3, 0, 4, 2, 1, 4, 0, 1, 1, 0, 2, 2, 1, 1, 3, 0, 1, 2, 0, 1, 1, 2, 3, 2, 4, 3, 2, 0, 0, 1, 3, 1, 0, 4, 2, 0, 0, 2, 1, 4, 0, 3, 0, 0, 1, 0, 1, 2, 4, 1, 0, 1, 1, 0, 1, 2, 0, 0, 2, 1]|[0, 1, 2, 0, 1, 3, 1, 0, 0, 1, 3, 2, 0, 0, 0, 0, 0, 2, 0, 0, 3, 1, 1, 1, 0, 2, 0, 0, 0, 2, 1, 0, 3, 1, 0, 1, 2, 1, 2, 1, 3, 1, 3, 1, 1, 0, 0, 0, 1, 0, 1, 0, 1, 2, 0, 2, 2, 2, 0, 0, 1, 0, 1, 0, 0, 2, 0, 1, 1, 0, 1, 0, 1, 1, 2, 2, 2, 0, 1, 2, 1, 1, 3, 1, 0, 1, 0, 0, 1, 2, 0, 1, 2, 3, 2, 0, 1, 3, 2, 1],831.113748089086;129041.187836057880;358700.680388901270,false,0
49,1,4900,G4_BALANCED,[63, 30, 89, 27, 96, 75, 26, 76, 58, 1, 12, 18, 78, 16, 80, 84, 49, 11, 85, 15, 83, 47, 0, 14, 64, 25, 66, 65, 81, 44, 29, 82, 13, 4, 86, 7, 54, 52, 56, 21, 32, 48, 38, 74, 39, 33, 60, 71, 69, 31, 90, 3, 34, 99, 43, 67, 35, 53, 20, 10, 87, 22, 91, 41, 19, 79, 57, 61, 70, 88, 45, 37, 51, 94, 2, 59, 55, 28, 62, 36, 92, 23, 42, 9, 73, 8, 6, 40, 5, 98, 72, 77, 68, 95, 93, 46, 97, 17, 50, 24]|[2, 0, 1, 0, 1, 0, 0, 0, 2, 2, 2, 0, 0, 2, 2, 1, 2, 2, 1, 1, 2, 0, 1, 0, 2, 2, 1, 0, 1, 2, 2, 2, 2, 0, 0, 0, 1, 2, 1, 1, 2, 2, 1, 0, 1, 2, 0, 0, 0, 2, 0, 2, 1, 2, 1, 1, 1, 1, 2, 0, 2, 1, 1, 0, 2, 1, 2, 1, 1, 1, 2, 1, 2, 2, 1, 2, 1, 1, 2, 1, 1, 2, 2, 2, 1, 0, 0, 0, 0, 2, 0, 2, 1, 1, 1, 2, 2, 1, 1, 1]|[4, 2, 0, 0, 1, 2, 1, 2, 4, 4, 2, 1, 1, 1, 2, 2, 3, 4, 1, 2, 2, 2, 2, 0, 4, 1, 0, 0, 3, 2, 1, 0, 4, 0, 2, 2, 2, 0, 2, 1, 3, 4, 2, 1, 3, 4, 0, 1, 1, 1, 0, 2, 1, 1, 3, 0, 1, 2, 4, 2, 1, 1, 2, 2, 4, 3, 0, 1, 0, 3, 3, 2, 2, 1, 1, 0, 1, 2, 1, 2, 2, 1, 0, 0, 1, 0, 2, 1, 2, 4, 0, 0, 2, 1, 2, 1, 1, 1, 1, 3]|[0, 1, 2, 0, 1, 1, 1, 0, 0, 1, 3, 0, 0, 2, 2, 0, 1, 1, 0, 0, 3, 0, 1, 1, 1, 0, 0, 1, 0, 2, 1, 0, 1, 1, 0, 1, 2, 0, 2, 1, 3, 1, 2, 1, 2, 1, 0, 1, 0, 2, 0, 2, 1, 2, 0, 2, 0, 2, 0, 0, 2, 1, 0, 0, 0, 2, 2, 2, 1, 0, 1, 1, 0, 0, 1, 2, 0, 2, 2, 2, 2, 0, 3, 3, 2, 1, 0, 1, 0, 1, 0, 1, 0, 2, 0, 1, 2, 1, 0, 0],870.389323986920;126663.894140403750;351341.070933992160,false,0
49,1,4900,G2_TEC,[63, 30, 89, 27, 96, 75, 26, 76, 58, 1, 12, 18, 78, 16, 80, 84, 49, 11, 85, 15, 83, 47, 0, 14, 64, 25, 66, 65, 81, 44, 29, 82, 13, 4, 86, 7, 54, 52, 56, 21, 32, 48, 38, 74, 39, 33, 60, 71, 69, 31, 90, 3, 34, 99, 43, 67, 35, 53, 20, 10, 87, 22, 91, 41, 19, 79, 57, 61, 70, 88, 45, 37, 51, 94, 2, 59, 55, 28, 62, 36, 92, 23, 42, 9, 73, 8, 6, 93, 5, 17, 97, 77, 24, 40, 95, 98, 68, 46, 72, 50]|[2, 0, 1, 2, 1, 0, 0, 0, 2, 2, 1, 1, 0, 2, 2, 1, 1, 2, 1, 1, 2, 0, 1, 0, 2, 1, 1, 0, 1, 2, 2, 2, 2, 1, 0, 2, 1, 2, 1, 1, 2, 2, 2, 0, 2, 2, 0, 1, 0, 2, 1, 1, 1, 2, 1, 1, 1, 1, 2, 0, 2, 1, 1, 0, 2, 1, 2, 1, 2, 1, 2, 1, 1, 2, 1, 2, 1, 2, 1, 1, 1, 1, 2, 1, 2, 2, 0, 1, 2, 1, 2, 2, 1, 1, 2, 1, 2, 2, 1, 1]|[4, 2, 0, 3, 1, 2, 1, 2, 4, 2, 3, 0, 1, 1, 2, 2, 1, 4, 1, 2, 2, 2, 2, 0, 1, 1, 0, 0, 3, 2, 1, 0, 4, 0, 2, 1, 2, 0, 2, 1, 3, 4, 3, 1, 1, 4, 0, 2, 1, 1, 3, 2, 2, 1, 1, 0, 1, 2, 4, 2, 1, 1, 2, 2, 1, 3, 4, 1, 3, 3, 3, 2, 2, 1, 1, 0, 1, 3, 2, 3, 2, 2, 0, 1, 1, 0, 2, 1, 1, 1, 1, 0, 1, 1, 0, 2, 3, 1, 3, 1]|[0, 1, 2, 1, 1, 1, 1, 0, 0, 3, 1, 2, 0, 2, 2, 0, 0, 1, 0, 0, 3, 0, 1, 1, 0, 2, 0, 1, 0, 2, 1, 0, 1, 1, 0, 0, 2, 0, 2, 1, 3, 1, 2, 1, 2, 1, 0, 2, 0, 2, 1, 0, 1, 2, 0, 2, 0, 2, 0, 0, 2, 0, 0, 0, 2, 2, 1, 2, 1, 0, 1, 1, 0, 0, 1, 2, 0, 1, 2, 1, 2, 0, 3, 2, 0, 1, 0, 0, 2, 1, 2, 1, 0, 0, 3, 0, 0, 1, 1, 0],986.860221267403;121891.720353946760;334165.882648395000,false,0
49,1,4900,G3_TWC,[63, 30, 89, 27, 96, 75, 26, 76, 58, 1, 12, 18, 78, 16, 80, 84, 49, 11, 85, 15, 83, 47, 0, 14, 64, 25, 66, 65, 81, 44, 29, 82, 13, 4, 86, 7, 54, 52, 56, 21, 32, 48, 38, 74, 39, 33, 60, 71, 69, 31, 90, 3, 34, 99, 43, 67, 35, 53, 20, 10, 87, 22, 91, 41, 19, 79, 57, 61, 70, 88, 45, 37, 51, 94, 2, 59, 55, 28, 62, 36, 92, 23, 42, 9, 73, 8, 6, 93, 5, 17, 24, 98, 77, 95, 46, 50, 97, 40, 68, 72]|[2, 0, 1, 2, 1, 0, 1, 0, 2, 2, 1, 1, 0, 2, 2, 1, 1, 2, 1, 1, 2, 0, 1, 0, 2, 2, 1, 0, 1, 2, 2, 2, 2, 1, 0, 2, 1, 2, 1, 1, 2, 2, 2, 0, 2, 2, 1, 1, 0, 2, 1, 1, 0, 2, 1, 1, 1, 1, 1, 1, 2, 1, 1, 0, 2, 1, 2, 1, 2, 1, 1, 1, 1, 2, 1, 2, 2, 2, 1, 1, 1, 1, 2, 1, 1, 2, 0, 1, 0, 1, 1, 1, 1, 2, 2, 1, 2, 1, 2, 0]|[4, 2, 0, 3, 1, 2, 3, 2, 4, 2, 3, 0, 1, 1, 2, 2, 1, 1, 1, 2, 2, 2, 2, 0, 1, 3, 0, 0, 3, 2, 1, 0, 4, 0, 2, 1, 2, 0, 2, 1, 3, 4, 3, 1, 1, 4, 3, 1, 1, 1, 3, 2, 1, 1, 1, 0, 1, 2, 3, 2, 1, 1, 2, 2, 4, 3, 4, 1, 3, 3, 1, 2, 2, 4, 1, 0, 3, 3, 0, 3, 2, 2, 0, 1, 3, 0, 2, 1, 2, 1, 3, 2, 1, 0, 1, 1, 0, 1, 3, 2]|[0, 1, 2, 1, 1, 1, 2, 0, 0, 3, 1, 2, 0, 2, 2, 0, 0, 2, 0, 0, 3, 0, 1, 1, 0, 0, 0, 1, 0, 2, 1, 0, 1, 1, 0, 0, 2, 0, 2, 1, 3, 1, 2, 1, 2, 1, 0, 1, 0, 2, 1, 0, 1, 2, 0, 2, 0, 2, 2, 0, 2, 1, 0, 0, 0, 2, 1, 2, 1, 0, 0, 1, 0, 1, 1, 2, 2, 1, 1, 1, 2, 0, 3, 2, 1, 1, 0, 0, 0, 1, 0, 0, 2, 3, 1, 0, 3, 0, 0, 0],1024.864153246744;120939.208461991740;333318.146183017930,false,0
50,1,5000,G1_CMAX,[63, 30, 89, 27, 96, 75, 26, 76, 58, 1, 12, 18, 78, 16, 80, 84, 49, 11, 85, 15, 83, 47, 0, 14, 64, 25, 66, 65, 81, 44, 29, 82, 13, 4, 86, 7, 54, 52, 56, 21, 32, 48, 38, 74, 39, 33, 60, 71, 69, 31, 90, 43, 37, 99, 24, 67, 53, 35, 20, 10, 87, 22, 91, 41, 19, 79, 57, 61, 70, 88, 45, 34, 51, 94, 2, 59, 55, 28, 62, 36, 92, 23, 42, 8, 50, 9, 6, 68, 93, 5, 72, 17, 73, 40, 97, 98, 77, 95, 3, 46]|[2, 0, 1, 0, 0, 2, 0, 0, 2, 0, 2, 1, 0, 0, 2, 1, 1, 2, 1, 0, 2, 0, 0, 0, 0, 1, 1, 1, 1, 2, 2, 2, 2, 0, 0, 0, 1, 0, 1, 2, 2, 1, 2, 2, 0, 2, 0, 1, 1, 2, 0, 1, 1, 2, 1, 1, 2, 1, 0, 1, 1, 0, 1, 0, 2, 1, 0, 0, 1, 0, 2, 1, 0, 2, 1, 2, 1, 1, 1, 2, 1, 2, 2, 0, 1, 0, 0, 1, 2, 2, 0, 0, 1, 2, 2, 1, 2, 2, 2, 2]|[4, 2, 0, 0, 2, 2, 1, 2, 4, 2, 1, 0, 1, 0, 0, 2, 1, 1, 1, 2, 2, 1, 1, 0, 2, 1, 0, 1, 3, 2, 4, 0, 3, 0, 2, 2, 2, 2, 2, 0, 3, 0, 4, 2, 1, 4, 0, 1, 1, 0, 2, 2, 1, 1, 3, 0, 1, 2, 0, 1, 1, 2, 3, 2, 4, 3, 2, 0, 0, 1, 3, 1, 0, 4, 2, 0, 0, 2, 1, 4, 0, 3, 0, 0, 1, 0, 1, 2, 4, 1, 0, 1, 1, 0, 1, 2, 0, 0, 2, 1]|[0, 1, 2, 0, 1, 3, 1, 0, 0, 1, 3, 2, 0, 0, 0, 0, 0, 2, 0, 0, 3, 1, 1, 1, 0, 2, 0, 0, 0, 2, 1, 0, 3, 1, 0, 1, 2, 1, 2, 1, 3, 1, 3, 1, 1, 0, 0, 0, 1, 0, 1, 0, 1, 2, 0, 2, 2, 2, 0, 0, 1, 0, 1, 0, 0, 2, 0, 1, 1, 0, 1, 0, 1, 1, 2, 2, 2, 0, 1, 2, 1, 1, 3, 1, 0, 1, 0, 0, 1, 2, 0, 1, 2, 3, 2, 0, 1, 3, 2, 1],831.113748089086;129041.187836057880;358700.680388901270,false,0
50,1,5000,G4_BALANCED,[63, 30, 89, 27, 96, 75, 26, 76, 19, 48, 64, 18, 78, 16, 80, 84, 49, 11, 85, 15, 83, 47, 0, 14, 12, 25, 66, 65, 81, 44, 29, 82, 13, 4, 86, 7, 54, 52, 56, 21, 32, 1, 38, 74, 39, 33, 60, 88, 69, 31, 90, 3, 34, 99, 24, 67, 35, 53, 20, 10, 97, 95, 91, 41, 58, 79, 57, 61, 70, 71, 45, 37, 51, 94, 2, 59, 55, 28, 62, 36, 92, 23, 42, 9, 73, 8, 6, 40, 5, 98, 87, 17, 22, 93, 46, 72, 50, 68, 43, 77]|[2, 0, 1, 2, 1, 0, 0, 0, 2, 2, 2, 1, 1, 2, 2, 1, 0, 2, 1, 1, 2, 0, 1, 0, 1, 2, 1, 0, 1, 2, 2, 2, 2, 0, 0, 0, 1, 2, 1, 2, 2, 2, 2, 0, 2, 2, 0, 1, 0, 2, 0, 2, 0, 2, 1, 1, 1, 1, 2, 1, 2, 0, 1, 0, 2, 1, 2, 1, 1, 1, 2, 1, 1, 2, 1, 2, 2, 2, 0, 1, 1, 1, 2, 1, 1, 1, 1, 0, 0, 1, 2, 1, 2, 0, 2, 0, 1, 1, 2, 2]|[4, 1, 1, 3, 1, 0, 1, 2, 4, 4, 2, 0, 2, 1, 2, 2, 0, 1, 1, 2, 2, 2, 2, 1, 3, 3, 3, 0, 3, 2, 1, 0, 4, 0, 2, 2, 2, 0, 2, 0, 3, 2, 3, 1, 1, 4, 0, 3, 1, 1, 0, 3, 1, 1, 3, 0, 1, 2, 4, 2, 1, 0, 2, 2, 4, 3, 0, 1, 0, 2, 3, 1, 2, 1, 1, 0, 3, 3, 1, 2, 2, 2, 0, 2, 1, 2, 1, 1, 1, 2, 1, 1, 0, 1, 1, 0, 1, 2, 1, 0]|[0, 1, 0, 1, 1, 1, 1, 0, 0, 1, 3, 2, 0, 2, 2, 0, 0, 2, 0, 0, 3, 0, 1, 1, 2, 0, 0, 1, 0, 2, 1, 0, 1, 1, 0, 1, 2, 0, 2, 1, 3, 3, 2, 1, 2, 1, 0, 0, 0, 2, 0, 3, 1, 2, 0, 2, 0, 2, 0, 0, 2, 1, 0, 0, 0, 2, 2, 2, 1, 2, 1, 0, 0, 0, 1, 2, 2, 0, 0, 2, 2, 0, 3, 0, 2, 0, 0, 1, 1, 0, 2, 1, 1, 1, 1, 0, 0, 0, 2, 1],900.945221393074;125264.879103763000;352114.006881886050,false,0
50,1,5000,G2_TEC,[63, 30, 89, 27, 96, 75, 26, 76, 58, 1, 12, 18, 78, 16, 80, 84, 49, 11, 85, 15, 83, 47, 0, 14, 64, 25, 66, 65, 81, 44, 29, 82, 13, 4, 86, 7, 54, 52, 56, 21, 32, 48, 38, 74, 39, 33, 60, 71, 69, 31, 90, 3, 34, 99, 43, 67, 35, 53, 20, 10, 87, 22, 91, 41, 19, 79, 57, 61, 70, 88, 45, 37, 51, 94, 2, 59, 55, 28, 62, 36, 92, 23, 42, 9, 73, 8, 6, 93, 5, 17, 97, 77, 24, 40, 95, 98, 68, 46, 72, 50]|[2, 0, 1, 2, 1, 0, 0, 0, 2, 2, 1, 1, 0, 2, 2, 1, 1, 2, 1, 1, 2, 0, 1, 0, 2, 1, 1, 0, 1, 2, 2, 2, 2, 1, 0, 2, 1, 2, 1, 1, 2, 2, 2, 0, 2, 2, 0, 1, 0, 2, 1, 1, 1, 2, 1, 1, 1, 1, 2, 0, 2, 1, 1, 0, 2, 1, 2, 1, 2, 1, 2, 1, 1, 2, 1, 2, 1, 2, 1, 1, 1, 1, 2, 1, 2, 2, 0, 1, 2, 1, 2, 2, 1, 1, 2, 1, 2, 2, 1, 1]|[4, 2, 0, 3, 1, 2, 1, 2, 4, 2, 3, 0, 1, 1, 2, 2, 1, 4, 1, 2, 2, 2, 2, 0, 1, 1, 0, 0, 3, 2, 1, 0, 4, 0, 2, 1, 2, 0, 2, 1, 3, 4, 3, 1, 1, 4, 0, 2, 1, 1, 3, 2, 2, 1, 1, 0, 1, 2, 4, 2, 1, 1, 2, 2, 1, 3, 4, 1, 3, 3, 3, 2, 2, 1, 1, 0, 1, 3, 2, 3, 2, 2, 0, 1, 1, 0, 2, 1, 1, 1, 1, 0, 1, 1, 0, 2, 3, 1, 3, 1]|[0, 1, 2, 1, 1, 1, 1, 0, 0, 3, 1, 2, 0, 2, 2, 0, 0, 1, 0, 0, 3, 0, 1, 1, 0, 2, 0, 1, 0, 2, 1, 0, 1, 1, 0, 0, 2, 0, 2, 1, 3, 1, 2, 1, 2, 1, 0, 2, 0, 2, 1, 0, 1, 2, 0, 2, 0, 2, 0, 0, 2, 0, 0, 0, 2, 2, 1, 2, 1, 0, 1, 1, 0, 0, 1, 2, 0, 1, 2, 1, 2, 0, 3, 2, 0, 1, 0, 0, 2, 1, 2, 1, 0, 0, 3, 0, 0, 1, 1, 0],986.860221267403;121891.720353946760;334165.882648395000,false,0
50,1,5000,G3_TWC,[63, 30, 89, 27, 96, 75, 26, 76, 58, 1, 12, 18, 78, 16, 80, 84, 49, 11, 85, 15, 83, 47, 0, 14, 64, 25, 66, 65, 81, 44, 29, 82, 13, 4, 86, 7, 54, 52, 56, 21, 32, 48, 38, 74, 39, 33, 60, 71, 69, 31, 90, 3, 34, 99, 43, 67, 35, 53, 20, 10, 87, 22, 91, 41, 19, 79, 57, 61, 70, 88, 45, 37, 51, 94, 2, 59, 55, 28, 62, 36, 92, 23, 42, 9, 73, 8, 6, 93, 5, 17, 24, 98, 77, 95, 46, 50, 97, 40, 68, 72]|[2, 0, 1, 2, 1, 0, 1, 0, 2, 2, 1, 1, 0, 2, 2, 1, 1, 2, 1, 1, 2, 0, 1, 0, 2, 2, 1, 0, 1, 2, 2, 2, 2, 1, 0, 2, 1, 2, 1, 1, 2, 2, 2, 0, 2, 2, 1, 1, 0, 2, 1, 1, 0, 2, 1, 1, 1, 1, 1, 1, 2, 1, 1, 0, 2, 1, 2, 1, 2, 1, 1, 1, 1, 2, 1, 2, 2, 2, 1, 1, 1, 1, 2, 1, 1, 2, 0, 1, 0, 1, 1, 1, 1, 2, 2, 1, 2, 1, 2, 0]|[4, 2, 0, 3, 1, 2, 3, 2, 4, 2, 3, 0, 1, 1, 2, 2, 1, 1, 1, 2, 2, 2, 2, 0, 1, 3, 0, 0, 3, 2, 1, 0, 4, 0, 2, 1, 2, 0, 2, 1, 3, 4, 3, 1, 1, 4, 3, 1, 1, 1, 3, 2, 1, 1, 1, 0, 1, 2, 3, 2, 1, 1, 2, 2, 4, 3, 4, 1, 3, 3, 1, 2, 2, 4, 1, 0, 3, 3, 0, 3, 2, 2, 0, 1, 3, 0, 2, 1, 2, 1, 3, 2, 1, 0, 1, 1, 0, 1, 3, 2]|[0, 1, 2, 1, 1, 1, 2, 0, 0, 3, 1, 2, 0, 2, 2, 0, 0, 2, 0, 0, 3, 0, 1, 1, 0, 0, 0, 1, 0, 2, 1, 0, 1, 1, 0, 0, 2, 0, 2, 1, 3, 1, 2, 1, 2, 1, 0, 1, 0, 2, 1, 0, 1, 2, 0, 2, 0, 2, 2, 0, 2, 1, 0, 0, 0, 2, 1, 2, 1, 0, 0, 1, 0, 1, 1, 2, 2, 1, 1, 1, 2, 0, 3, 2, 1, 1, 0, 0, 0, 1, 0, 0, 2, 3, 1, 0, 3, 0, 0, 0],1024.864153246744;120939.208461991740;333318.146183017930,false,0
51,2,32276,G1_CMAX,[63, 30, 89, 27, 96, 38, 26, 22, 58, 1, 12, 18, 78, 16, 80, 84, 49, 11, 85, 15, 83, 0, 14, 64, 25, 66, 65, 81, 44, 29, 82, 13, 4, 86, 7, 54, 52, 56, 21, 32, 48, 75, 74, 39, 33, 60, 71, 69, 31, 90, 35, 37, 99, 24, 67, 53, 43, 20, 10, 87, 76, 91, 41, 19, 79, 57, 61, 70, 88, 45, 34, 51, 47, 94, 2, 97, 55, 28, 62, 36, 92, 23, 42, 8, 50, 9, 6, 68, 93, 5, 72, 17, 73, 40, 46, 98, 3, 77, 95, 59]|[2, 0, 0, 0, 0, 2, 0, 0, 2, 2, 2, 1, 0, 0, 2, 1, 1, 2, 1, 0, 2, 0, 0, 0, 1, 1, 1, 1, 2, 2, 2, 2, 0, 0, 0, 1, 0, 1, 2, 2, 1, 2, 2, 0, 2, 1, 1, 1, 2, 0, 1, 1, 2, 1, 1, 2, 1, 0, 1, 2, 0, 1, 0, 2, 1, 0, 0, 1, 0, 2, 1, 0, 0, 2, 1, 2, 1, 1, 1, 2, 1, 2, 2, 0, 1, 0, 0, 1, 0, 1, 0, 0, 1, 2, 2, 1, 2, 2, 2, 2]|[4, 2, 0, 0, 2, 2, 1, 2, 4, 2, 2, 0, 1, 0, 4, 2, 1, 1, 1, 2, 2, 1, 0, 2, 1, 0, 1, 3, 2, 4, 0, 3, 0, 2, 2, 2, 2, 2, 0, 3, 0, 4, 2, 1, 4, 0, 1, 1, 0, 2, 2, 1, 1, 3, 0, 1, 1, 0, 1, 1, 2, 2, 2, 4, 3, 2, 0, 0, 1, 3, 1, 0, 1, 4, 1, 1, 0, 2, 0, 4, 2, 3, 0, 0, 1, 0, 1, 2, 2, 1, 0, 1, 1, 0, 1, 2, 2, 0, 0, 0]|[0, 0, 1, 0, 1, 3, 1, 0, 0, 3, 3, 2, 0, 0, 0, 0, 0, 2, 0, 0, 3, 1, 1, 0, 2, 0, 0, 0, 2, 1, 0, 3, 1, 0, 1, 2, 1, 2, 1, 3, 1, 3, 1, 1, 0, 1, 0, 1, 0, 1, 2, 1, 2, 0, 2, 2, 0, 0, 0, 2, 0, 0, 0, 0, 2, 0, 1, 1, 0, 1, 0, 1, 1, 1, 1, 2, 2, 0, 1, 2, 2, 1, 3, 0, 0, 1, 0, 0, 0, 0, 0, 1, 2, 3, 1, 0, 2, 1, 3, 2],797.540291221851;129008.676280931000;358250.977860813500,false,0
51,2,32276,G4_BALANCED,[63, 30, 89, 27, 96, 75, 26, 76, 19, 48, 64, 18, 78, 16, 80, 84, 49, 11, 85, 15, 83, 47, 0, 14, 12, 25, 66, 65, 81, 44, 29, 82, 13, 4, 86, 7, 54, 52, 56, 21, 32, 1, 38, 74, 39, 33, 60, 88, 69, 31, 90, 3, 34, 99, 24, 67, 35, 53, 20, 10, 97, 95, 91, 41, 58, 79, 57, 61, 70, 71, 45, 37, 51, 94, 2, 59, 55, 28, 62, 36, 92, 23, 42, 9, 73, 8, 6, 40, 5, 98, 87, 17, 22, 93, 46, 72, 50, 68, 43, 77]|[2, 0, 1, 2, 1, 0, 0, 0, 2, 2, 2, 1, 1, 2, 2, 1, 0, 2, 1, 1, 2, 0, 1, 0, 1, 2, 1, 0, 1, 2, 2, 2, 2, 0, 0, 0, 1, 2, 1, 2, 2, 2, 2, 0, 2, 2, 0, 1, 0, 2, 0, 2, 0, 2, 1, 1, 1, 1, 2, 1, 2, 0, 1, 0, 2, 1, 2, 1, 1, 1, 2, 1, 1, 2, 1, 2, 2, 2, 0, 1, 1, 1, 2, 1, 1, 1, 1, 0, 0, 1, 2, 1, 2, 0, 2, 0, 1, 1, 2, 2]|[4, 1, 1, 3, 1, 0, 1, 2, 4, 4, 2, 0, 2, 1, 2, 2, 0, 1, 1, 2, 2, 2, 2, 1, 3, 3, 3, 0, 3, 2, 1, 0, 4, 0, 2, 2, 2, 0, 2, 0, 3, 2, 3, 1, 1, 4, 0, 3, 1, 1, 0, 3, 1, 1, 3, 0, 1, 2, 4, 2, 1, 0, 2, 2, 4, 3, 0, 1, 0, 2, 3, 1, 2, 1, 1, 0, 3, 3, 1, 2, 2, 2, 0, 2, 1, 2, 1, 1, 1, 2, 1, 1, 0, 1, 1, 0, 1, 2, 1, 0]|[0, 1, 0, 1, 1, 1, 1, 0, 0, 1, 3, 2, 0, 2, 2, 0, 0, 2, 0, 0, 3, 0, 1, 1, 2, 0, 0, 1, 0, 2, 1, 0, 1, 1, 0, 1, 2, 0, 2, 1, 3, 3, 2, 1, 2, 1, 0, 0, 0, 2, 0, 3, 1, 2, 0, 2, 0, 2, 0, 0, 2, 1, 0, 0, 0, 2, 2, 2, 1, 2, 1, 0, 0, 0, 1, 2, 2, 0, 0, 2, 2, 0, 3, 0, 2, 0, 0, 1, 1, 0, 2, 1, 1, 1, 1, 0, 0, 0, 2, 1],900.945221393074;125264.879103763000;352114.006881886050,false,0
51,2,32276,G2_TEC,[63, 30, 89, 27, 96, 75, 26, 76, 58, 1, 12, 18, 78, 16, 80, 84, 49, 11, 85, 15, 83, 47, 0, 14, 64, 25, 66, 65, 81, 44, 29, 82, 13, 4, 86, 7, 54, 52, 56, 21, 32, 48, 38, 74, 39, 33, 60, 71, 69, 31, 90, 3, 34, 99, 43, 67, 35, 53, 20, 10, 87, 22, 91, 41, 19, 79, 57, 61, 70, 88, 45, 37, 51, 94, 2, 59, 55, 28, 62, 36, 92, 23, 42, 9, 73, 8, 6, 93, 5, 17, 24, 77, 40, 46, 95, 97, 50, 98, 72, 68]|[2, 0, 1, 2, 1, 0, 1, 0, 2, 2, 1, 1, 0, 2, 2, 1, 2, 2, 1, 1, 2, 0, 1, 0, 2, 2, 1, 0, 1, 1, 2, 2, 2, 1, 0, 2, 1, 2, 1, 1, 2, 2, 2, 0, 2, 2, 1, 1, 1, 2, 1, 1, 1, 2, 1, 1, 1, 1, 2, 1, 2, 1, 1, 0, 2, 1, 2, 1, 2, 1, 1, 1, 1, 2, 1, 2, 2, 2, 2, 1, 1, 1, 2, 1, 1, 1, 0, 1, 0, 1, 2, 1, 1, 2, 2, 2, 1, 1, 1, 2]|[4, 2, 0, 3, 1, 2, 3, 2, 4, 2, 3, 0, 1, 1, 2, 2, 3, 1, 1, 2, 2, 2, 2, 0, 1, 3, 0, 0, 3, 1, 1, 0, 4, 0, 2, 1, 2, 0, 2, 1, 3, 4, 3, 1, 1, 4, 3, 1, 3, 1, 3, 2, 2, 1, 1, 0, 1, 2, 4, 2, 1, 1, 2, 2, 4, 3, 4, 1, 3, 3, 1, 2, 2, 4, 1, 0, 3, 3, 1, 3, 2, 2, 0, 1, 1, 2, 2, 1, 2, 2, 1, 1, 1, 1, 0, 0, 1, 1, 1, 3]|[0, 1, 2, 1, 1, 1, 2, 0, 0, 3, 1, 2, 0, 2, 2, 0, 1, 2, 0, 0, 3, 0, 1, 1, 0, 0, 0, 1, 0, 0, 1, 0, 1, 1, 0, 0, 0, 0, 2, 1, 3, 1, 2, 1, 2, 1, 0, 1, 2, 2, 1, 0, 1, 2, 0, 2, 0, 2, 0, 0, 2, 1, 0, 0, 0, 2, 1, 2, 1, 0, 0, 1, 0, 1, 1, 2, 2, 1, 2, 1, 2, 0, 3, 2, 2, 0, 0, 0, 0, 0, 2, 2, 0, 1, 3, 3, 0, 1, 2, 0],1096.639471696361;119999.879576089840;327152.608509285400,false,0
51,2,32276,G3_TWC,[63, 30, 89, 27, 96, 75, 26, 76, 58, 1, 12, 18, 78, 16, 80, 84, 49, 11, 85, 15, 83, 47, 0, 14, 64, 25, 66, 65, 81, 44, 29, 82, 13, 4, 86, 7, 54, 52, 56, 21, 32, 48, 38, 74, 39, 33, 60, 71, 69, 31, 90, 3, 34, 99, 43, 67, 35, 53, 20, 10, 87, 22, 91, 41, 19, 79, 57, 61, 70, 88, 45, 37, 51, 94, 2, 59, 55, 28, 62, 36, 92, 23, 42, 9, 73, 8, 6, 93, 5, 17, 24, 98, 77, 95, 46, 50, 97, 40, 68, 72]|[2, 0, 1, 2, 1, 0, 1, 0, 2, 2, 1, 1, 0, 2, 2, 1, 1, 2, 1, 1, 2, 0, 1, 0, 2, 2, 1, 0, 1, 2, 2, 2, 2, 1, 0, 2, 1, 2, 1, 1, 2, 2, 2, 0, 2, 2, 1, 1, 0, 2, 1, 1, 0, 2, 1, 1, 1, 1, 1, 1, 2, 1, 1, 0, 2, 1, 2, 1, 2, 1, 1, 1, 1, 2, 1, 2, 2, 2, 1, 1, 1, 1, 2, 1, 1, 2, 0, 1, 0, 1, 1, 1, 1, 2, 2, 1, 2, 1, 2, 0]|[4, 2, 0, 3, 1, 2, 3, 2, 4, 2, 3, 0, 1, 1, 2, 2, 1, 1, 1, 2, 2, 2, 2, 0, 1, 3, 0, 0, 3, 2, 1, 0, 4, 0, 2, 1, 2, 0, 2, 1, 3, 4, 3, 1, 1, 4, 3, 1, 1, 1, 3, 2, 1, 1, 1, 0, 1, 2, 3, 2, 1, 1, 2, 2, 4, 3, 4, 1, 3, 3, 1, 2, 2, 4, 1, 0, 3, 3, 0, 3, 2, 2, 0, 1, 3, 0, 2, 1, 2, 1, 3, 2, 1, 0, 1, 1, 0, 1, 3, 2]|[0, 1, 2, 1, 1, 1, 2, 0, 0, 3, 1, 2, 0, 2, 2, 0, 0, 2, 0, 0, 3, 0, 1, 1, 0, 0, 0, 1, 0, 2, 1, 0, 1, 1, 0, 0, 2, 0, 2, 1, 3, 1, 2, 1, 2, 1, 0, 1, 0, 2, 1, 0, 1, 2, 0, 2, 0, 2, 2, 0, 2, 1, 0, 0, 0, 2, 1, 2, 1, 0, 0, 1, 0, 1, 1, 2, 2, 1, 1, 1, 2, 0, 3, 2, 1, 1, 0, 0, 0, 1, 0, 0, 2, 3, 1, 0, 3, 0, 0, 0],1024.864153246744;120939.208461991740;333318.146183017930,false,0
52,2,32376,G1_CMAX,[63, 30, 89, 27, 96, 38, 26, 22, 58, 1, 12, 18, 78, 16, 80, 84, 49, 11, 85, 15, 83, 0, 14, 64, 25, 66, 65, 81, 44, 29, 82, 13, 4, 86, 7, 54, 52, 56, 21, 32, 48, 75, 74, 39, 33, 60, 71, 69, 31, 90, 35, 37, 99, 24, 67, 53, 43, 20, 10, 87, 76, 91, 41, 19, 79, 57, 61, 70, 88, 45, 34, 51, 47, 94, 2, 97, 55, 28, 62, 36, 92, 23, 42, 8, 50, 9, 6, 68, 93, 5, 72, 17, 73, 40, 46, 98, 3, 77, 95, 59]|[2, 0, 0, 0, 0, 2, 0, 0, 2, 2, 2, 1, 0, 0, 2, 1, 1, 2, 1, 0, 2, 0, 0, 0, 1, 1, 1, 1, 2, 2, 2, 2, 0, 0, 0, 1, 0, 1, 2, 2, 1, 2, 2, 0, 2, 1, 1, 1, 2, 0, 1, 1, 2, 1, 1, 2, 1, 0, 1, 2, 0, 1, 0, 2, 1, 0, 0, 1, 0, 2, 1, 0, 0, 2, 1, 2, 1, 1, 1, 2, 1, 2, 2, 0, 1, 0, 0, 1, 0, 1, 0, 0, 1, 2, 2, 1, 2, 2, 2, 2]|[4, 2, 0, 0, 2, 2, 1, 2, 4, 2, 2, 0, 1, 0, 4, 2, 1, 1, 1, 2, 2, 1, 0, 2, 1, 0, 1, 3, 2, 4, 0, 3, 0, 2, 2, 2, 2, 2, 0, 3, 0, 4, 2, 1, 4, 0, 1, 1, 0, 2, 2, 1, 1, 3, 0, 1, 1, 0, 1, 1, 2, 2, 2, 4, 3, 2, 0, 0, 1, 3, 1, 0, 1, 4, 1, 1, 0, 2, 0, 4, 2, 3, 0, 0, 1, 0, 1, 2, 2, 1, 0, 1, 1, 0, 1, 2, 2, 0, 0, 0]|[0, 0, 1, 0, 1, 3, 1, 0, 0, 3, 3, 2, 0, 0, 0, 0, 0, 2, 0, 0, 3, 1, 1, 0, 2, 0, 0, 0, 2, 1, 0, 3, 1, 0, 1, 2, 1, 2, 1, 3, 1, 3, 1, 1, 0, 1, 0, 1, 0, 1, 2, 1, 2, 0, 2, 2, 0, 0, 0, 2, 0, 0, 0, 0, 2, 0, 1, 1, 0, 1, 0, 1, 1, 1, 1, 2, 2, 0, 1, 2, 2, 1, 3, 0, 0, 1, 0, 0, 0, 0, 0, 1, 2, 3, 1, 0, 2, 1, 3, 2],797.540291221851;129008.676280931000;358250.977860813500,false,0
52,2,32376,G4_BALANCED,[63, 30, 27, 96, 75, 26, 76, 19, 48, 66, 53, 16, 80, 49, 11, 0, 6, 93, 5, 68, 97, 47, 83, 89, 15, 57, 61, 36, 81, 40, 46, 72, 77, 88, 24, 51, 94, 59, 55, 28, 62, 98, 23, 67, 71, 44, 29, 82, 13, 4, 86, 7, 92, 87, 20, 2, 35, 9, 43, 99, 34, 3, 90, 69, 60, 33, 39, 74, 38, 1, 32, 21, 73, 52, 54, 22, 91, 41, 58, 85, 50, 37, 42, 56, 25, 12, 14, 78, 8, 84, 65, 70, 79, 18, 45, 64, 10, 31, 17, 95]|[2, 0, 2, 0, 0, 0, 0, 2, 2, 1, 1, 2, 2, 0, 2, 1, 0, 1, 0, 2, 1, 0, 2, 1, 1, 2, 1, 1, 1, 0, 2, 0, 2, 1, 1, 0, 2, 2, 2, 2, 2, 1, 1, 1, 1, 2, 2, 2, 2, 0, 0, 0, 1, 1, 0, 1, 1, 1, 0, 2, 1, 2, 0, 0, 0, 2, 2, 0, 2, 2, 2, 2, 1, 2, 1, 0, 0, 0, 2, 1, 1, 1, 2, 1, 2, 1, 0, 1, 1, 1, 1, 2, 1, 1, 2, 1, 1, 1, 0, 2]|[4, 2, 3, 2, 2, 1, 2, 4, 4, 2, 1, 1, 0, 0, 1, 2, 1, 1, 2, 1, 1, 2, 2, 1, 2, 4, 1, 1, 1, 1, 1, 0, 0, 1, 2, 0, 4, 0, 3, 3, 1, 2, 2, 1, 1, 2, 1, 0, 4, 0, 2, 2, 2, 1, 0, 1, 1, 2, 2, 1, 1, 3, 2, 1, 0, 4, 1, 1, 3, 4, 3, 0, 1, 0, 2, 2, 0, 2, 4, 1, 1, 1, 0, 2, 3, 1, 0, 2, 1, 1, 1, 3, 3, 1, 3, 1, 2, 3, 1, 0]|[0, 1, 1, 1, 1, 1, 0, 0, 1, 0, 1, 2, 0, 0, 2, 0, 0, 2, 0, 2, 0, 0, 3, 0, 0, 1, 2, 1, 0, 1, 1, 0, 1, 0, 0, 1, 1, 2, 2, 1, 2, 0, 0, 2, 1, 2, 1, 0, 1, 1, 0, 1, 2, 1, 0, 1, 0, 0, 0, 2, 1, 3, 1, 0, 0, 0, 2, 1, 2, 1, 3, 1, 0, 0, 2, 0, 0, 0, 0, 0, 0, 1, 3, 2, 0, 2, 1, 0, 0, 0, 0, 1, 2, 1, 1, 1, 0, 2, 1, 3],877.969799970251;124452.557019605620;365330.739130774800,false,0
52,2,32376,G2_TEC,[63, 30, 89, 27, 96, 75, 26, 76, 58, 1, 12, 18, 78, 16, 80, 84, 49, 11, 85, 15, 83, 47, 0, 14, 64, 25, 66, 65, 81, 44, 29, 82, 13, 4, 86, 7, 54, 52, 56, 21, 32, 48, 38, 74, 39, 33, 60, 71, 69, 31, 90, 3, 34, 99, 43, 67, 35, 53, 20, 10, 87, 22, 91, 41, 19, 79, 57, 61, 70, 88, 45, 37, 51, 94, 2, 59, 55, 28, 62, 36, 92, 23, 42, 9, 73, 8, 6, 93, 5, 17, 24, 77, 40, 46, 95, 97, 50, 98, 72, 68]|[2, 0, 1, 2, 1, 0, 1, 0, 2, 2, 1, 1, 0, 2, 2, 1, 2, 2, 1, 1, 2, 0, 1, 0, 2, 2, 1, 0, 1, 1, 2, 2, 2, 1, 0, 2, 1, 2, 1, 1, 2, 2, 2, 0, 2, 2, 1, 1, 1, 2, 1, 1, 1, 2, 1, 1, 1, 1, 2, 1, 2, 1, 1, 0, 2, 1, 2, 1, 2, 1, 1, 1, 1, 2, 1, 2, 2, 2, 2, 1, 1, 1, 2, 1, 1, 1, 0, 1, 0, 1, 2, 1, 1, 2, 2, 2, 1, 1, 1, 2]|[4, 2, 0, 3, 1, 2, 3, 2, 4, 2, 3, 0, 1, 1, 2, 2, 3, 1, 1, 2, 2, 2, 2, 0, 1, 3, 0, 0, 3, 1, 1, 0, 4, 0, 2, 1, 2, 0, 2, 1, 3, 4, 3, 1, 1, 4, 3, 1, 3, 1, 3, 2, 2, 1, 1, 0, 1, 2, 4, 2, 1, 1, 2, 2, 4, 3, 4, 1, 3, 3, 1, 2, 2, 4, 1, 0, 3, 3, 1, 3, 2, 2, 0, 1, 1, 2, 2, 1, 2, 2, 1, 1, 1, 1, 0, 0, 1, 1, 1, 3]|[0, 1, 2, 1, 1, 1, 2, 0, 0, 3, 1, 2, 0, 2, 2, 0, 1, 2, 0, 0, 3, 0, 1, 1, 0, 0, 0, 1, 0, 0, 1, 0, 1, 1, 0, 0, 0, 0, 2, 1, 3, 1, 2, 1, 2, 1, 0, 1, 2, 2, 1, 0, 1, 2, 0, 2, 0, 2, 0, 0, 2, 1, 0, 0, 0, 2, 1, 2, 1, 0, 0, 1, 0, 1, 1, 2, 2, 1, 2, 1, 2, 0, 3, 2, 2, 0, 0, 0, 0, 0, 2, 2, 0, 1, 3, 3, 0, 1, 2, 0],1096.639471696361;119999.879576089840;327152.608509285400,false,0
52,2,32376,G3_TWC,[63, 30, 89, 27, 96, 75, 26, 76, 58, 1, 12, 18, 78, 16, 80, 84, 49, 11, 85, 15, 83, 47, 0, 14, 64, 25, 66, 65, 81, 44, 29, 82, 13, 4, 86, 7, 54, 52, 56, 21, 32, 48, 38, 74, 39, 33, 60, 71, 69, 31, 90, 3, 34, 99, 43, 67, 35, 53, 20, 10, 87, 22, 91, 41, 19, 79, 57, 61, 70, 88, 45, 37, 51, 94, 2, 59, 55, 28, 62, 36, 92, 23, 42, 9, 73, 8, 6, 93, 5, 17, 24, 98, 77, 95, 46, 50, 97, 40, 68, 72]|[2, 0, 1, 2, 1, 0, 1, 0, 2, 2, 1, 1, 0, 2, 2, 1, 1, 2, 1, 1, 2, 0, 1, 0, 2, 2, 1, 0, 1, 2, 2, 2, 2, 1, 0, 2, 1, 2, 1, 1, 2, 2, 2, 0, 2, 2, 1, 1, 0, 2, 1, 1, 0, 2, 1, 1, 1, 1, 1, 1, 2, 1, 1, 0, 2, 1, 2, 1, 2, 1, 1, 1, 1, 2, 1, 2, 2, 2, 1, 1, 1, 1, 2, 1, 1, 2, 0, 1, 0, 1, 1, 1, 1, 2, 2, 1, 2, 1, 2, 0]|[4, 2, 0, 3, 1, 2, 3, 2, 4, 2, 3, 0, 1, 1, 2, 2, 1, 1, 1, 2, 2, 2, 2, 0, 1, 3, 0, 0, 3, 2, 1, 0, 4, 0, 2, 1, 2, 0, 2, 1, 3, 4, 3, 1, 1, 4, 3, 1, 1, 1, 3, 2, 1, 1, 1, 0, 1, 2, 3, 2, 1, 1, 2, 2, 4, 3, 4, 1, 3, 3, 1, 2, 2, 4, 1, 0, 3, 3, 0, 3, 2, 2, 0, 1, 3, 0, 2, 1, 2, 1, 3, 2, 1, 0, 1, 1, 0, 1, 3, 2]|[0, 1, 2, 1, 1, 1, 2, 0, 0, 3, 1, 2, 0, 2, 2, 0, 0, 2, 0, 0, 3, 0, 1, 1, 0, 0, 0, 1, 0, 2, 1, 0, 1, 1, 0, 0, 2, 0, 2, 1, 3, 1, 2, 1, 2, 1, 0, 1, 0, 2, 1, 0, 1, 2, 0, 2, 0, 2, 2, 0, 2, 1, 0, 0, 0, 2, 1, 2, 1, 0, 0, 1, 0, 1, 1, 2, 2, 1, 1, 1, 2, 0, 3, 2, 1, 1, 0, 0, 0, 1, 0, 0, 2, 3, 1, 0, 3, 0, 0, 0],1024.864153246744;120939.208461991740;333318.146183017930,false,0
53,2,32476,G1_CMAX,[63, 30, 26, 75, 96, 27, 89, 76, 58, 1, 12, 18, 78, 16, 80, 84, 49, 11, 85, 15, 83, 47, 0, 14, 64, 25, 66, 81, 44, 29, 82, 13, 4, 86, 7, 8, 52, 56, 32, 48, 38, 74, 39, 33, 60, 9, 69, 31, 90, 21, 3, 34, 99, 43, 67, 20, 35, 10, 87, 22, 91, 41, 19, 23, 57, 61, 70, 50, 97, 72, 46, 95, 71, 92, 24, 17, 5, 79, 6, 54, 73, 65, 40, 42, 93, 77, 36, 62, 28, 55, 59, 2, 94, 51, 37, 45, 88, 98, 53, 68]|[2, 0, 1, 0, 1, 2, 1, 0, 2, 2, 1, 0, 0, 2, 2, 1, 2, 2, 1, 1, 2, 0, 1, 0, 2, 2, 1, 1, 2, 2, 2, 2, 1, 0, 0, 1, 2, 1, 2, 2, 2, 0, 2, 2, 0, 1, 0, 2, 1, 1, 1, 1, 2, 1, 1, 1, 1, 0, 2, 1, 1, 0, 2, 1, 2, 1, 2, 1, 2, 0, 2, 2, 1, 1, 1, 1, 2, 1, 0, 1, 1, 1, 1, 2, 1, 1, 1, 1, 2, 2, 2, 1, 2, 1, 1, 2, 1, 1, 1, 2]|[4, 2, 3, 2, 1, 3, 1, 2, 4, 2, 3, 1, 1, 1, 2, 2, 3, 1, 1, 2, 2, 1, 2, 1, 1, 3, 0, 3, 2, 3, 0, 4, 0, 2, 2, 2, 0, 2, 3, 4, 3, 1, 1, 4, 0, 1, 1, 1, 3, 1, 2, 2, 1, 1, 0, 3, 1, 2, 1, 1, 2, 2, 4, 2, 4, 1, 3, 1, 1, 2, 1, 0, 1, 2, 3, 1, 1, 3, 2, 2, 3, 1, 1, 0, 1, 1, 3, 3, 3, 3, 0, 1, 1, 2, 2, 3, 3, 1, 2, 3]|[0, 1, 2, 1, 0, 1, 0, 0, 0, 3, 1, 0, 0, 2, 2, 2, 1, 2, 0, 0, 3, 1, 1, 1, 0, 0, 0, 0, 2, 1, 0, 1, 1, 0, 1, 0, 0, 2, 3, 1, 2, 1, 2, 1, 0, 2, 0, 2, 1, 1, 0, 1, 2, 0, 2, 2, 0, 0, 2, 1, 0, 0, 0, 0, 1, 2, 1, 0, 2, 0, 1, 3, 1, 2, 0, 1, 2, 2, 0, 2, 1, 0, 0, 3, 0, 0, 1, 1, 1, 2, 2, 1, 0, 0, 1, 1, 0, 1, 2, 0],1048.092363667013;119672.969021200900;344992.744442426830,false,0
53,2,32476,G4_BALANCED,[63, 30, 27, 96, 75, 26, 76, 19, 48, 66, 53, 16, 80, 49, 11, 0, 6, 93, 5, 68, 97, 47, 83, 89, 15, 57, 61, 36, 81, 40, 46, 72, 77, 88, 24, 51, 94, 59, 55, 28, 62, 98, 23, 67, 71, 44, 29, 82, 13, 4, 86, 7, 92, 87, 20, 2, 35, 9, 43, 99, 34, 3, 90, 69, 60, 33, 39, 74, 38, 1, 32, 21, 73, 52, 54, 22, 91, 41, 58, 85, 50, 37, 42, 56, 25, 12, 14, 78, 8, 84, 65, 70, 79, 18, 45, 64, 10, 31, 17, 95]|[2, 0, 2, 0, 0, 0, 0, 2, 2, 1, 1, 2, 2, 0, 2, 1, 0, 1, 0, 2, 1, 0, 2, 1, 1, 2, 1, 1, 1, 0, 2, 0, 2, 1, 1, 0, 2, 2, 2, 2, 2, 1, 1, 1, 1, 2, 2, 2, 2, 0, 0, 0, 1, 1, 0, 1, 1, 1, 0, 2, 1, 2, 0, 0, 0, 2, 2, 0, 2, 2, 2, 2, 1, 2, 1, 0, 0, 0, 2, 1, 1, 1, 2, 1, 2, 1, 0, 1, 1, 1, 1, 2, 1, 1, 2, 1, 1, 1, 0, 2]|[4, 2, 3, 2, 2, 1, 2, 4, 4, 2, 1, 1, 0, 0, 1, 2, 1, 1, 2, 1, 1, 2, 2, 1, 2, 4, 1, 1, 1, 1, 1, 0, 0, 1, 2, 0, 4, 0, 3, 3, 1, 2, 2, 1, 1, 2, 1, 0, 4, 0, 2, 2, 2, 1, 0, 1, 1, 2, 2, 1, 1, 3, 2, 1, 0, 4, 1, 1, 3, 4, 3, 0, 1, 0, 2, 2, 0, 2, 4, 1, 1, 1, 0, 2, 3, 1, 0, 2, 1, 1, 1, 3, 3, 1, 3, 1, 2, 3, 1, 0]|[0, 1, 1, 1, 1, 1, 0, 0, 1, 0, 1, 2, 0, 0, 2, 0, 0, 2, 0, 2, 0, 0, 3, 0, 0, 1, 2, 1, 0, 1, 1, 0, 1, 0, 0, 1, 1, 2, 2, 1, 2, 0, 0, 2, 1, 2, 1, 0, 1, 1, 0, 1, 2, 1, 0, 1, 0, 0, 0, 2, 1, 3, 1, 0, 0, 0, 2, 1, 2, 1, 3, 1, 0, 0, 2, 0, 0, 0, 0, 0, 0, 1, 3, 2, 0, 2, 1, 0, 0, 0, 0, 1, 2, 1, 1, 1, 0, 2, 1, 3],877.969799970251;124452.557019605620;365330.739130774800,false,0
53,2,32476,G2_TEC,[63, 30, 89, 27, 96, 75, 26, 76, 58, 1, 12, 18, 78, 16, 80, 84, 49, 11, 85, 15, 83, 47, 0, 14, 64, 25, 66, 65, 81, 44, 29, 82, 13, 4, 86, 7, 54, 52, 56, 21, 32, 48, 38, 74, 39, 33, 60, 71, 69, 31, 90, 3, 34, 99, 43, 67, 35, 53, 20, 10, 87, 22, 91, 41, 19, 79, 57, 61, 70, 88, 45, 37, 51, 94, 2, 59, 55, 28, 62, 36, 92, 23, 42, 9, 73, 8, 6, 93, 5, 17, 24, 77, 40, 46, 95, 97, 50, 98, 72, 68]|[2, 0, 1, 2, 1, 0, 1, 0, 2, 2, 1, 1, 0, 2, 2, 1, 2, 2, 1, 1, 2, 0, 1, 0, 2, 2, 1, 0, 1, 1, 2, 2, 2, 1, 0, 2, 1, 2, 1, 1, 2, 2, 2, 0, 2, 2, 1, 1, 1, 2, 1, 1, 1, 2, 1, 1, 1, 1, 2, 1, 2, 1, 1, 0, 2, 1, 2, 1, 2, 1, 1, 1, 1, 2, 1, 2, 2, 2, 2, 1, 1, 1, 2, 1, 1, 1, 0, 1, 0, 1, 2, 1, 1, 2, 2, 2, 1, 1, 1, 2]|[4, 2, 0, 3, 1, 2, 3, 2, 4, 2, 3, 0, 1, 1, 2, 2, 3, 1, 1, 2, 2, 2, 2, 0, 1, 3, 0, 0, 3, 1, 1, 0, 4, 0, 2, 1, 2, 0, 2, 1, 3, 4, 3, 1, 1, 4, 3, 1, 3, 1, 3, 2, 2, 1, 1, 0, 1, 2, 4, 2, 1, 1, 2, 2, 4, 3, 4, 1, 3, 3, 1, 2, 2, 4, 1, 0, 3, 3, 1, 3, 2, 2, 0, 1, 1, 2, 2, 1, 2, 2, 1, 1, 1, 1, 0, 0, 1, 1, 1, 3]|[0, 1, 2, 1, 1, 1, 2, 0, 0, 3, 1, 2, 0, 2, 2, 0, 1, 2, 0, 0, 3, 0, 1, 1, 0, 0, 0, 1, 0, 0, 1, 0, 1, 1, 0, 0, 0, 0, 2, 1, 3, 1, 2, 1, 2, 1, 0, 1, 2, 2, 1, 0, 1, 2, 0, 2, 0, 2, 0, 0, 2, 1, 0, 0, 0, 2, 1, 2, 1, 0, 0, 1, 0, 1, 1, 2, 2, 1, 2, 1, 2, 0, 3, 2, 2, 0, 0, 0, 0, 0, 2, 2, 0, 1, 3, 3, 0, 1, 2, 0],1096.639471696361;119999.879576089840;327152.608509285400,false,0
53,2,32476,G3_TWC,[63, 30, 89, 27, 96, 75, 26, 76, 58, 1, 12, 18, 78, 16, 80, 84, 49, 11, 85, 15, 83, 47, 0, 14, 64, 25, 66, 65, 81, 44, 29, 82, 13, 4, 86, 7, 54, 52, 56, 21, 32, 48, 38, 74, 39, 33, 60, 71, 69, 31, 90, 3, 34, 99, 43, 67, 35, 53, 20, 10, 87, 22, 91, 41, 19, 79, 57, 61, 70, 88, 45, 37, 51, 94, 2, 59, 55, 28, 62, 36, 92, 23, 42, 9, 73, 8, 6, 93, 5, 17, 24, 98, 77, 95, 46, 50, 97, 40, 68, 72]|[2, 0, 1, 2, 1, 0, 1, 0, 2, 2, 1, 1, 0, 2, 2, 1, 1, 2, 1, 1, 2, 0, 1, 0, 2, 2, 1, 0, 1, 2, 2, 2, 2, 1, 0, 2, 1, 2, 1, 1, 2, 2, 2, 0, 2, 2, 1, 1, 0, 2, 1, 1, 0, 2, 1, 1, 1, 1, 1, 1, 2, 1, 1, 0, 2, 1, 2, 1, 2, 1, 1, 1, 1, 2, 1, 2, 2, 2, 1, 1, 1, 1, 2, 1, 1, 2, 0, 1, 0, 1, 1, 1, 1, 2, 2, 1, 2, 1, 2, 0]|[4, 2, 0, 3, 1, 2, 3, 2, 4, 2, 3, 0, 1, 1, 2, 2, 1, 1, 1, 2, 2, 2, 2, 0, 1, 3, 0, 0, 3, 2, 1, 0, 4, 0, 2, 1, 2, 0, 2, 1, 3, 4, 3, 1, 1, 4, 3, 1, 1, 1, 3, 2, 1, 1, 1, 0, 1, 2, 3, 2, 1, 1, 2, 2, 4, 3, 4, 1, 3, 3, 1, 2, 2, 4, 1, 0, 3, 3, 0, 3, 2, 2, 0, 1, 3, 0, 2, 1, 2, 1, 3, 2, 1, 0, 1, 1, 0, 1, 3, 2]|[0, 1, 2, 1, 1, 1, 2, 0, 0, 3, 1, 2, 0, 2, 2, 0, 0, 2, 0, 0, 3, 0, 1, 1, 0, 0, 0, 1, 0, 2, 1, 0, 1, 1, 0, 0, 2, 0, 2, 1, 3, 1, 2, 1, 2, 1, 0, 1, 0, 2, 1, 0, 1, 2, 0, 2, 0, 2, 2, 0, 2, 1, 0, 0, 0, 2, 1, 2, 1, 0, 0, 1, 0, 1, 1, 2, 2, 1, 1, 1, 2, 0, 3, 2, 1, 1, 0, 0, 0, 1, 0, 0, 2, 3, 1, 0, 3, 0, 0, 0],1024.864153246744;120939.208461991740;333318.146183017930,false,0
54,2,32576,G1_CMAX,[63, 30, 89, 27, 96, 38, 26, 22, 58, 1, 12, 18, 78, 16, 80, 84, 49, 11, 85, 15, 83, 0, 14, 64, 25, 66, 65, 81, 44, 29, 82, 13, 4, 86, 7, 54, 52, 56, 21, 32, 48, 75, 74, 39, 33, 60, 71, 69, 31, 90, 35, 37, 99, 24, 67, 53, 43, 20, 10, 87, 76, 91, 41, 19, 79, 57, 61, 70, 88, 45, 34, 51, 47, 94, 2, 97, 55, 28, 62, 36, 92, 23, 42, 8, 50, 9, 6, 68, 93, 5, 72, 17, 73, 40, 46, 98, 3, 77, 95, 59]|[2, 0, 0, 0, 0, 2, 0, 0, 2, 2, 2, 1, 0, 0, 2, 1, 1, 2, 1, 0, 2, 0, 0, 0, 1, 1, 1, 1, 2, 2, 2, 2, 0, 0, 0, 1, 0, 1, 2, 2, 1, 2, 2, 0, 2, 1, 1, 1, 2, 0, 1, 1, 2, 1, 1, 2, 1, 0, 1, 2, 0, 1, 0, 2, 1, 0, 0, 1, 0, 2, 1, 0, 0, 2, 1, 2, 1, 1, 1, 2, 1, 2, 2, 0, 1, 0, 0, 1, 0, 1, 0, 0, 1, 2, 2, 1, 2, 2, 2, 2]|[4, 2, 0, 0, 2, 2, 1, 2, 4, 2, 2, 0, 1, 0, 4, 2, 1, 1, 1, 2, 2, 1, 0, 2, 1, 0, 1, 3, 2, 4, 0, 3, 0, 2, 2, 2, 2, 2, 0, 3, 0, 4, 2, 1, 4, 0, 1, 1, 0, 2, 2, 1, 1, 3, 0, 1, 1, 0, 1, 1, 2, 2, 2, 4, 3, 2, 0, 0, 1, 3, 1, 0, 1, 4, 1, 1, 0, 2, 0, 4, 2, 3, 0, 0, 1, 0, 1, 2, 2, 1, 0, 1, 1, 0, 1, 2, 2, 0, 0, 0]|[0, 0, 1, 0, 1, 3, 1, 0, 0, 3, 3, 2, 0, 0, 0, 0, 0, 2, 0, 0, 3, 1, 1, 0, 2, 0, 0, 0, 2, 1, 0, 3, 1, 0, 1, 2, 1, 2, 1, 3, 1, 3, 1, 1, 0, 1, 0, 1, 0, 1, 2, 1, 2, 0, 2, 2, 0, 0, 0, 2, 0, 0, 0, 0, 2, 0, 1, 1, 0, 1, 0, 1, 1, 1, 1, 2, 2, 0, 1, 2, 2, 1, 3, 0, 0, 1, 0, 0, 0, 0, 0, 1, 2, 3, 1, 0, 2, 1, 3, 2],797.540291221851;129008.676280931000;358250.977860813500,false,0
54,2,32576,G4_BALANCED,[63, 30, 27, 96, 75, 26, 76, 19, 48, 66, 53, 16, 80, 49, 11, 0, 6, 93, 5, 68, 97, 47, 83, 89, 15, 57, 61, 36, 81, 40, 46, 72, 77, 88, 24, 51, 94, 59, 55, 28, 62, 98, 23, 67, 71, 44, 29, 82, 13, 4, 86, 7, 92, 87, 20, 2, 35, 9, 43, 99, 34, 3, 90, 69, 60, 33, 39, 74, 38, 1, 32, 21, 73, 52, 54, 22, 91, 41, 58, 85, 50, 37, 42, 56, 25, 12, 14, 78, 8, 84, 65, 70, 79, 18, 45, 64, 10, 31, 17, 95]|[2, 0, 2, 0, 0, 0, 0, 2, 2, 1, 1, 2, 2, 0, 2, 1, 0, 1, 0, 2, 1, 0, 2, 1, 1, 2, 1, 1, 1, 0, 2, 0, 2, 1, 1, 0, 2, 2, 2, 2, 2, 1, 1, 1, 1, 2, 2, 2, 2, 0, 0, 0, 1, 1, 0, 1, 1, 1, 0, 2, 1, 2, 0, 0, 0, 2, 2, 0, 2, 2, 2, 2, 1, 2, 1, 0, 0, 0, 2, 1, 1, 1, 2, 1, 2, 1, 0, 1, 1, 1, 1, 2, 1, 1, 2, 1, 1, 1, 0, 2]|[4, 2, 3, 2, 2, 1, 2, 4, 4, 2, 1, 1, 0, 0, 1, 2, 1, 1, 2, 1, 1, 2, 2, 1, 2, 4, 1, 1, 1, 1, 1, 0, 0, 1, 2, 0, 4, 0, 3, 3, 1, 2, 2, 1, 1, 2, 1, 0, 4, 0, 2, 2, 2, 1, 0, 1, 1, 2, 2, 1, 1, 3, 2, 1, 0, 4, 1, 1, 3, 4, 3, 0, 1, 0, 2, 2, 0, 2, 4, 1, 1, 1, 0, 2, 3, 1, 0, 2, 1, 1, 1, 3, 3, 1, 3, 1, 2, 3, 1, 0]|[0, 1, 1, 1, 1, 1, 0, 0, 1, 0, 1, 2, 0, 0, 2, 0, 0, 2, 0, 2, 0, 0, 3, 0, 0, 1, 2, 1, 0, 1, 1, 0, 1, 0, 0, 1, 1, 2, 2, 1, 2, 0, 0, 2, 1, 2, 1, 0, 1, 1, 0, 1, 2, 1, 0, 1, 0, 0, 0, 2, 1, 3, 1, 0, 0, 0, 2, 1, 2, 1, 3, 1, 0, 0, 2, 0, 0, 0, 0, 0, 0, 1, 3, 2, 0, 2, 1, 0, 0, 0, 0, 1, 2, 1, 1, 1, 0, 2, 1, 3],877.969799970251;124452.557019605620;365330.739130774800,false,0
54,2,32576,G2_TEC,[63, 30, 89, 27, 96, 75, 26, 76, 58, 1, 12, 18, 78, 16, 80, 84, 49, 11, 85, 15, 83, 47, 0, 14, 64, 25, 66, 65, 81, 44, 29, 82, 13, 4, 86, 7, 54, 52, 56, 21, 32, 48, 38, 74, 39, 33, 60, 71, 69, 31, 90, 3, 34, 99, 43, 67, 35, 53, 20, 10, 87, 22, 91, 41, 19, 79, 57, 61, 70, 88, 45, 37, 51, 94, 2, 59, 55, 28, 62, 36, 92, 23, 42, 9, 73, 8, 6, 93, 5, 17, 24, 77, 40, 46, 95, 97, 50, 98, 72, 68]|[2, 0, 1, 2, 1, 0, 1, 0, 2, 2, 1, 1, 0, 2, 2, 1, 2, 2, 1, 1, 2, 0, 1, 0, 2, 2, 1, 0, 1, 1, 2, 2, 2, 1, 0, 2, 1, 2, 1, 1, 2, 2, 2, 0, 2, 2, 1, 1, 1, 2, 1, 1, 1, 2, 1, 1, 1, 1, 2, 1, 2, 1, 1, 0, 2, 1, 2, 1, 2, 1, 1, 1, 1, 2, 1, 2, 2, 2, 2, 1, 1, 1, 2, 1, 1, 1, 0, 1, 0, 1, 2, 1, 1, 2, 2, 2, 1, 1, 1, 2]|[4, 2, 0, 3, 1, 2, 3, 2, 4, 2, 3, 0, 1, 1, 2, 2, 3, 1, 1, 2, 2, 2, 2, 0, 1, 3, 0, 0, 3, 1, 1, 0, 4, 0, 2, 1, 2, 0, 2, 1, 3, 4, 3, 1, 1, 4, 3, 1, 3, 1, 3, 2, 2, 1, 1, 0, 1, 2, 4, 2, 1, 1, 2, 2, 4, 3, 4, 1, 3, 3, 1, 2, 2, 4, 1, 0, 3, 3, 1, 3, 2, 2, 0, 1, 1, 2, 2, 1, 2, 2, 1, 1, 1, 1, 0, 0, 1, 1, 1, 3]|[0, 1, 2, 1, 1, 1, 2, 0, 0, 3, 1, 2, 0, 2, 2, 0, 1, 2, 0, 0, 3, 0, 1, 1, 0, 0, 0, 1, 0, 0, 1, 0, 1, 1, 0, 0, 0, 0, 2, 1, 3, 1, 2, 1, 2, 1, 0, 1, 2, 2, 1, 0, 1, 2, 0, 2, 0, 2, 0, 0, 2, 1, 0, 0, 0, 2, 1, 2, 1, 0, 0, 1, 0, 1, 1, 2, 2, 1, 2, 1, 2, 0, 3, 2, 2, 0, 0, 0, 0, 0, 2, 2, 0, 1, 3, 3, 0, 1, 2, 0],1096.639471696361;119999.879576089840;327152.608509285400,false,0
54,2,32576,G3_TWC,[63, 30, 89, 27, 96, 75, 26, 76, 58, 1, 12, 18, 78, 16, 80, 84, 49, 11, 85, 15, 83, 47, 0, 14, 64, 25, 66, 65, 81, 44, 29, 82, 13, 4, 86, 7, 54, 52, 56, 21, 32, 48, 38, 74, 39, 33, 60, 71, 69, 31, 90, 3, 34, 99, 43, 67, 35, 53, 20, 10, 87, 22, 91, 41, 19, 79, 57, 61, 70, 88, 45, 37, 51, 94, 2, 59, 55, 28, 62, 36, 92, 23, 42, 9, 73, 8, 6, 93, 5, 17, 24, 98, 77, 95, 46, 50, 97, 40, 68, 72]|[2, 0, 1, 2, 1, 0, 1, 0, 2, 2, 1, 1, 0, 2, 2, 1, 1, 2, 1, 1, 2, 0, 1, 0, 2, 2, 1, 0, 1, 2, 2, 2, 2, 1, 0, 2, 1, 2, 1, 1, 2, 2, 2, 0, 2, 2, 1, 1, 0, 2, 1, 1, 0, 2, 1, 1, 1, 1, 1, 1, 2, 1, 1, 0, 2, 1, 2, 1, 2, 1, 1, 1, 1, 2, 1, 2, 2, 2, 1, 1, 1, 1, 2, 1, 1, 2, 0, 1, 0, 1, 1, 1, 1, 2, 2, 1, 2, 1, 2, 0]|[4, 2, 0, 3, 1, 2, 3, 2, 4, 2, 3, 0, 1, 1, 2, 2, 1, 1, 1, 2, 2, 2, 2, 0, 1, 3, 0, 0, 3, 2, 1, 0, 4, 0, 2, 1, 2, 0, 2, 1, 3, 4, 3, 1, 1, 4, 3, 1, 1, 1, 3, 2, 1, 1, 1, 0, 1, 2, 3, 2, 1, 1, 2, 2, 4, 3, 4, 1, 3, 3, 1, 2, 2, 4, 1, 0, 3, 3, 0, 3, 2, 2, 0, 1, 3, 0, 2, 1, 2, 1, 3, 2, 1, 0, 1, 1, 0, 1, 3, 2]|[0, 1, 2, 1, 1, 1, 2, 0, 0, 3, 1, 2, 0, 2, 2, 0, 0, 2, 0, 0, 3, 0, 1, 1, 0, 0, 0, 1, 0, 2, 1, 0, 1, 1, 0, 0, 2, 0, 2, 1, 3, 1, 2, 1, 2, 1, 0, 1, 0, 2, 1, 0, 1, 2, 0, 2, 0, 2, 2, 0, 2, 1, 0, 0, 0, 2, 1, 2, 1, 0, 0, 1, 0, 1, 1, 2, 2, 1, 1, 1, 2, 0, 3, 2, 1, 1, 0, 0, 0, 1, 0, 0, 2, 3, 1, 0, 3, 0, 0, 0],1024.864153246744;120939.208461991740;333318.146183017930,false,0
55,2,32676,G1_CMAX,[63, 30, 89, 27, 96, 38, 26, 22, 58, 1, 12, 18, 78, 16, 80, 84, 49, 11, 85, 15, 83, 0, 14, 64, 25, 66, 65, 81, 44, 29, 82, 13, 4, 86, 7, 54, 52, 56, 21, 32, 48, 75, 74, 39, 33, 60, 71, 69, 31, 90, 35, 37, 99, 24, 67, 53, 43, 20, 10, 87, 76, 91, 41, 19, 79, 57, 61, 70, 88, 45, 34, 51, 47, 94, 2, 97, 55, 28, 62, 36, 92, 23, 42, 8, 50, 9, 6, 68, 93, 5, 72, 17, 73, 40, 46, 98, 3, 77, 95, 59]|[2, 0, 0, 0, 0, 2, 0, 0, 2, 2, 2, 1, 0, 0, 2, 1, 1, 2, 1, 0, 2, 0, 0, 0, 1, 1, 1, 1, 2, 2, 2, 2, 0, 0, 0, 1, 0, 1, 2, 2, 1, 2, 2, 0, 2, 1, 1, 1, 2, 0, 1, 1, 2, 1, 1, 2, 1, 0, 1, 2, 0, 1, 0, 2, 1, 0, 0, 1, 0, 2, 1, 0, 0, 2, 1, 2, 1, 1, 1, 2, 1, 2, 2, 0, 1, 0, 0, 1, 0, 1, 0, 0, 1, 2, 2, 1, 2, 2, 2, 2]|[4, 2, 0, 0, 2, 2, 1, 2, 4, 2, 2, 0, 1, 0, 4, 2, 1, 1, 1, 2, 2, 1, 0, 2, 1, 0, 1, 3, 2, 4, 0, 3, 0, 2, 2, 2, 2, 2, 0, 3, 0, 4, 2, 1, 4, 0, 1, 1, 0, 2, 2, 1, 1, 3, 0, 1, 1, 0, 1, 1, 2, 2, 2, 4, 3, 2, 0, 0, 1, 3, 1, 0, 1, 4, 1, 1, 0, 2, 0, 4, 2, 3, 0, 0, 1, 0, 1, 2, 2, 1, 0, 1, 1, 0, 1, 2, 2, 0, 0, 0]|[0, 0, 1, 0, 1, 3, 1, 0, 0, 3, 3, 2, 0, 0, 0, 0, 0, 2, 0, 0, 3, 1, 1, 0, 2, 0, 0, 0, 2, 1, 0, 3, 1, 0, 1, 2, 1, 2, 1, 3, 1, 3, 1, 1, 0, 1, 0, 1, 0, 1, 2, 1, 2, 0, 2, 2, 0, 0, 0, 2, 0, 0, 0, 0, 2, 0, 1, 1, 0, 1, 0, 1, 1, 1, 1, 2, 2, 0, 1, 2, 2, 1, 3, 0, 0, 1, 0, 0, 0, 0, 0, 1, 2, 3, 1, 0, 2, 1, 3, 2],797.540291221851;129008.676280931000;358250.977860813500,false,0
55,2,32676,G4_BALANCED,[63, 30, 27, 96, 75, 26, 76, 19, 48, 66, 53, 16, 80, 49, 11, 0, 6, 93, 5, 68, 97, 47, 83, 89, 15, 57, 61, 36, 81, 40, 46, 72, 77, 88, 24, 51, 94, 59, 55, 28, 62, 98, 23, 67, 71, 44, 29, 82, 13, 4, 86, 7, 92, 87, 20, 2, 35, 9, 43, 99, 34, 3, 90, 69, 60, 33, 39, 74, 38, 1, 32, 21, 73, 52, 54, 22, 91, 41, 58, 85, 50, 37, 42, 56, 25, 12, 14, 78, 8, 84, 65, 70, 79, 18, 45, 64, 10, 31, 17, 95]|[2, 0, 2, 0, 0, 0, 0, 2, 2, 1, 1, 2, 2, 0, 2, 1, 0, 1, 0, 2, 1, 0, 2, 1, 1, 2, 1, 1, 1, 0, 2, 0, 2, 1, 1, 0, 2, 2, 2, 2, 2, 1, 1, 1, 1, 2, 2, 2, 2, 0, 0, 0, 1, 1, 0, 1, 1, 1, 0, 2, 1, 2, 0, 0, 0, 2, 2, 0, 2, 2, 2, 2, 1, 2, 1, 0, 0, 0, 2, 1, 1, 1, 2, 1, 2, 1, 0, 1, 1, 1, 1, 2, 1, 1, 2, 1, 1, 1, 0, 2]|[4, 2, 3, 2, 2, 1, 2, 4, 4, 2, 1, 1, 0, 0, 1, 2, 1, 1, 2, 1, 1, 2, 2, 1, 2, 4, 1, 1, 1, 1, 1, 0, 0, 1, 2, 0, 4, 0, 3, 3, 1, 2, 2, 1, 1, 2, 1, 0, 4, 0, 2, 2, 2, 1, 0, 1, 1, 2, 2, 1, 1, 3, 2, 1, 0, 4, 1, 1, 3, 4, 3, 0, 1, 0, 2, 2, 0, 2, 4, 1, 1, 1, 0, 2, 3, 1, 0, 2, 1, 1, 1, 3, 3, 1, 3, 1, 2, 3, 1, 0]|[0, 1, 1, 1, 1, 1, 0, 0, 1, 0, 1, 2, 0, 0, 2, 0, 0, 2, 0, 2, 0, 0, 3, 0, 0, 1, 2, 1, 0, 1, 1, 0, 1, 0, 0, 1, 1, 2, 2, 1, 2, 0, 0, 2, 1, 2, 1, 0, 1, 1, 0, 1, 2, 1, 0, 1, 0, 0, 0, 2, 1, 3, 1, 0, 0, 0, 2, 1, 2, 1, 3, 1, 0, 0, 2, 0, 0, 0, 0, 0, 0, 1, 3, 2, 0, 2, 1, 0, 0, 0, 0, 1, 2, 1, 1, 1, 0, 2, 1, 3],877.969799970251;124452.557019605620;365330.739130774800,false,0
55,2,32676,G2_TEC,[63, 30, 89, 27, 96, 75, 26, 76, 58, 1, 12, 18, 78, 16, 80, 84, 49, 11, 85, 15, 83, 47, 0, 14, 64, 25, 66, 65, 81, 44, 29, 82, 13, 4, 86, 7, 54, 52, 56, 21, 32, 48, 38, 74, 39, 33, 60, 71, 69, 31, 90, 3, 34, 99, 43, 67, 35, 53, 20, 10, 87, 22, 91, 41, 19, 79, 57, 61, 70, 88, 45, 37, 51, 94, 2, 59, 55, 28, 62, 36, 92, 23, 42, 9, 73, 8, 6, 93, 5, 17, 24, 77, 40, 46, 95, 97, 50, 98, 72, 68]|[2, 0, 1, 2, 1, 0, 1, 0, 2, 2, 1, 1, 0, 2, 2, 1, 2, 2, 1, 1, 2, 0, 1, 0, 2, 2, 1, 0, 1, 1, 2, 2, 2, 1, 0, 2, 1, 2, 1, 1, 2, 2, 2, 0, 2, 2, 1, 1, 1, 2, 1, 1, 1, 2, 1, 1, 1, 1, 2, 1, 2, 1, 1, 0, 2, 1, 2, 1, 2, 1, 1, 1, 1, 2, 1, 2, 2, 2, 2, 1, 1, 1, 2, 1, 1, 1, 0, 1, 0, 1, 2, 1, 1, 2, 2, 2, 1, 1, 1, 2]|[4, 2, 0, 3, 1, 2, 3, 2, 4, 2, 3, 0, 1, 1, 2, 2, 3, 1, 1, 2, 2, 2, 2, 0, 1, 3, 0, 0, 3, 1, 1, 0, 4, 0, 2, 1, 2, 0, 2, 1, 3, 4, 3, 1, 1, 4, 3, 1, 3, 1, 3, 2, 2, 1, 1, 0, 1, 2, 4, 2, 1, 1, 2, 2, 4, 3, 4, 1, 3, 3, 1, 2, 2, 4, 1, 0, 3, 3, 1, 3, 2, 2, 0, 1, 1, 2, 2, 1, 2, 2, 1, 1, 1, 1, 0, 0, 1, 1, 1, 3]|[0, 1, 2, 1, 1, 1, 2, 0, 0, 3, 1, 2, 0, 2, 2, 0, 1, 2, 0, 0, 3, 0, 1, 1, 0, 0, 0, 1, 0, 0, 1, 0, 1, 1, 0, 0, 0, 0, 2, 1, 3, 1, 2, 1, 2, 1, 0, 1, 2, 2, 1, 0, 1, 2, 0, 2, 0, 2, 0, 0, 2, 1, 0, 0, 0, 2, 1, 2, 1, 0, 0, 1, 0, 1, 1, 2, 2, 1, 2, 1, 2, 0, 3, 2, 2, 0, 0, 0, 0, 0, 2, 2, 0, 1, 3, 3, 0, 1, 2, 0],1096.639471696361;119999.879576089840;327152.608509285400,false,0
55,2,32676,G3_TWC,[63, 30, 89, 27, 96, 75, 26, 76, 58, 1, 12, 18, 78, 16, 80, 84, 49, 11, 85, 15, 83, 47, 0, 14, 64, 25, 66, 65, 81, 44, 29, 82, 13, 4, 86, 7, 54, 52, 56, 21, 32, 48, 38, 74, 39, 33, 60, 71, 69, 31, 90, 3, 34, 99, 43, 67, 35, 53, 20, 10, 87, 22, 91, 41, 19, 79, 57, 61, 70, 88, 45, 37, 51, 94, 2, 59, 55, 28, 62, 36, 92, 23, 42, 9, 73, 8, 6, 93, 5, 17, 24, 98, 77, 95, 46, 50, 97, 40, 68, 72]|[2, 0, 1, 2, 1, 0, 1, 0, 2, 2, 1, 1, 0, 2, 2, 1, 1, 2, 1, 1, 2, 0, 1, 0, 2, 2, 1, 0, 1, 2, 2, 2, 2, 1, 0, 2, 1, 2, 1, 1, 2, 2, 2, 0, 2, 2, 1, 1, 0, 2, 1, 1, 0, 2, 1, 1, 1, 1, 1, 1, 2, 1, 1, 0, 2, 1, 2, 1, 2, 1, 1, 1, 1, 2, 1, 2, 2, 2, 1, 1, 1, 1, 2, 1, 1, 2, 0, 1, 0, 1, 1, 1, 1, 2, 2, 1, 2, 1, 2, 0]|[4, 2, 0, 3, 1, 2, 3, 2, 4, 2, 3, 0, 1, 1, 2, 2, 1, 1, 1, 2, 2, 2, 2, 0, 1, 3, 0, 0, 3, 2, 1, 0, 4, 0, 2, 1, 2, 0, 2, 1, 3, 4, 3, 1, 1, 4, 3, 1, 1, 1, 3, 2, 1, 1, 1, 0, 1, 2, 3, 2, 1, 1, 2, 2, 4, 3, 4, 1, 3, 3, 1, 2, 2, 4, 1, 0, 3, 3, 0, 3, 2, 2, 0, 1, 3, 0, 2, 1, 2, 1, 3, 2, 1, 0, 1, 1, 0, 1, 3, 2]|[0, 1, 2, 1, 1, 1, 2, 0, 0, 3, 1, 2, 0, 2, 2, 0, 0, 2, 0, 0, 3, 0, 1, 1, 0, 0, 0, 1, 0, 2, 1, 0, 1, 1, 0, 0, 2, 0, 2, 1, 3, 1, 2, 1, 2, 1, 0, 1, 0, 2, 1, 0, 1, 2, 0, 2, 0, 2, 2, 0, 2, 1, 0, 0, 0, 2, 1, 2, 1, 0, 0, 1, 0, 1, 1, 2, 2, 1, 1, 1, 2, 0, 3, 2, 1, 1, 0, 0, 0, 1, 0, 0, 2, 3, 1, 0, 3, 0, 0, 0],1024.864153246744;120939.208461991740;333318.146183017930,false,0
56,2,32776,G1_CMAX,[63, 30, 89, 27, 96, 38, 26, 22, 58, 1, 12, 18, 78, 16, 80, 84, 49, 11, 85, 15, 83, 0, 14, 64, 25, 66, 65, 81, 44, 29, 82, 13, 4, 86, 7, 54, 52, 56, 21, 32, 48, 75, 74, 39, 33, 60, 71, 69, 31, 90, 35, 37, 99, 24, 67, 53, 43, 20, 10, 87, 76, 91, 41, 19, 79, 57, 61, 70, 88, 45, 34, 51, 47, 94, 2, 97, 55, 28, 62, 36, 92, 23, 42, 8, 50, 9, 6, 68, 93, 5, 72, 17, 73, 40, 46, 98, 3, 77, 95, 59]|[2, 0, 0, 0, 0, 2, 0, 0, 2, 2, 2, 1, 0, 0, 2, 1, 1, 2, 1, 0, 2, 0, 0, 0, 1, 1, 1, 1, 2, 2, 2, 2, 0, 0, 0, 1, 0, 1, 2, 2, 1, 2, 2, 0, 2, 1, 1, 1, 2, 0, 1, 1, 2, 1, 1, 2, 1, 0, 1, 2, 0, 1, 0, 2, 1, 0, 0, 1, 0, 2, 1, 0, 0, 2, 1, 2, 1, 1, 1, 2, 1, 2, 2, 0, 1, 0, 0, 1, 0, 1, 0, 0, 1, 2, 2, 1, 2, 2, 2, 2]|[4, 2, 0, 0, 2, 2, 1, 2, 4, 2, 2, 0, 1, 0, 4, 2, 1, 1, 1, 2, 2, 1, 0, 2, 1, 0, 1, 3, 2, 4, 0, 3, 0, 2, 2, 2, 2, 2, 0, 3, 0, 4, 2, 1, 4, 0, 1, 1, 0, 2, 2, 1, 1, 3, 0, 1, 1, 0, 1, 1, 2, 2, 2, 4, 3, 2, 0, 0, 1, 3, 1, 0, 1, 4, 1, 1, 0, 2, 0, 4, 2, 3, 0, 0, 1, 0, 1, 2, 2, 1, 0, 1, 1, 0, 1, 2, 2, 0, 0, 0]|[0, 0, 1, 0, 1, 3, 1, 0, 0, 3, 3, 2, 0, 0, 0, 0, 0, 2, 0, 0, 3, 1, 1, 0, 2, 0, 0, 0, 2, 1, 0, 3, 1, 0, 1, 2, 1, 2, 1, 3, 1, 3, 1, 1, 0, 1, 0, 1, 0, 1, 2, 1, 2, 0, 2, 2, 0, 0, 0, 2, 0, 0, 0, 0, 2, 0, 1, 1, 0, 1, 0, 1, 1, 1, 1, 2, 2, 0, 1, 2, 2, 1, 3, 0, 0, 1, 0, 0, 0, 0, 0, 1, 2, 3, 1, 0, 2, 1, 3, 2],797.540291221851;129008.676280931000;358250.977860813500,false,0
56,2,32776,G4_BALANCED,[63, 30, 89, 27, 96, 75, 26, 76, 58, 1, 12, 18, 78, 16, 80, 84, 49, 11, 85, 15, 83, 47, 0, 14, 64, 25, 66, 65, 81, 44, 29, 82, 13, 4, 86, 7, 54, 52, 56, 21, 32, 48, 38, 74, 39, 33, 60, 71, 69, 31, 90, 3, 34, 99, 43, 67, 35, 53, 20, 10, 87, 22, 91, 41, 19, 79, 57, 61, 70, 88, 45, 37, 51, 94, 2, 59, 55, 28, 62, 36, 92, 23, 42, 9, 73, 8, 6, 5, 40, 98, 97, 77, 17, 95, 46, 72, 24, 50, 93, 68]|[2, 0, 1, 2, 1, 0, 0, 0, 2, 2, 1, 1, 0, 2, 2, 1, 2, 2, 1, 1, 2, 0, 1, 0, 2, 1, 1, 1, 1, 2, 2, 2, 2, 1, 0, 0, 1, 2, 1, 1, 2, 2, 2, 0, 2, 2, 2, 1, 0, 2, 1, 1, 1, 2, 1, 1, 1, 1, 2, 1, 2, 1, 1, 0, 2, 1, 2, 1, 0, 1, 2, 1, 1, 2, 1, 2, 2, 2, 2, 1, 1, 2, 2, 1, 2, 2, 0, 1, 1, 1, 2, 2, 1, 1, 2, 0, 1, 1, 1, 2]|[4, 2, 0, 3, 1, 2, 1, 2, 4, 2, 3, 0, 1, 1, 2, 2, 3, 4, 1, 2, 2, 2, 2, 0, 1, 1, 0, 1, 3, 2, 3, 0, 4, 0, 2, 2, 2, 0, 2, 1, 3, 4, 3, 1, 1, 4, 0, 1, 1, 1, 3, 2, 2, 1, 3, 0, 1, 2, 4, 3, 1, 1, 2, 2, 4, 3, 4, 1, 2, 3, 3, 2, 2, 1, 1, 0, 3, 3, 1, 3, 2, 1, 0, 1, 1, 0, 2, 3, 1, 2, 1, 0, 1, 1, 1, 2, 3, 1, 3, 3]|[0, 1, 2, 1, 1, 1, 1, 0, 0, 3, 1, 2, 0, 2, 2, 0, 1, 1, 0, 0, 3, 0, 1, 1, 0, 2, 0, 2, 0, 2, 1, 0, 1, 1, 0, 1, 2, 0, 2, 1, 3, 1, 2, 1, 2, 1, 1, 1, 0, 2, 1, 0, 1, 2, 0, 2, 0, 2, 0, 0, 2, 1, 0, 0, 0, 2, 1, 2, 0, 0, 1, 1, 0, 0, 1, 2, 2, 1, 2, 1, 2, 0, 3, 2, 0, 1, 0, 2, 0, 0, 2, 1, 1, 0, 1, 0, 0, 0, 2, 0],995.367274867200;120667.799424429720;335004.554416982800,false,0
56,2,32776,G2_TEC,[63, 30, 89, 27, 96, 75, 26, 76, 58, 1, 12, 18, 78, 16, 80, 84, 49, 11, 85, 15, 83, 47, 0, 14, 64, 25, 66, 65, 81, 44, 29, 82, 13, 4, 86, 7, 54, 52, 56, 21, 32, 48, 38, 74, 39, 33, 60, 71, 69, 31, 90, 3, 34, 99, 43, 67, 35, 53, 20, 10, 87, 22, 91, 41, 19, 79, 57, 61, 70, 88, 45, 37, 51, 94, 2, 59, 55, 28, 62, 36, 92, 23, 42, 9, 73, 8, 6, 93, 5, 17, 24, 77, 40, 46, 95, 97, 50, 98, 72, 68]|[2, 0, 1, 2, 1, 0, 1, 0, 2, 2, 1, 1, 0, 2, 2, 1, 2, 2, 1, 1, 2, 0, 1, 0, 2, 2, 1, 0, 1, 1, 2, 2, 2, 1, 0, 2, 1, 2, 1, 1, 2, 2, 2, 0, 2, 2, 1, 1, 1, 2, 1, 1, 1, 2, 1, 1, 1, 1, 2, 1, 2, 1, 1, 0, 2, 1, 2, 1, 2, 1, 1, 1, 1, 2, 1, 2, 2, 2, 2, 1, 1, 1, 2, 1, 1, 1, 0, 1, 0, 1, 2, 1, 1, 2, 2, 2, 1, 1, 1, 2]|[4, 2, 0, 3, 1, 2, 3, 2, 4, 2, 3, 0, 1, 1, 2, 2, 3, 1, 1, 2, 2, 2, 2, 0, 1, 3, 0, 0, 3, 1, 1, 0, 4, 0, 2, 1, 2, 0, 2, 1, 3, 4, 3, 1, 1, 4, 3, 1, 3, 1, 3, 2, 2, 1, 1, 0, 1, 2, 4, 2, 1, 1, 2, 2, 4, 3, 4, 1, 3, 3, 1, 2, 2, 4, 1, 0, 3, 3, 1, 3, 2, 2, 0, 1, 1, 2, 2, 1, 2, 2, 1, 1, 1, 1, 0, 0, 1, 1, 1, 3]|[0, 1, 2, 1, 1, 1, 2, 0, 0, 3, 1, 2, 0, 2, 2, 0, 1, 2, 0, 0, 3, 0, 1, 1, 0, 0, 0, 1, 0, 0, 1, 0, 1, 1, 0, 0, 0, 0, 2, 1, 3, 1, 2, 1, 2, 1, 0, 1, 2, 2, 1, 0, 1, 2, 0, 2, 0, 2, 0, 0, 2, 1, 0, 0, 0, 2, 1, 2, 1, 0, 0, 1, 0, 1, 1, 2, 2, 1, 2, 1, 2, 0, 3, 2, 2, 0, 0, 0, 0, 0, 2, 2, 0, 1, 3, 3, 0, 1, 2, 0],1096.639471696361;119999.879576089840;327152.608509285400,false,0
56,2,32776,G3_TWC,[63, 30, 89, 27, 96, 75, 26, 76, 58, 1, 12, 18, 78, 16, 80, 84, 49, 11, 85, 15, 83, 47, 0, 14, 64, 25, 66, 65, 81, 44, 29, 82, 13, 4, 86, 7, 54, 52, 56, 21, 32, 48, 38, 74, 39, 33, 60, 71, 69, 31, 90, 3, 34, 99, 43, 67, 35, 53, 20, 10, 87, 22, 91, 41, 19, 79, 57, 61, 70, 88, 45, 37, 51, 94, 2, 59, 55, 28, 62, 36, 92, 23, 42, 9, 73, 8, 6, 93, 5, 17, 24, 98, 77, 95, 46, 50, 97, 40, 68, 72]|[2, 0, 1, 2, 1, 0, 1, 0, 2, 2, 1, 1, 0, 2, 2, 1, 1, 2, 1, 1, 2, 0, 1, 0, 2, 2, 1, 0, 1, 2, 2, 2, 2, 1, 0, 2, 1, 2, 1, 1, 2, 2, 2, 0, 2, 2, 1, 1, 0, 2, 1, 1, 0, 2, 1, 1, 1, 1, 1, 1, 2, 1, 1, 0, 2, 1, 2, 1, 2, 1, 1, 1, 1, 2, 1, 2, 2, 2, 1, 1, 1, 1, 2, 1, 1, 2, 0, 1, 0, 1, 1, 1, 1, 2, 2, 1, 2, 1, 2, 0]|[4, 2, 0, 3, 1, 2, 3, 2, 4, 2, 3, 0, 1, 1, 2, 2, 1, 1, 1, 2, 2, 2, 2, 0, 1, 3, 0, 0, 3, 2, 1, 0, 4, 0, 2, 1, 2, 0, 2, 1, 3, 4, 3, 1, 1, 4, 3, 1, 1, 1, 3, 2, 1, 1, 1, 0, 1, 2, 3, 2, 1, 1, 2, 2, 4, 3, 4, 1, 3, 3, 1, 2, 2, 4, 1, 0, 3, 3, 0, 3, 2, 2, 0, 1, 3, 0, 2, 1, 2, 1, 3, 2, 1, 0, 1, 1, 0, 1, 3, 2]|[0, 1, 2, 1, 1, 1, 2, 0, 0, 3, 1, 2, 0, 2, 2, 0, 0, 2, 0, 0, 3, 0, 1, 1, 0, 0, 0, 1, 0, 2, 1, 0, 1, 1, 0, 0, 2, 0, 2, 1, 3, 1, 2, 1, 2, 1, 0, 1, 0, 2, 1, 0, 1, 2, 0, 2, 0, 2, 2, 0, 2, 1, 0, 0, 0, 2, 1, 2, 1, 0, 0, 1, 0, 1, 1, 2, 2, 1, 1, 1, 2, 0, 3, 2, 1, 1, 0, 0, 0, 1, 0, 0, 2, 3, 1, 0, 3, 0, 0, 0],1024.864153246744;120939.208461991740;333318.146183017930,false,0
57,2,32876,G1_CMAX,[63, 30, 89, 27, 96, 38, 26, 22, 58, 1, 12, 18, 78, 16, 80, 84, 49, 11, 85, 15, 83, 0, 14, 64, 25, 66, 65, 81, 44, 29, 82, 13, 4, 86, 7, 54, 52, 56, 21, 32, 48, 75, 74, 39, 33, 60, 71, 69, 31, 90, 35, 37, 99, 24, 67, 53, 43, 20, 10, 87, 76, 91, 41, 19, 79, 57, 61, 70, 88, 45, 34, 51, 47, 94, 2, 97, 55, 28, 62, 36, 92, 23, 42, 8, 50, 9, 6, 68, 93, 5, 72, 17, 73, 40, 46, 98, 3, 77, 95, 59]|[2, 0, 0, 0, 0, 2, 0, 0, 2, 2, 2, 1, 0, 0, 2, 1, 1, 2, 1, 0, 2, 0, 0, 0, 1, 1, 1, 1, 2, 2, 2, 2, 0, 0, 0, 1, 0, 1, 2, 2, 1, 2, 2, 0, 2, 1, 1, 1, 2, 0, 1, 1, 2, 1, 1, 2, 1, 0, 1, 2, 0, 1, 0, 2, 1, 0, 0, 1, 0, 2, 1, 0, 0, 2, 1, 2, 1, 1, 1, 2, 1, 2, 2, 0, 1, 0, 0, 1, 0, 1, 0, 0, 1, 2, 2, 1, 2, 2, 2, 2]|[4, 2, 0, 0, 2, 2, 1, 2, 4, 2, 2, 0, 1, 0, 4, 2, 1, 1, 1, 2, 2, 1, 0, 2, 1, 0, 1, 3, 2, 4, 0, 3, 0, 2, 2, 2, 2, 2, 0, 3, 0, 4, 2, 1, 4, 0, 1, 1, 0, 2, 2, 1, 1, 3, 0, 1, 1, 0, 1, 1, 2, 2, 2, 4, 3, 2, 0, 0, 1, 3, 1, 0, 1, 4, 1, 1, 0, 2, 0, 4, 2, 3, 0, 0, 1, 0, 1, 2, 2, 1, 0, 1, 1, 0, 1, 2, 2, 0, 0, 0]|[0, 0, 1, 0, 1, 3, 1, 0, 0, 3, 3, 2, 0, 0, 0, 0, 0, 2, 0, 0, 3, 1, 1, 0, 2, 0, 0, 0, 2, 1, 0, 3, 1, 0, 1, 2, 1, 2, 1, 3, 1, 3, 1, 1, 0, 1, 0, 1, 0, 1, 2, 1, 2, 0, 2, 2, 0, 0, 0, 2, 0, 0, 0, 0, 2, 0, 1, 1, 0, 1, 0, 1, 1, 1, 1, 2, 2, 0, 1, 2, 2, 1, 3, 0, 0, 1, 0, 0, 0, 0, 0, 1, 2, 3, 1, 0, 2, 1, 3, 2],797.540291221851;129008.676280931000;358250.977860813500,false,0
57,2,32876,G4_BALANCED,[63, 30, 89, 27, 96, 75, 26, 76, 58, 1, 12, 18, 78, 16, 80, 84, 49, 11, 85, 15, 83, 47, 0, 14, 64, 25, 66, 65, 81, 44, 29, 82, 13, 4, 86, 7, 54, 52, 56, 21, 32, 48, 38, 74, 39, 33, 60, 71, 69, 31, 90, 3, 34, 99, 43, 67, 35, 53, 20, 10, 87, 22, 91, 41, 19, 79, 57, 61, 70, 88, 45, 37, 51, 94, 2, 59, 55, 28, 62, 36, 92, 23, 42, 9, 73, 8, 6, 5, 40, 98, 97, 24, 77, 95, 93, 17, 46, 50, 72, 68]|[2, 0, 1, 2, 1, 0, 0, 0, 2, 2, 2, 1, 0, 2, 2, 1, 1, 2, 1, 1, 2, 0, 1, 0, 2, 1, 1, 0, 1, 2, 2, 2, 2, 1, 0, 0, 1, 2, 1, 1, 2, 2, 2, 0, 2, 2, 0, 1, 0, 2, 0, 1, 1, 2, 1, 1, 1, 1, 2, 1, 2, 1, 1, 0, 2, 1, 0, 1, 0, 1, 2, 1, 1, 2, 1, 2, 2, 2, 2, 1, 1, 1, 2, 1, 2, 1, 0, 0, 2, 0, 2, 1, 2, 2, 1, 1, 1, 0, 0, 2]|[4, 2, 0, 3, 1, 2, 1, 2, 4, 2, 2, 0, 1, 1, 2, 2, 1, 4, 1, 2, 2, 2, 2, 0, 1, 1, 0, 0, 3, 2, 1, 0, 4, 0, 2, 2, 2, 0, 2, 1, 3, 4, 3, 1, 1, 4, 0, 1, 1, 1, 2, 2, 1, 1, 3, 0, 1, 2, 4, 0, 1, 1, 2, 2, 4, 3, 2, 1, 2, 3, 3, 2, 3, 4, 1, 0, 3, 3, 1, 3, 2, 2, 0, 1, 0, 3, 2, 2, 0, 1, 1, 3, 0, 0, 1, 1, 3, 1, 0, 3]|[0, 1, 2, 1, 1, 1, 1, 0, 0, 3, 3, 2, 0, 2, 2, 0, 0, 1, 0, 0, 3, 0, 1, 1, 0, 2, 0, 1, 0, 2, 1, 0, 1, 1, 0, 1, 2, 0, 2, 1, 3, 1, 2, 1, 2, 1, 0, 1, 0, 2, 1, 0, 1, 2, 0, 2, 0, 2, 0, 1, 2, 1, 0, 0, 0, 2, 1, 2, 0, 0, 1, 0, 1, 1, 1, 2, 2, 1, 2, 1, 2, 0, 3, 2, 1, 1, 0, 0, 3, 1, 2, 0, 1, 3, 0, 1, 0, 1, 0, 0],917.041858577622;124337.656774341680;345102.840418601900,false,0
57,2,32876,G2_TEC,[63, 30, 89, 27, 96, 75, 26, 76, 58, 1, 12, 18, 78, 16, 80, 84, 49, 11, 85, 15, 83, 47, 0, 14, 64, 25, 66, 65, 81, 44, 29, 82, 13, 4, 86, 7, 54, 52, 56, 21, 32, 48, 38, 74, 39, 33, 60, 71, 69, 31, 90, 3, 34, 99, 43, 67, 35, 53, 20, 10, 87, 22, 91, 41, 19, 79, 57, 61, 70, 88, 45, 37, 51, 94, 2, 59, 55, 28, 62, 36, 92, 23, 42, 9, 73, 8, 6, 93, 5, 17, 24, 98, 77, 95, 46, 72, 97, 68, 50, 40]|[2, 0, 1, 2, 1, 0, 1, 0, 2, 2, 1, 1, 0, 2, 2, 1, 1, 2, 1, 1, 2, 0, 1, 0, 2, 2, 1, 1, 1, 2, 2, 2, 2, 1, 0, 2, 1, 2, 1, 1, 2, 2, 2, 0, 2, 2, 1, 1, 1, 2, 1, 1, 0, 2, 1, 1, 1, 1, 1, 1, 2, 1, 1, 0, 2, 1, 2, 1, 2, 1, 1, 1, 1, 2, 1, 2, 2, 2, 1, 1, 1, 1, 2, 1, 1, 2, 0, 1, 0, 1, 2, 1, 1, 2, 2, 0, 2, 2, 1, 1]|[4, 2, 0, 3, 1, 2, 3, 2, 4, 2, 3, 0, 1, 1, 2, 2, 1, 1, 1, 2, 2, 2, 2, 0, 1, 3, 0, 1, 3, 2, 1, 0, 4, 0, 2, 1, 2, 0, 2, 1, 3, 4, 3, 1, 1, 4, 3, 1, 3, 1, 3, 2, 1, 1, 1, 0, 1, 2, 3, 2, 1, 1, 2, 2, 4, 3, 4, 1, 3, 3, 1, 2, 2, 4, 1, 0, 3, 3, 3, 3, 2, 2, 0, 1, 1, 0, 2, 1, 2, 1, 1, 1, 1, 0, 1, 2, 0, 3, 1, 1]|[0, 1, 2, 1, 1, 1, 2, 0, 0, 3, 1, 2, 0, 2, 2, 0, 0, 2, 0, 0, 3, 0, 1, 1, 0, 0, 0, 2, 0, 2, 1, 0, 1, 1, 0, 0, 2, 0, 2, 1, 3, 1, 2, 1, 2, 1, 0, 1, 2, 2, 1, 0, 1, 2, 0, 2, 0, 2, 2, 0, 2, 1, 0, 0, 0, 2, 1, 2, 1, 0, 0, 1, 0, 1, 1, 2, 2, 1, 1, 1, 2, 0, 3, 2, 2, 1, 0, 0, 0, 1, 2, 1, 2, 3, 1, 0, 3, 0, 0, 0],1052.512000440138;119857.474136783220;330510.161004319300,false,0
57,2,32876,G3_TWC,[63, 30, 89, 27, 96, 75, 26, 76, 58, 1, 12, 18, 78, 16, 80, 84, 49, 11, 85, 15, 83, 47, 0, 14, 64, 25, 66, 65, 81, 44, 29, 82, 13, 4, 86, 7, 54, 52, 56, 21, 32, 48, 38, 74, 39, 33, 60, 71, 69, 31, 90, 3, 34, 99, 43, 67, 35, 53, 20, 10, 87, 22, 91, 41, 19, 79, 57, 61, 70, 88, 45, 37, 51, 94, 2, 59, 55, 28, 62, 36, 92, 23, 42, 9, 73, 8, 6, 93, 5, 17, 24, 98, 77, 95, 46, 50, 97, 40, 68, 72]|[2, 0, 1, 2, 1, 0, 1, 0, 2, 2, 1, 1, 0, 2, 2, 1, 1, 2, 1, 1, 2, 0, 1, 0, 2, 2, 1, 0, 1, 2, 2, 2, 2, 1, 0, 2, 1, 2, 1, 1, 2, 2, 2, 0, 2, 2, 1, 1, 0, 2, 1, 1, 0, 2, 1, 1, 1, 1, 1, 1, 2, 1, 1, 0, 2, 1, 2, 1, 2, 1, 1, 1, 1, 2, 1, 2, 2, 2, 1, 1, 1, 1, 2, 1, 1, 2, 0, 1, 0, 1, 1, 1, 1, 2, 2, 1, 2, 1, 2, 0]|[4, 2, 0, 3, 1, 2, 3, 2, 4, 2, 3, 0, 1, 1, 2, 2, 1, 1, 1, 2, 2, 2, 2, 0, 1, 3, 0, 0, 3, 2, 1, 0, 4, 0, 2, 1, 2, 0, 2, 1, 3, 4, 3, 1, 1, 4, 3, 1, 1, 1, 3, 2, 1, 1, 1, 0, 1, 2, 3, 2, 1, 1, 2, 2, 4, 3, 4, 1, 3, 3, 1, 2, 2, 4, 1, 0, 3, 3, 0, 3, 2, 2, 0, 1, 3, 0, 2, 1, 2, 1, 3, 2, 1, 0, 1, 1, 0, 1, 3, 2]|[0, 1, 2, 1, 1, 1, 2, 0, 0, 3, 1, 2, 0, 2, 2, 0, 0, 2, 0, 0, 3, 0, 1, 1, 0, 0, 0, 1, 0, 2, 1, 0, 1, 1, 0, 0, 2, 0, 2, 1, 3, 1, 2, 1, 2, 1, 0, 1, 0, 2, 1, 0, 1, 2, 0, 2, 0, 2, 2, 0, 2, 1, 0, 0, 0, 2, 1, 2, 1, 0, 0, 1, 0, 1, 1, 2, 2, 1, 1, 1, 2, 0, 3, 2, 1, 1, 0, 0, 0, 1, 0, 0, 2, 3, 1, 0, 3, 0, 0, 0],1024.864153246744;120939.208461991740;333318.146183017930,false,0
58,2,32976,G1_CMAX,[63, 30, 89, 27, 96, 38, 26, 22, 58, 1, 12, 18, 78, 16, 80, 84, 49, 11, 85, 15, 83, 0, 14, 64, 25, 66, 65, 81, 44, 29, 82, 13, 4, 86, 7, 54, 52, 56, 21, 32, 48, 75, 74, 39, 33, 60, 71, 69, 31, 90, 35, 37, 99, 24, 67, 53, 43, 20, 10, 87, 76, 91, 41, 19, 79, 57, 61, 70, 88, 45, 34, 51, 47, 94, 2, 97, 55, 28, 62, 36, 92, 23, 42, 8, 50, 9, 6, 68, 93, 5, 72, 17, 73, 40, 46, 98, 3, 77, 95, 59]|[2, 0, 0, 0, 0, 2, 0, 0, 2, 2, 2, 1, 0, 0, 2, 1, 1, 2, 1, 0, 2, 0, 0, 0, 1, 1, 1, 1, 2, 2, 2, 2, 0, 0, 0, 1, 0, 1, 2, 2, 1, 2, 2, 0, 2, 1, 1, 1, 2, 0, 1, 1, 2, 1, 1, 2, 1, 0, 1, 2, 0, 1, 0, 2, 1, 0, 0, 1, 0, 2, 1, 0, 0, 2, 1, 2, 1, 1, 1, 2, 1, 2, 2, 0, 1, 0, 0, 1, 0, 1, 0, 0, 1, 2, 2, 1, 2, 2, 2, 2]|[4, 2, 0, 0, 2, 2, 1, 2, 4, 2, 2, 0, 1, 0, 4, 2, 1, 1, 1, 2, 2, 1, 0, 2, 1, 0, 1, 3, 2, 4, 0, 3, 0, 2, 2, 2, 2, 2, 0, 3, 0, 4, 2, 1, 4, 0, 1, 1, 0, 2, 2, 1, 1, 3, 0, 1, 1, 0, 1, 1, 2, 2, 2, 4, 3, 2, 0, 0, 1, 3, 1, 0, 1, 4, 1, 1, 0, 2, 0, 4, 2, 3, 0, 0, 1, 0, 1, 2, 2, 1, 0, 1, 1, 0, 1, 2, 2, 0, 0, 0]|[0, 0, 1, 0, 1, 3, 1, 0, 0, 3, 3, 2, 0, 0, 0, 0, 0, 2, 0, 0, 3, 1, 1, 0, 2, 0, 0, 0, 2, 1, 0, 3, 1, 0, 1, 2, 1, 2, 1, 3, 1, 3, 1, 1, 0, 1, 0, 1, 0, 1, 2, 1, 2, 0, 2, 2, 0, 0, 0, 2, 0, 0, 0, 0, 2, 0, 1, 1, 0, 1, 0, 1, 1, 1, 1, 2, 2, 0, 1, 2, 2, 1, 3, 0, 0, 1, 0, 0, 0, 0, 0, 1, 2, 3, 1, 0, 2, 1, 3, 2],797.540291221851;129008.676280931000;358250.977860813500,false,0
58,2,32976,G4_BALANCED,[63, 30, 89, 27, 96, 75, 26, 76, 58, 1, 12, 18, 78, 16, 80, 84, 49, 11, 85, 15, 83, 47, 0, 14, 64, 25, 66, 65, 81, 44, 29, 82, 13, 4, 86, 7, 54, 52, 56, 21, 32, 48, 38, 74, 39, 33, 60, 71, 69, 31, 90, 3, 34, 99, 43, 67, 35, 53, 20, 10, 87, 22, 91, 41, 19, 79, 57, 61, 70, 88, 45, 37, 51, 94, 2, 59, 55, 28, 62, 36, 92, 23, 42, 9, 73, 8, 6, 5, 40, 98, 97, 24, 17, 95, 46, 77, 50, 93, 72, 68]|[2, 1, 1, 0, 1, 0, 0, 0, 2, 2, 1, 1, 0, 2, 2, 1, 2, 2, 1, 1, 2, 0, 1, 0, 2, 1, 1, 0, 1, 1, 2, 2, 2, 0, 0, 0, 1, 2, 1, 1, 2, 1, 2, 0, 1, 2, 0, 1, 0, 1, 0, 1, 1, 2, 2, 1, 1, 1, 2, 0, 2, 1, 1, 0, 2, 1, 2, 1, 2, 1, 2, 1, 2, 2, 1, 2, 2, 2, 2, 1, 1, 1, 2, 1, 2, 1, 0, 2, 0, 2, 2, 2, 1, 1, 2, 2, 1, 2, 0, 1]|[4, 1, 0, 0, 1, 2, 1, 2, 4, 2, 3, 0, 1, 1, 0, 2, 3, 1, 1, 2, 2, 2, 2, 0, 4, 1, 0, 0, 3, 1, 1, 0, 4, 0, 2, 2, 2, 0, 2, 1, 3, 1, 3, 1, 3, 4, 0, 1, 1, 3, 2, 2, 1, 1, 1, 0, 1, 2, 4, 2, 1, 1, 2, 2, 4, 3, 0, 1, 3, 3, 3, 2, 2, 1, 1, 0, 3, 3, 1, 3, 2, 2, 0, 1, 1, 3, 2, 0, 2, 4, 1, 2, 1, 1, 1, 0, 1, 3, 2, 2]|[0, 0, 2, 0, 1, 1, 1, 0, 0, 3, 1, 2, 0, 2, 0, 0, 1, 2, 0, 0, 3, 0, 1, 1, 1, 2, 0, 1, 0, 0, 1, 0, 1, 1, 0, 1, 2, 0, 2, 1, 3, 0, 2, 1, 2, 1, 0, 1, 0, 2, 1, 0, 0, 2, 2, 2, 0, 2, 0, 0, 2, 1, 0, 0, 0, 2, 2, 2, 1, 0, 1, 1, 0, 0, 1, 2, 2, 1, 2, 1, 2, 0, 3, 2, 0, 1, 0, 3, 0, 1, 2, 2, 0, 0, 1, 1, 0, 0, 0, 0],918.905602032152;124936.284266777740;339832.567039027900,false,0
58,2,32976,G2_TEC,[63, 30, 89, 27, 96, 75, 26, 76, 58, 1, 12, 18, 78, 16, 80, 84, 49, 11, 85, 15, 83, 47, 0, 14, 64, 25, 66, 65, 81, 44, 29, 82, 13, 4, 86, 7, 54, 52, 56, 21, 32, 48, 38, 74, 39, 33, 60, 71, 69, 31, 90, 3, 34, 99, 43, 67, 35, 53, 20, 10, 87, 22, 91, 41, 19, 79, 57, 61, 70, 88, 45, 37, 51, 94, 2, 59, 55, 28, 62, 36, 92, 23, 42, 9, 73, 8, 6, 93, 5, 17, 24, 98, 77, 95, 46, 50, 97, 68, 72, 40]|[2, 0, 1, 2, 1, 0, 1, 0, 2, 2, 1, 1, 0, 2, 2, 1, 1, 2, 1, 1, 2, 0, 1, 0, 2, 2, 1, 1, 1, 2, 2, 2, 2, 1, 0, 2, 1, 2, 1, 1, 2, 2, 2, 0, 2, 2, 1, 1, 1, 2, 1, 1, 0, 2, 1, 1, 1, 1, 1, 1, 2, 1, 1, 0, 2, 1, 2, 1, 2, 1, 1, 1, 1, 2, 1, 2, 2, 2, 1, 1, 1, 1, 2, 1, 1, 2, 0, 1, 0, 1, 2, 1, 1, 2, 2, 1, 2, 2, 0, 1]|[4, 2, 0, 3, 1, 2, 3, 2, 4, 2, 3, 0, 1, 1, 2, 2, 1, 1, 1, 2, 2, 2, 2, 0, 1, 3, 0, 1, 3, 2, 1, 0, 4, 0, 2, 1, 2, 0, 2, 1, 3, 4, 3, 1, 1, 4, 3, 1, 3, 1, 3, 2, 1, 1, 1, 0, 1, 2, 3, 2, 1, 1, 1, 2, 4, 3, 4, 2, 3, 3, 1, 2, 2, 1, 1, 0, 3, 3, 3, 3, 2, 2, 0, 1, 1, 0, 2, 1, 2, 1, 1, 2, 1, 0, 1, 1, 0, 3, 2, 1]|[0, 1, 2, 1, 1, 1, 2, 0, 0, 3, 1, 2, 0, 2, 2, 0, 0, 2, 0, 0, 3, 0, 1, 1, 0, 0, 0, 2, 0, 2, 1, 0, 1, 1, 0, 0, 2, 0, 2, 1, 3, 1, 2, 1, 2, 1, 0, 1, 2, 2, 1, 0, 1, 2, 0, 2, 0, 2, 2, 0, 2, 1, 0, 0, 0, 2, 1, 2, 1, 0, 0, 1, 0, 0, 1, 2, 2, 1, 1, 1, 2, 0, 3, 2, 2, 1, 0, 0, 0, 1, 2, 0, 2, 3, 1, 0, 3, 0, 0, 0],1044.884126726704;119657.537259908830;330028.987010100300,false,0
58,2,32976,G3_TWC,[63, 30, 89, 27, 96, 75, 26, 76, 58, 1, 12, 18, 78, 16, 80, 84, 49, 11, 85, 15, 83, 47, 0, 14, 64, 25, 66, 65, 81, 44, 29, 82, 13, 4, 86, 7, 54, 52, 56, 21, 32, 48, 38, 74, 39, 33, 60, 71, 69, 31, 90, 3, 34, 99, 43, 67, 35, 53, 20, 10, 87, 22, 91, 41, 19, 79, 57, 61, 70, 88, 45, 37, 51, 94, 2, 59, 55, 28, 62, 36, 92, 23, 42, 9, 73, 8, 6, 93, 5, 17, 24, 98, 77, 95, 46, 97, 50, 40, 72, 68]|[2, 0, 1, 2, 1, 0, 1, 0, 2, 2, 1, 1, 0, 2, 2, 0, 1, 2, 1, 1, 2, 0, 1, 0, 2, 2, 1, 1, 1, 2, 2, 2, 2, 1, 0, 2, 1, 2, 1, 1, 2, 2, 2, 0, 2, 2, 1, 1, 1, 2, 0, 1, 1, 2, 1, 1, 1, 1, 2, 1, 2, 1, 1, 0, 2, 1, 2, 1, 2, 1, 1, 1, 1, 2, 1, 2, 1, 2, 1, 1, 1, 1, 2, 1, 2, 2, 0, 1, 0, 1, 1, 1, 1, 2, 2, 2, 1, 1, 0, 2]|[4, 2, 0, 3, 1, 2, 3, 2, 4, 2, 3, 0, 1, 1, 2, 1, 1, 1, 1, 2, 2, 2, 2, 0, 1, 3, 0, 1, 3, 2, 1, 0, 4, 0, 2, 1, 2, 0, 2, 1, 3, 4, 3, 1, 1, 4, 3, 1, 3, 1, 2, 2, 2, 1, 1, 0, 1, 2, 4, 2, 1, 1, 2, 2, 1, 3, 4, 1, 3, 3, 1, 2, 2, 1, 1, 0, 3, 3, 3, 3, 2, 2, 0, 1, 1, 0, 2, 1, 2, 2, 1, 2, 1, 0, 1, 1, 1, 1, 2, 3]|[0, 1, 2, 1, 1, 1, 2, 0, 0, 3, 1, 2, 0, 2, 2, 0, 0, 2, 0, 0, 3, 0, 1, 1, 0, 0, 0, 2, 0, 2, 1, 0, 1, 1, 0, 0, 0, 0, 2, 1, 3, 1, 2, 1, 2, 1, 0, 1, 2, 2, 1, 0, 1, 2, 0, 2, 0, 2, 0, 0, 2, 1, 0, 0, 2, 2, 1, 2, 1, 0, 0, 1, 0, 0, 1, 2, 2, 1, 1, 1, 2, 0, 3, 2, 0, 1, 0, 0, 0, 0, 0, 0, 0, 3, 1, 2, 0, 0, 0, 0],1017.040138306931;120526.749213358820;332666.087915714700,false,0
59,2,33076,G1_CMAX,[63, 30, 89, 27, 96, 38, 26, 22, 58, 1, 12, 18, 78, 16, 80, 84, 49, 11, 85, 15, 83, 0, 14, 64, 25, 66, 65, 81, 44, 29, 82, 13, 4, 86, 7, 54, 52, 56, 21, 32, 48, 75, 74, 39, 33, 60, 71, 69, 31, 90, 35, 37, 99, 24, 67, 53, 43, 20, 10, 87, 76, 91, 41, 19, 79, 57, 61, 70, 88, 45, 34, 51, 47, 94, 2, 97, 55, 28, 62, 36, 92, 23, 42, 8, 50, 9, 6, 68, 93, 5, 72, 17, 73, 40, 46, 98, 3, 77, 95, 59]|[2, 0, 0, 0, 0, 2, 0, 0, 2, 2, 2, 1, 0, 0, 2, 1, 1, 2, 1, 0, 2, 0, 0, 0, 1, 1, 1, 1, 2, 2, 2, 2, 0, 0, 0, 1, 0, 1, 2, 2, 1, 2, 2, 0, 2, 1, 1, 1, 2, 0, 1, 1, 2, 1, 1, 2, 1, 0, 1, 2, 0, 1, 0, 2, 1, 0, 0, 1, 0, 2, 1, 0, 0, 2, 1, 2, 1, 1, 1, 2, 1, 2, 2, 0, 1, 0, 0, 1, 0, 1, 0, 0, 1, 2, 2, 1, 2, 2, 2, 2]|[4, 2, 0, 0, 2, 2, 1, 2, 4, 2, 2, 0, 1, 0, 4, 2, 1, 1, 1, 2, 2, 1, 0, 2, 1, 0, 1, 3, 2, 4, 0, 3, 0, 2, 2, 2, 2, 2, 0, 3, 0, 4, 2, 1, 4, 0, 1, 1, 0, 2, 2, 1, 1, 3, 0, 1, 1, 0, 1, 1, 2, 2, 2, 4, 3, 2, 0, 0, 1, 3, 1, 0, 1, 4, 1, 1, 0, 2, 0, 4, 2, 3, 0, 0, 1, 0, 1, 2, 2, 1, 0, 1, 1, 0, 1, 2, 2, 0, 0, 0]|[0, 0, 1, 0, 1, 3, 1, 0, 0, 3, 3, 2, 0, 0, 0, 0, 0, 2, 0, 0, 3, 1, 1, 0, 2, 0, 0, 0, 2, 1, 0, 3, 1, 0, 1, 2, 1, 2, 1, 3, 1, 3, 1, 1, 0, 1, 0, 1, 0, 1, 2, 1, 2, 0, 2, 2, 0, 0, 0, 2, 0, 0, 0, 0, 2, 0, 1, 1, 0, 1, 0, 1, 1, 1, 1, 2, 2, 0, 1, 2, 2, 1, 3, 0, 0, 1, 0, 0, 0, 0, 0, 1, 2, 3, 1, 0, 2, 1, 3, 2],797.540291221851;129008.676280931000;358250.977860813500,false,0
59,2,33076,G4_BALANCED,[63, 30, 89, 27, 96, 75, 26, 76, 19, 48, 64, 18, 78, 16, 80, 84, 49, 11, 85, 15, 83, 47, 0, 14, 12, 25, 66, 65, 81, 44, 29, 82, 13, 4, 86, 7, 54, 52, 56, 21, 32, 1, 38, 74, 39, 33, 60, 88, 69, 31, 90, 3, 34, 99, 24, 67, 35, 53, 20, 10, 97, 22, 91, 41, 58, 79, 57, 61, 70, 71, 45, 37, 51, 94, 2, 59, 55, 28, 62, 36, 92, 23, 42, 9, 73, 8, 6, 93, 5, 17, 43, 50, 77, 46, 95, 87, 98, 40, 72, 68]|[2, 0, 1, 2, 1, 0, 1, 0, 2, 2, 2, 1, 0, 2, 2, 1, 0, 2, 1, 1, 2, 0, 1, 0, 2, 2, 1, 0, 1, 2, 2, 2, 2, 1, 0, 0, 1, 2, 1, 2, 2, 2, 2, 0, 2, 2, 0, 1, 0, 2, 0, 1, 1, 2, 1, 1, 1, 1, 1, 1, 2, 1, 1, 0, 2, 1, 2, 1, 1, 1, 2, 1, 1, 2, 1, 2, 2, 2, 1, 1, 1, 1, 2, 1, 1, 1, 0, 0, 0, 1, 2, 1, 2, 2, 0, 2, 1, 0, 0, 1]|[4, 1, 1, 3, 1, 2, 3, 2, 4, 2, 2, 0, 1, 1, 2, 2, 0, 1, 1, 2, 2, 2, 2, 1, 1, 3, 3, 0, 3, 2, 1, 0, 4, 0, 2, 2, 2, 0, 2, 0, 3, 2, 3, 1, 1, 4, 0, 1, 1, 1, 0, 2, 2, 1, 3, 0, 1, 2, 3, 2, 1, 1, 2, 2, 4, 3, 4, 1, 0, 3, 3, 2, 2, 4, 1, 0, 3, 3, 0, 1, 2, 2, 0, 1, 1, 2, 2, 1, 2, 1, 1, 2, 0, 1, 0, 1, 2, 1, 0, 2]|[0, 1, 0, 1, 1, 1, 2, 0, 0, 3, 3, 2, 0, 2, 2, 0, 0, 2, 0, 0, 3, 0, 1, 1, 0, 0, 0, 1, 0, 2, 1, 0, 1, 1, 0, 1, 2, 0, 2, 1, 3, 3, 2, 1, 2, 1, 0, 1, 0, 2, 0, 0, 1, 2, 0, 2, 0, 2, 2, 0, 2, 1, 0, 0, 0, 2, 1, 2, 1, 0, 1, 1, 0, 1, 1, 2, 2, 1, 1, 1, 2, 0, 3, 2, 2, 0, 0, 1, 0, 2, 2, 0, 1, 1, 1, 2, 0, 1, 0, 0],938.996217082722;123682.784170523640;342335.995268800900,false,0
59,2,33076,G2_TEC,[63, 30, 89, 27, 96, 75, 26, 76, 58, 1, 12, 18, 78, 16, 80, 84, 49, 11, 85, 15, 83, 47, 0, 14, 64, 25, 66, 65, 81, 44, 29, 82, 13, 4, 86, 7, 54, 52, 56, 21, 32, 48, 38, 74, 39, 33, 60, 71, 69, 31, 90, 3, 34, 99, 43, 67, 35, 53, 20, 10, 87, 22, 91, 41, 19, 79, 57, 61, 70, 88, 45, 37, 51, 94, 2, 59, 55, 28, 62, 36, 92, 23, 42, 9, 73, 8, 6, 93, 5, 17, 24, 98, 77, 95, 46, 50, 97, 68, 72, 40]|[2, 0, 1, 2, 1, 0, 1, 0, 2, 2, 1, 1, 0, 2, 2, 1, 1, 2, 1, 1, 2, 0, 1, 0, 2, 2, 1, 1, 1, 2, 2, 2, 2, 1, 0, 2, 1, 2, 1, 1, 2, 2, 2, 0, 2, 2, 1, 1, 1, 2, 1, 1, 0, 2, 1, 1, 1, 1, 1, 1, 2, 1, 1, 0, 2, 1, 2, 1, 2, 1, 1, 1, 1, 2, 1, 2, 2, 2, 1, 1, 1, 1, 2, 1, 1, 2, 0, 1, 0, 1, 2, 1, 1, 2, 2, 1, 2, 2, 0, 1]|[4, 2, 0, 3, 1, 2, 3, 2, 4, 2, 3, 0, 1, 1, 2, 2, 1, 1, 1, 2, 2, 2, 2, 0, 1, 3, 0, 1, 3, 2, 1, 0, 4, 0, 2, 1, 2, 0, 2, 1, 3, 4, 3, 1, 1, 4, 3, 1, 3, 1, 3, 2, 1, 1, 1, 0, 1, 2, 3, 2, 1, 1, 1, 2, 4, 3, 4, 2, 3, 3, 1, 2, 2, 1, 1, 0, 3, 3, 3, 3, 2, 2, 0, 1, 1, 0, 2, 1, 2, 1, 1, 2, 1, 0, 1, 1, 0, 3, 2, 1]|[0, 1, 2, 1, 1, 1, 2, 0, 0, 3, 1, 2, 0, 2, 2, 0, 0, 2, 0, 0, 3, 0, 1, 1, 0, 0, 0, 2, 0, 2, 1, 0, 1, 1, 0, 0, 2, 0, 2, 1, 3, 1, 2, 1, 2, 1, 0, 1, 2, 2, 1, 0, 1, 2, 0, 2, 0, 2, 2, 0, 2, 1, 0, 0, 0, 2, 1, 2, 1, 0, 0, 1, 0, 0, 1, 2, 2, 1, 1, 1, 2, 0, 3, 2, 2, 1, 0, 0, 0, 1, 2, 0, 2, 3, 1, 0, 3, 0, 0, 0],1044.884126726704;119657.537259908830;330028.987010100300,false,0
59,2,33076,G3_TWC,[63, 30, 89, 27, 96, 75, 26, 76, 58, 1, 12, 18, 78, 16, 80, 84, 49, 11, 85, 15, 83, 47, 0, 14, 64, 25, 66, 65, 81, 44, 29, 82, 13, 4, 86, 7, 54, 52, 56, 21, 32, 48, 38, 74, 39, 33, 60, 71, 69, 31, 90, 3, 34, 99, 43, 67, 35, 53, 20, 10, 87, 22, 91, 41, 19, 79, 57, 61, 70, 88, 45, 37, 51, 94, 2, 59, 55, 28, 62, 36, 92, 23, 42, 9, 73, 8, 6, 93, 5, 17, 24, 98, 77, 95, 46, 97, 50, 40, 72, 68]|[2, 0, 1, 2, 1, 0, 1, 0, 2, 2, 1, 1, 0, 2, 2, 0, 1, 2, 1, 1, 2, 0, 1, 0, 2, 2, 1, 1, 1, 2, 2, 2, 2, 1, 0, 2, 1, 2, 1, 1, 2, 2, 2, 0, 2, 2, 1, 1, 1, 2, 0, 1, 1, 2, 1, 1, 1, 1, 2, 1, 2, 1, 1, 0, 2, 1, 2, 1, 2, 1, 1, 1, 1, 2, 1, 2, 1, 2, 1, 1, 1, 1, 2, 1, 2, 2, 0, 1, 0, 1, 1, 1, 1, 2, 2, 2, 1, 1, 0, 2]|[4, 2, 0, 3, 1, 2, 3, 2, 4, 2, 3, 0, 1, 1, 2, 1, 1, 1, 1, 2, 2, 2, 2, 0, 1, 3, 0, 1, 3, 2, 1, 0, 4, 0, 2, 1, 2, 0, 2, 1, 3, 4, 3, 1, 1, 4, 3, 1, 3, 1, 2, 2, 2, 1, 1, 0, 1, 2, 4, 2, 1, 1, 2, 2, 1, 3, 4, 1, 3, 3, 1, 2, 2, 1, 1, 0, 3, 3, 3, 3, 2, 2, 0, 1, 1, 0, 2, 1, 2, 2, 1, 2, 1, 0, 1, 1, 1, 1, 2, 3]|[0, 1, 2, 1, 1, 1, 2, 0, 0, 3, 1, 2, 0, 2, 2, 0, 0, 2, 0, 0, 3, 0, 1, 1, 0, 0, 0, 2, 0, 2, 1, 0, 1, 1, 0, 0, 0, 0, 2, 1, 3, 1, 2, 1, 2, 1, 0, 1, 2, 2, 1, 0, 1, 2, 0, 2, 0, 2, 0, 0, 2, 1, 0, 0, 2, 2, 1, 2, 1, 0, 0, 1, 0, 0, 1, 2, 2, 1, 1, 1, 2, 0, 3, 2, 0, 1, 0, 0, 0, 0, 0, 0, 0, 3, 1, 2, 0, 0, 0, 0],1017.040138306931;120526.749213358820;332666.087915714700,false,0
60,2,33176,G1_CMAX,[63, 30, 89, 27, 96, 38, 26, 22, 58, 1, 12, 18, 78, 16, 80, 84, 49, 11, 85, 15, 83, 0, 14, 64, 25, 66, 65, 81, 44, 29, 82, 13, 4, 86, 7, 54, 52, 56, 21, 32, 48, 75, 74, 39, 33, 60, 71, 69, 31, 90, 35, 37, 99, 24, 67, 53, 43, 20, 10, 87, 76, 91, 41, 19, 79, 57, 61, 70, 88, 45, 34, 51, 47, 94, 2, 97, 55, 28, 62, 36, 92, 23, 42, 8, 50, 9, 6, 68, 93, 5, 72, 17, 73, 40, 46, 98, 3, 77, 95, 59]|[2, 0, 0, 0, 0, 2, 0, 0, 2, 2, 2, 1, 0, 0, 2, 1, 1, 2, 1, 0, 2, 0, 0, 0, 1, 1, 1, 1, 2, 2, 2, 2, 0, 0, 0, 1, 0, 1, 2, 2, 1, 2, 2, 0, 2, 1, 1, 1, 2, 0, 1, 1, 2, 1, 1, 2, 1, 0, 1, 2, 0, 1, 0, 2, 1, 0, 0, 1, 0, 2, 1, 0, 0, 2, 1, 2, 1, 1, 1, 2, 1, 2, 2, 0, 1, 0, 0, 1, 0, 1, 0, 0, 1, 2, 2, 1, 2, 2, 2, 2]|[4, 2, 0, 0, 2, 2, 1, 2, 4, 2, 2, 0, 1, 0, 4, 2, 1, 1, 1, 2, 2, 1, 0, 2, 1, 0, 1, 3, 2, 4, 0, 3, 0, 2, 2, 2, 2, 2, 0, 3, 0, 4, 2, 1, 4, 0, 1, 1, 0, 2, 2, 1, 1, 3, 0, 1, 1, 0, 1, 1, 2, 2, 2, 4, 3, 2, 0, 0, 1, 3, 1, 0, 1, 4, 1, 1, 0, 2, 0, 4, 2, 3, 0, 0, 1, 0, 1, 2, 2, 1, 0, 1, 1, 0, 1, 2, 2, 0, 0, 0]|[0, 0, 1, 0, 1, 3, 1, 0, 0, 3, 3, 2, 0, 0, 0, 0, 0, 2, 0, 0, 3, 1, 1, 0, 2, 0, 0, 0, 2, 1, 0, 3, 1, 0, 1, 2, 1, 2, 1, 3, 1, 3, 1, 1, 0, 1, 0, 1, 0, 1, 2, 1, 2, 0, 2, 2, 0, 0, 0, 2, 0, 0, 0, 0, 2, 0, 1, 1, 0, 1, 0, 1, 1, 1, 1, 2, 2, 0, 1, 2, 2, 1, 3, 0, 0, 1, 0, 0, 0, 0, 0, 1, 2, 3, 1, 0, 2, 1, 3, 2],797.540291221851;129008.676280931000;358250.977860813500,false,0
60,2,33176,G4_BALANCED,[63, 30, 89, 27, 96, 38, 26, 22, 58, 1, 12, 18, 78, 16, 80, 84, 49, 11, 85, 15, 83, 0, 14, 64, 25, 66, 65, 81, 44, 29, 82, 13, 4, 86, 7, 54, 52, 56, 21, 32, 48, 75, 74, 39, 33, 60, 71, 69, 31, 90, 35, 37, 99, 24, 67, 53, 43, 20, 10, 87, 76, 91, 41, 19, 79, 57, 61, 70, 88, 45, 34, 51, 47, 2, 94, 28, 62, 36, 92, 23, 42, 8, 9, 6, 68, 93, 50, 5, 97, 77, 3, 95, 46, 73, 17, 55, 98, 59, 72, 40]|[2, 0, 0, 0, 0, 2, 0, 0, 2, 2, 1, 0, 0, 0, 2, 1, 1, 2, 1, 0, 2, 0, 0, 0, 1, 1, 1, 1, 2, 2, 2, 2, 0, 0, 0, 1, 0, 1, 2, 2, 1, 2, 2, 0, 2, 1, 1, 1, 2, 1, 1, 1, 2, 1, 1, 2, 1, 2, 1, 2, 0, 0, 0, 2, 1, 0, 0, 1, 0, 2, 1, 0, 0, 1, 2, 1, 1, 2, 1, 2, 2, 0, 1, 0, 1, 0, 1, 2, 2, 2, 1, 2, 2, 1, 0, 0, 1, 2, 0, 2]|[4, 2, 0, 0, 2, 2, 1, 2, 4, 2, 3, 1, 1, 0, 0, 2, 1, 1, 1, 2, 2, 1, 0, 2, 1, 0, 1, 3, 2, 4, 0, 3, 0, 2, 2, 2, 2, 2, 0, 3, 0, 4, 2, 1, 4, 0, 1, 1, 0, 3, 2, 1, 1, 1, 0, 1, 2, 4, 1, 1, 2, 2, 2, 4, 3, 2, 0, 0, 1, 3, 1, 0, 1, 1, 4, 2, 0, 4, 2, 3, 0, 0, 1, 1, 2, 2, 1, 1, 1, 0, 2, 0, 1, 1, 1, 1, 2, 0, 2, 0]|[0, 0, 1, 0, 1, 3, 1, 0, 0, 3, 1, 0, 0, 0, 0, 0, 0, 0, 0, 0, 3, 1, 1, 0, 2, 0, 2, 0, 2, 1, 0, 3, 1, 0, 1, 2, 1, 2, 1, 3, 1, 3, 1, 1, 0, 1, 0, 1, 0, 1, 2, 1, 2, 0, 2, 2, 2, 0, 0, 2, 0, 0, 0, 0, 2, 0, 1, 1, 0, 1, 0, 1, 1, 1, 1, 0, 1, 2, 2, 1, 3, 0, 2, 0, 0, 0, 0, 2, 2, 1, 0, 3, 1, 2, 1, 0, 0, 2, 0, 3],812.007512884605;128784.262657605780;357364.984085124340,false,0
60,2,33176,G2_TEC,[63, 30, 89, 27, 96, 75, 26, 76, 58, 1, 12, 18, 78, 16, 80, 84, 49, 11, 85, 15, 83, 47, 0, 14, 64, 25, 66, 65, 81, 44, 29, 82, 13, 4, 86, 7, 54, 52, 56, 21, 32, 48, 38, 74, 39, 33, 60, 71, 69, 31, 90, 3, 34, 99, 43, 67, 35, 53, 20, 10, 87, 22, 91, 41, 19, 79, 57, 61, 70, 88, 45, 37, 51, 94, 2, 59, 55, 28, 62, 36, 92, 23, 42, 9, 73, 8, 6, 93, 5, 17, 24, 98, 77, 95, 46, 50, 97, 68, 72, 40]|[2, 0, 1, 2, 1, 0, 1, 0, 2, 2, 1, 1, 0, 2, 2, 1, 1, 2, 1, 1, 2, 0, 1, 0, 2, 2, 1, 1, 1, 2, 2, 2, 2, 1, 0, 2, 1, 2, 1, 1, 2, 2, 2, 0, 2, 2, 1, 1, 1, 2, 1, 1, 0, 2, 1, 1, 1, 1, 1, 1, 2, 1, 1, 0, 2, 1, 2, 1, 2, 1, 1, 1, 1, 2, 1, 2, 2, 2, 1, 1, 1, 1, 2, 1, 1, 2, 0, 1, 0, 1, 2, 1, 1, 2, 2, 1, 2, 2, 0, 1]|[4, 2, 0, 3, 1, 2, 3, 2, 4, 2, 3, 0, 1, 1, 2, 2, 1, 1, 1, 2, 2, 2, 2, 0, 1, 3, 0, 1, 3, 2, 1, 0, 4, 0, 2, 1, 2, 0, 2, 1, 3, 4, 3, 1, 1, 4, 3, 1, 3, 1, 3, 2, 1, 1, 1, 0, 1, 2, 3, 2, 1, 1, 1, 2, 4, 3, 4, 2, 3, 3, 1, 2, 2, 1, 1, 0, 3, 3, 3, 3, 2, 2, 0, 1, 1, 0, 2, 1, 2, 1, 1, 2, 1, 0, 1, 1, 0, 3, 2, 1]|[0, 1, 2, 1, 1, 1, 2, 0, 0, 3, 1, 2, 0, 2, 2, 0, 0, 2, 0, 0, 3, 0, 1, 1, 0, 0, 0, 2, 0, 2, 1, 0, 1, 1, 0, 0, 2, 0, 2, 1, 3, 1, 2, 1, 2, 1, 0, 1, 2, 2, 1, 0, 1, 2, 0, 2, 0, 2, 2, 0, 2, 1, 0, 0, 0, 2, 1, 2, 1, 0, 0, 1, 0, 0, 1, 2, 2, 1, 1, 1, 2, 0, 3, 2, 2, 1, 0, 0, 0, 1, 2, 0, 2, 3, 1, 0, 3, 0, 0, 0],1044.884126726704;119657.537259908830;330028.987010100300,false,0
60,2,33176,G3_TWC,[63, 30, 89, 27, 96, 75, 26, 76, 58, 1, 12, 18, 78, 16, 80, 84, 49, 11, 85, 15, 83, 47, 0, 14, 64, 25, 66, 65, 81, 44, 29, 82, 13, 4, 86, 7, 54, 52, 56, 21, 32, 48, 38, 74, 39, 33, 60, 71, 69, 31, 90, 3, 34, 99, 43, 67, 35, 53, 20, 10, 87, 22, 91, 41, 19, 79, 57, 61, 70, 88, 45, 37, 51, 94, 2, 59, 55, 28, 62, 36, 92, 23, 42, 9, 73, 8, 6, 93, 5, 17, 24, 98, 77, 95, 46, 97, 50, 40, 72, 68]|[2, 0, 1, 2, 1, 0, 1, 0, 2, 2, 1, 1, 0, 2, 2, 0, 1, 2, 1, 1, 2, 0, 1, 0, 2, 2, 1, 1, 1, 2, 2, 2, 2, 1, 0, 2, 1, 2, 1, 1, 2, 2, 2, 0, 2, 2, 1, 1, 1, 2, 0, 1, 1, 2, 1, 1, 1, 1, 2, 1, 2, 1, 1, 0, 2, 1, 2, 1, 2, 1, 1, 1, 1, 2, 1, 2, 1, 2, 1, 1, 1, 1, 2, 1, 2, 2, 0, 1, 0, 1, 1, 1, 1, 2, 2, 2, 1, 1, 0, 2]|[4, 2, 0, 3, 1, 2, 3, 2, 4, 2, 3, 0, 1, 1, 2, 1, 1, 1, 1, 2, 2, 2, 2, 0, 1, 3, 0, 1, 3, 2, 1, 0, 4, 0, 2, 1, 2, 0, 2, 1, 3, 4, 3, 1, 1, 4, 3, 1, 3, 1, 2, 2, 2, 1, 1, 0, 1, 2, 4, 2, 1, 1, 2, 2, 1, 3, 4, 1, 3, 3, 1, 2, 2, 1, 1, 0, 3, 3, 3, 3, 2, 2, 0, 1, 1, 0, 2, 1, 2, 2, 1, 2, 1, 0, 1, 1, 1, 1, 2, 3]|[0, 1, 2, 1, 1, 1, 2, 0, 0, 3, 1, 2, 0, 2, 2, 0, 0, 2, 0, 0, 3, 0, 1, 1, 0, 0, 0, 2, 0, 2, 1, 0, 1, 1, 0, 0, 0, 0, 2, 1, 3, 1, 2, 1, 2, 1, 0, 1, 2, 2, 1, 0, 1, 2, 0, 2, 0, 2, 0, 0, 2, 1, 0, 0, 2, 2, 1, 2, 1, 0, 0, 1, 0, 0, 1, 2, 2, 1, 1, 1, 2, 0, 3, 2, 0, 1, 0, 0, 0, 0, 0, 0, 0, 3, 1, 2, 0, 0, 0, 0],1017.040138306931;120526.749213358820;332666.087915714700,false,0
61,2,33276,G1_CMAX,[63, 30, 89, 27, 96, 38, 26, 22, 58, 1, 12, 18, 78, 16, 80, 84, 49, 11, 85, 15, 83, 0, 14, 64, 25, 66, 65, 81, 44, 29, 82, 13, 4, 86, 7, 54, 52, 56, 21, 32, 48, 75, 74, 39, 33, 60, 71, 69, 31, 90, 35, 37, 99, 24, 67, 53, 43, 20, 10, 87, 76, 91, 41, 19, 79, 57, 61, 70, 88, 45, 34, 51, 47, 94, 2, 97, 55, 28, 62, 36, 92, 23, 42, 8, 50, 9, 6, 68, 93, 5, 72, 17, 73, 40, 46, 98, 3, 77, 95, 59]|[2, 0, 0, 0, 0, 2, 0, 0, 2, 2, 2, 1, 0, 0, 2, 1, 1, 2, 1, 0, 2, 0, 0, 0, 1, 1, 1, 1, 2, 2, 2, 2, 0, 0, 0, 1, 0, 1, 2, 2, 1, 2, 2, 0, 2, 1, 1, 1, 2, 0, 1, 1, 2, 1, 1, 2, 1, 0, 1, 2, 0, 1, 0, 2, 1, 0, 0, 1, 0, 2, 1, 0, 0, 2, 1, 2, 1, 1, 1, 2, 1, 2, 2, 0, 1, 0, 0, 1, 0, 1, 0, 0, 1, 2, 2, 1, 2, 2, 2, 2]|[4, 2, 0, 0, 2, 2, 1, 2, 4, 2, 2, 0, 1, 0, 4, 2, 1, 1, 1, 2, 2, 1, 0, 2, 1, 0, 1, 3, 2, 4, 0, 3, 0, 2, 2, 2, 2, 2, 0, 3, 0, 4, 2, 1, 4, 0, 1, 1, 0, 2, 2, 1, 1, 3, 0, 1, 1, 0, 1, 1, 2, 2, 2, 4, 3, 2, 0, 0, 1, 3, 1, 0, 1, 4, 1, 1, 0, 2, 0, 4, 2, 3, 0, 0, 1, 0, 1, 2, 2, 1, 0, 1, 1, 0, 1, 2, 2, 0, 0, 0]|[0, 0, 1, 0, 1, 3, 1, 0, 0, 3, 3, 2, 0, 0, 0, 0, 0, 2, 0, 0, 3, 1, 1, 0, 2, 0, 0, 0, 2, 1, 0, 3, 1, 0, 1, 2, 1, 2, 1, 3, 1, 3, 1, 1, 0, 1, 0, 1, 0, 1, 2, 1, 2, 0, 2, 2, 0, 0, 0, 2, 0, 0, 0, 0, 2, 0, 1, 1, 0, 1, 0, 1, 1, 1, 1, 2, 2, 0, 1, 2, 2, 1, 3, 0, 0, 1, 0, 0, 0, 0, 0, 1, 2, 3, 1, 0, 2, 1, 3, 2],797.540291221851;129008.676280931000;358250.977860813500,false,0
61,2,33276,G4_BALANCED,[63, 30, 89, 27, 96, 38, 26, 22, 58, 1, 12, 18, 78, 16, 80, 84, 49, 11, 85, 15, 83, 0, 14, 64, 25, 66, 65, 81, 44, 29, 82, 13, 4, 86, 7, 54, 52, 56, 21, 32, 48, 47, 75, 39, 53, 33, 60, 71, 69, 31, 90, 3, 34, 99, 24, 67, 35, 74, 20, 10, 87, 76, 91, 41, 19, 79, 57, 70, 95, 45, 37, 61, 51, 94, 2, 59, 55, 28, 62, 36, 92, 23, 42, 9, 73, 8, 6, 93, 5, 17, 43, 77, 40, 88, 68, 97, 50, 46, 72, 98]|[2, 0, 0, 0, 0, 2, 0, 1, 2, 2, 2, 1, 0, 0, 2, 1, 1, 2, 1, 0, 2, 1, 0, 0, 1, 2, 1, 0, 2, 2, 2, 2, 0, 0, 0, 1, 0, 1, 1, 2, 2, 2, 0, 2, 0, 2, 1, 1, 0, 2, 0, 1, 1, 2, 1, 1, 1, 0, 0, 1, 2, 0, 1, 0, 2, 1, 0, 0, 2, 2, 1, 1, 1, 2, 1, 2, 1, 2, 1, 1, 1, 2, 2, 1, 2, 0, 0, 1, 2, 1, 0, 1, 1, 1, 2, 2, 1, 2, 0, 1]|[4, 2, 0, 0, 2, 4, 1, 1, 4, 2, 2, 0, 1, 0, 4, 0, 1, 4, 1, 2, 2, 2, 1, 2, 1, 3, 0, 0, 2, 1, 4, 4, 0, 2, 2, 2, 2, 2, 1, 3, 4, 4, 2, 1, 1, 4, 3, 1, 1, 0, 2, 2, 1, 1, 3, 0, 1, 1, 0, 1, 1, 2, 2, 2, 4, 3, 2, 2, 0, 3, 2, 1, 2, 4, 1, 0, 1, 3, 0, 2, 2, 3, 0, 1, 1, 0, 1, 2, 1, 1, 2, 1, 1, 3, 3, 1, 1, 1, 0, 2]|[0, 0, 1, 0, 1, 3, 1, 1, 0, 3, 3, 2, 0, 0, 0, 0, 0, 1, 0, 0, 3, 1, 1, 0, 2, 0, 0, 1, 2, 1, 1, 1, 1, 0, 1, 2, 1, 2, 1, 3, 1, 3, 1, 2, 1, 0, 0, 0, 0, 0, 1, 0, 1, 2, 0, 2, 0, 1, 0, 0, 2, 0, 0, 0, 0, 2, 0, 0, 3, 1, 1, 2, 0, 1, 1, 2, 0, 1, 1, 2, 2, 1, 3, 2, 0, 1, 0, 0, 2, 1, 1, 2, 0, 0, 0, 2, 0, 1, 0, 0],831.670136518044;126803.935930095280;355367.060331038700,false,0
61,2,33276,G2_TEC,[63, 30, 89, 27, 96, 75, 26, 76, 58, 1, 12, 18, 78, 16, 80, 84, 49, 11, 85, 15, 83, 47, 0, 14, 64, 25, 66, 65, 81, 44, 29, 82, 13, 4, 86, 7, 54, 52, 56, 21, 32, 48, 38, 74, 39, 33, 60, 71, 69, 31, 90, 3, 34, 99, 43, 67, 35, 53, 20, 10, 87, 22, 91, 41, 19, 79, 57, 61, 70, 88, 45, 37, 51, 94, 2, 59, 55, 28, 62, 36, 92, 23, 42, 9, 73, 8, 6, 93, 5, 17, 24, 98, 77, 95, 46, 50, 97, 68, 72, 40]|[2, 0, 1, 2, 1, 0, 1, 0, 2, 2, 1, 1, 0, 2, 2, 1, 1, 2, 1, 1, 2, 0, 1, 0, 2, 2, 1, 1, 1, 2, 2, 2, 2, 1, 0, 2, 1, 2, 1, 1, 2, 2, 2, 0, 2, 2, 1, 1, 1, 2, 1, 1, 0, 2, 1, 1, 1, 1, 1, 1, 2, 1, 1, 0, 2, 1, 2, 1, 2, 1, 1, 1, 1, 2, 1, 2, 2, 2, 1, 1, 1, 1, 2, 1, 1, 2, 0, 1, 0, 1, 2, 1, 1, 2, 2, 1, 2, 2, 0, 1]|[4, 2, 0, 3, 1, 2, 3, 2, 4, 2, 3, 0, 1, 1, 2, 2, 1, 1, 1, 2, 2, 2, 2, 0, 1, 3, 0, 1, 3, 2, 1, 0, 4, 0, 2, 1, 2, 0, 2, 1, 3, 4, 3, 1, 1, 4, 3, 1, 3, 1, 3, 2, 1, 1, 1, 0, 1, 2, 3, 2, 1, 1, 1, 2, 4, 3, 4, 2, 3, 3, 1, 2, 2, 1, 1, 0, 3, 3, 3, 3, 2, 2, 0, 1, 1, 0, 2, 1, 2, 1, 1, 2, 1, 0, 1, 1, 0, 3, 2, 1]|[0, 1, 2, 1, 1, 1, 2, 0, 0, 3, 1, 2, 0, 2, 2, 0, 0, 2, 0, 0, 3, 0, 1, 1, 0, 0, 0, 2, 0, 2, 1, 0, 1, 1, 0, 0, 2, 0, 2, 1, 3, 1, 2, 1, 2, 1, 0, 1, 2, 2, 1, 0, 1, 2, 0, 2, 0, 2, 2, 0, 2, 1, 0, 0, 0, 2, 1, 2, 1, 0, 0, 1, 0, 0, 1, 2, 2, 1, 1, 1, 2, 0, 3, 2, 2, 1, 0, 0, 0, 1, 2, 0, 2, 3, 1, 0, 3, 0, 0, 0],1044.884126726704;119657.537259908830;330028.987010100300,false,0
61,2,33276,G3_TWC,[63, 30, 89, 27, 96, 75, 26, 76, 58, 1, 12, 18, 78, 16, 80, 84, 49, 11, 85, 15, 83, 47, 0, 14, 64, 25, 66, 65, 81, 44, 29, 82, 13, 4, 86, 7, 54, 52, 56, 21, 32, 48, 38, 74, 39, 33, 60, 71, 69, 31, 90, 3, 34, 99, 43, 67, 35, 53, 20, 10, 87, 22, 91, 41, 19, 79, 57, 61, 70, 88, 45, 37, 51, 94, 2, 59, 55, 28, 62, 36, 92, 23, 42, 9, 73, 8, 6, 93, 5, 17, 24, 98, 77, 95, 46, 97, 50, 40, 72, 68]|[2, 0, 1, 2, 1, 0, 1, 0, 2, 2, 1, 1, 0, 2, 2, 0, 1, 2, 1, 1, 2, 0, 1, 0, 2, 2, 1, 1, 1, 2, 2, 2, 2, 1, 0, 2, 1, 2, 1, 1, 2, 2, 2, 0, 2, 2, 1, 1, 1, 2, 0, 1, 1, 2, 1, 1, 1, 1, 2, 1, 2, 1, 1, 0, 2, 1, 2, 1, 2, 1, 1, 1, 1, 2, 1, 2, 1, 2, 1, 1, 1, 1, 2, 1, 2, 2, 0, 1, 0, 1, 1, 1, 1, 2, 2, 2, 1, 1, 0, 2]|[4, 2, 0, 3, 1, 2, 3, 2, 4, 2, 3, 0, 1, 1, 2, 1, 1, 1, 1, 2, 2, 2, 2, 0, 1, 3, 0, 1, 3, 2, 1, 0, 4, 0, 2, 1, 2, 0, 2, 1, 3, 4, 3, 1, 1, 4, 3, 1, 3, 1, 2, 2, 2, 1, 1, 0, 1, 2, 4, 2, 1, 1, 2, 2, 1, 3, 4, 1, 3, 3, 1, 2, 2, 1, 1, 0, 3, 3, 3, 3, 2, 2, 0, 1, 1, 0, 2, 1, 2, 2, 1, 2, 1, 0, 1, 1, 1, 1, 2, 3]|[0, 1, 2, 1, 1, 1, 2, 0, 0, 3, 1, 2, 0, 2, 2, 0, 0, 2, 0, 0, 3, 0, 1, 1, 0, 0, 0, 2, 0, 2, 1, 0, 1, 1, 0, 0, 0, 0, 2, 1, 3, 1, 2, 1, 2, 1, 0, 1, 2, 2, 1, 0, 1, 2, 0, 2, 0, 2, 0, 0, 2, 1, 0, 0, 2, 2, 1, 2, 1, 0, 0, 1, 0, 0, 1, 2, 2, 1, 1, 1, 2, 0, 3, 2, 0, 1, 0, 0, 0, 0, 0, 0, 0, 3, 1, 2, 0, 0, 0, 0],1017.040138306931;120526.749213358820;332666.087915714700,false,0
62,2,33376,G1_CMAX,[63, 30, 89, 27, 96, 38, 26, 22, 58, 1, 12, 18, 78, 16, 80, 84, 49, 11, 85, 15, 83, 0, 14, 64, 25, 66, 65, 81, 44, 29, 82, 13, 4, 86, 7, 54, 52, 56, 21, 32, 48, 75, 74, 39, 33, 60, 71, 69, 31, 90, 35, 37, 99, 24, 67, 53, 43, 20, 10, 17, 87, 76, 6, 41, 57, 79, 34, 61, 70, 88, 45, 3, 51, 94, 2, 59, 55, 28, 62, 36, 92, 23, 42, 9, 73, 8, 91, 93, 5, 19, 47, 98, 97, 95, 46, 72, 77, 68, 50, 40]|[2, 0, 0, 0, 1, 2, 0, 0, 2, 2, 2, 1, 0, 0, 2, 1, 2, 2, 1, 1, 2, 0, 0, 0, 1, 1, 1, 1, 2, 2, 2, 2, 0, 0, 0, 1, 2, 1, 1, 2, 2, 0, 0, 0, 0, 1, 1, 1, 2, 0, 1, 2, 1, 1, 1, 1, 1, 1, 1, 0, 2, 0, 0, 0, 2, 1, 1, 0, 1, 0, 2, 2, 0, 2, 1, 2, 2, 2, 1, 1, 1, 1, 2, 1, 2, 1, 1, 0, 1, 2, 0, 1, 2, 2, 2, 0, 1, 1, 1, 2]|[4, 2, 0, 0, 1, 3, 1, 2, 4, 2, 2, 0, 1, 0, 2, 2, 3, 1, 1, 2, 2, 1, 0, 2, 1, 0, 1, 3, 2, 1, 0, 0, 0, 2, 2, 2, 0, 2, 1, 3, 4, 2, 1, 1, 1, 0, 1, 1, 0, 2, 2, 2, 3, 3, 0, 2, 1, 3, 1, 1, 1, 2, 1, 2, 1, 3, 1, 0, 0, 1, 3, 2, 0, 1, 1, 0, 3, 3, 1, 3, 2, 2, 0, 1, 1, 2, 2, 2, 1, 4, 1, 2, 0, 0, 1, 2, 1, 2, 1, 0]|[0, 0, 1, 0, 1, 2, 1, 0, 0, 3, 3, 2, 0, 0, 2, 0, 1, 2, 0, 0, 3, 1, 1, 0, 2, 0, 0, 0, 2, 1, 0, 0, 1, 0, 1, 2, 0, 2, 1, 3, 1, 1, 1, 1, 1, 1, 1, 1, 0, 1, 2, 2, 0, 0, 2, 2, 0, 2, 0, 1, 2, 0, 0, 0, 2, 2, 0, 1, 1, 0, 1, 2, 1, 0, 1, 2, 2, 1, 1, 1, 2, 0, 3, 2, 0, 0, 0, 0, 0, 0, 1, 0, 3, 3, 1, 0, 1, 0, 0, 3],871.919011709898;126422.769850605240;362997.739139810500,false,0
62,2,33376,G4_BALANCED,[63, 30, 89, 27, 96, 75, 26, 76, 58, 1, 12, 18, 78, 16, 80, 84, 49, 11, 85, 15, 83, 47, 0, 14, 64, 25, 66, 65, 81, 44, 29, 82, 13, 4, 86, 7, 54, 52, 56, 21, 32, 48, 38, 74, 39, 33, 60, 71, 69, 31, 90, 3, 34, 99, 43, 67, 35, 20, 10, 53, 46, 22, 91, 41, 19, 79, 57, 61, 70, 88, 45, 37, 51, 94, 2, 59, 55, 28, 62, 36, 92, 23, 42, 9, 73, 8, 6, 93, 5, 17, 24, 77, 98, 97, 50, 40, 95, 87, 72, 68]|[2, 0, 1, 2, 1, 0, 1, 0, 2, 2, 1, 1, 0, 2, 2, 1, 2, 2, 1, 1, 2, 0, 1, 0, 2, 2, 1, 0, 1, 2, 2, 2, 2, 1, 0, 2, 1, 2, 1, 1, 2, 2, 2, 0, 2, 2, 1, 1, 1, 2, 1, 1, 0, 2, 1, 1, 1, 1, 1, 1, 2, 1, 1, 0, 2, 1, 2, 1, 2, 1, 1, 1, 1, 2, 1, 2, 1, 2, 1, 1, 1, 1, 2, 1, 2, 1, 0, 1, 0, 1, 1, 1, 1, 2, 1, 1, 2, 2, 0, 2]|[4, 2, 0, 3, 1, 2, 3, 2, 4, 2, 3, 0, 1, 1, 2, 2, 3, 1, 1, 2, 2, 2, 2, 0, 1, 3, 0, 0, 3, 2, 1, 0, 4, 0, 2, 1, 2, 0, 2, 1, 3, 4, 3, 1, 1, 4, 3, 1, 3, 1, 3, 2, 1, 1, 1, 0, 1, 2, 2, 2, 1, 1, 2, 2, 1, 3, 4, 1, 3, 3, 1, 2, 2, 1, 1, 0, 3, 3, 3, 3, 2, 2, 0, 1, 1, 2, 2, 1, 2, 1, 1, 1, 1, 1, 1, 1, 0, 1, 2, 3]|[0, 1, 2, 1, 1, 1, 2, 0, 0, 3, 1, 2, 0, 2, 2, 0, 1, 2, 0, 0, 3, 0, 1, 1, 0, 0, 0, 1, 0, 2, 1, 0, 1, 1, 0, 0, 0, 0, 2, 1, 3, 1, 2, 1, 2, 1, 0, 1, 2, 2, 1, 0, 1, 2, 0, 2, 0, 2, 0, 0, 2, 1, 0, 0, 2, 2, 1, 2, 1, 0, 0, 1, 0, 0, 1, 2, 2, 1, 1, 1, 2, 0, 3, 2, 0, 0, 0, 0, 0, 1, 0, 2, 1, 2, 0, 0, 3, 1, 0, 0],1049.038429986387;120137.761014767860;328863.113171134440,false,0
62,2,33376,G2_TEC,[63, 30, 89, 27, 96, 75, 26, 76, 58, 1, 12, 18, 78, 16, 80, 84, 49, 11, 85, 15, 83, 47, 0, 14, 64, 25, 66, 65, 81, 44, 29, 82, 13, 4, 86, 7, 54, 52, 56, 21, 32, 48, 38, 74, 39, 33, 60, 71, 69, 31, 90, 3, 34, 99, 43, 67, 35, 53, 20, 10, 87, 22, 91, 41, 19, 79, 57, 61, 70, 88, 45, 37, 51, 94, 2, 59, 55, 28, 62, 36, 92, 23, 42, 9, 73, 8, 6, 93, 5, 17, 24, 98, 77, 95, 46, 50, 97, 68, 72, 40]|[2, 0, 1, 2, 1, 0, 1, 0, 2, 2, 1, 1, 0, 2, 2, 1, 1, 2, 1, 1, 2, 0, 1, 0, 2, 2, 1, 1, 1, 2, 2, 2, 2, 1, 0, 2, 1, 2, 1, 1, 2, 2, 2, 0, 2, 2, 1, 1, 1, 2, 1, 1, 0, 2, 1, 1, 1, 1, 1, 1, 2, 1, 1, 0, 2, 1, 2, 1, 2, 1, 1, 1, 1, 2, 1, 2, 2, 2, 1, 1, 1, 1, 2, 1, 1, 2, 0, 1, 0, 1, 2, 1, 1, 2, 2, 1, 2, 2, 0, 1]|[4, 2, 0, 3, 1, 2, 3, 2, 4, 2, 3, 0, 1, 1, 2, 2, 1, 1, 1, 2, 2, 2, 2, 0, 1, 3, 0, 1, 3, 2, 1, 0, 4, 0, 2, 1, 2, 0, 2, 1, 3, 4, 3, 1, 1, 4, 3, 1, 3, 1, 3, 2, 1, 1, 1, 0, 1, 2, 3, 2, 1, 1, 1, 2, 4, 3, 4, 2, 3, 3, 1, 2, 2, 1, 1, 0, 3, 3, 3, 3, 2, 2, 0, 1, 1, 0, 2, 1, 2, 1, 1, 2, 1, 0, 1, 1, 0, 3, 2, 1]|[0, 1, 2, 1, 1, 1, 2, 0, 0, 3, 1, 2, 0, 2, 2, 0, 0, 2, 0, 0, 3, 0, 1, 1, 0, 0, 0, 2, 0, 2, 1, 0, 1, 1, 0, 0, 2, 0, 2, 1, 3, 1, 2, 1, 2, 1, 0, 1, 2, 2, 1, 0, 1, 2, 0, 2, 0, 2, 2, 0, 2, 1, 0, 0, 0, 2, 1, 2, 1, 0, 0, 1, 0, 0, 1, 2, 2, 1, 1, 1, 2, 0, 3, 2, 2, 1, 0, 0, 0, 1, 2, 0, 2, 3, 1, 0, 3, 0, 0, 0],1044.884126726704;119657.537259908830;330028.987010100300,false,0
62,2,33376,G3_TWC,[63, 30, 89, 27, 96, 75, 26, 76, 58, 1, 12, 18, 78, 16, 80, 84, 49, 11, 85, 15, 83, 47, 0, 14, 64, 25, 66, 65, 81, 44, 29, 82, 13, 4, 86, 7, 54, 52, 56, 21, 32, 48, 38, 74, 39, 33, 60, 71, 69, 31, 90, 3, 34, 99, 43, 67, 35, 53, 20, 10, 87, 22, 91, 41, 19, 79, 57, 61, 70, 88, 45, 37, 51, 94, 2, 59, 55, 28, 62, 36, 92, 23, 42, 9, 73, 8, 6, 93, 5, 17, 24, 98, 77, 95, 46, 97, 50, 40, 72, 68]|[2, 0, 1, 2, 1, 0, 1, 0, 2, 2, 1, 1, 0, 2, 2, 0, 1, 2, 1, 1, 2, 0, 1, 0, 2, 2, 1, 1, 1, 2, 2, 2, 2, 1, 0, 2, 1, 2, 1, 1, 2, 2, 2, 0, 2, 2, 1, 1, 1, 2, 0, 1, 1, 2, 1, 1, 1, 1, 2, 1, 2, 1, 1, 0, 2, 1, 2, 1, 2, 1, 1, 1, 1, 2, 1, 2, 1, 2, 1, 1, 1, 1, 2, 1, 2, 2, 0, 1, 0, 1, 1, 1, 1, 2, 2, 2, 1, 1, 0, 2]|[4, 2, 0, 3, 1, 2, 3, 2, 4, 2, 3, 0, 1, 1, 2, 1, 1, 1, 1, 2, 2, 2, 2, 0, 1, 3, 0, 1, 3, 2, 1, 0, 4, 0, 2, 1, 2, 0, 2, 1, 3, 4, 3, 1, 1, 4, 3, 1, 3, 1, 2, 2, 2, 1, 1, 0, 1, 2, 4, 2, 1, 1, 2, 2, 1, 3, 4, 1, 3, 3, 1, 2, 2, 1, 1, 0, 3, 3, 3, 3, 2, 2, 0, 1, 1, 0, 2, 1, 2, 2, 1, 2, 1, 0, 1, 1, 1, 1, 2, 3]|[0, 1, 2, 1, 1, 1, 2, 0, 0, 3, 1, 2, 0, 2, 2, 0, 0, 2, 0, 0, 3, 0, 1, 1, 0, 0, 0, 2, 0, 2, 1, 0, 1, 1, 0, 0, 0, 0, 2, 1, 3, 1, 2, 1, 2, 1, 0, 1, 2, 2, 1, 0, 1, 2, 0, 2, 0, 2, 0, 0, 2, 1, 0, 0, 2, 2, 1, 2, 1, 0, 0, 1, 0, 0, 1, 2, 2, 1, 1, 1, 2, 0, 3, 2, 0, 1, 0, 0, 0, 0, 0, 0, 0, 3, 1, 2, 0, 0, 0, 0],1017.040138306931;120526.749213358820;332666.087915714700,false,0
63,2,33476,G1_CMAX,[63, 30, 89, 27, 96, 38, 26, 22, 58, 1, 12, 18, 78, 16, 80, 84, 49, 11, 85, 15, 83, 0, 14, 64, 25, 66, 65, 81, 44, 29, 82, 13, 4, 86, 7, 54, 52, 56, 21, 32, 48, 75, 74, 39, 33, 60, 71, 69, 31, 90, 35, 37, 99, 24, 67, 53, 43, 20, 10, 87, 76, 91, 41, 19, 79, 57, 61, 70, 88, 45, 34, 51, 47, 94, 2, 97, 55, 28, 62, 36, 92, 23, 42, 8, 50, 9, 6, 68, 93, 5, 72, 17, 73, 40, 46, 98, 3, 77, 95, 59]|[2, 0, 0, 0, 0, 2, 0, 0, 2, 2, 2, 1, 0, 0, 2, 1, 1, 2, 1, 0, 2, 0, 0, 0, 1, 1, 1, 1, 2, 2, 2, 2, 0, 0, 0, 1, 0, 1, 2, 2, 1, 2, 2, 0, 2, 1, 1, 1, 2, 0, 1, 1, 2, 1, 1, 2, 1, 0, 1, 2, 0, 1, 0, 2, 1, 0, 0, 1, 0, 2, 1, 0, 0, 2, 1, 2, 1, 1, 1, 2, 1, 2, 2, 0, 1, 0, 0, 1, 0, 1, 0, 0, 1, 2, 2, 1, 2, 2, 2, 2]|[4, 2, 0, 0, 2, 2, 1, 2, 4, 2, 2, 0, 1, 0, 4, 2, 1, 1, 1, 2, 2, 1, 0, 2, 1, 0, 1, 3, 2, 4, 0, 3, 0, 2, 2, 2, 2, 2, 0, 3, 0, 4, 2, 1, 4, 0, 1, 1, 0, 2, 2, 1, 1, 3, 0, 1, 1, 0, 1, 1, 2, 2, 2, 4, 3, 2, 0, 0, 1, 3, 1, 0, 1, 4, 1, 1, 0, 2, 0, 4, 2, 3, 0, 0, 1, 0, 1, 2, 2, 1, 0, 1, 1, 0, 1, 2, 2, 0, 0, 0]|[0, 0, 1, 0, 1, 3, 1, 0, 0, 3, 3, 2, 0, 0, 0, 0, 0, 2, 0, 0, 3, 1, 1, 0, 2, 0, 0, 0, 2, 1, 0, 3, 1, 0, 1, 2, 1, 2, 1, 3, 1, 3, 1, 1, 0, 1, 0, 1, 0, 1, 2, 1, 2, 0, 2, 2, 0, 0, 0, 2, 0, 0, 0, 0, 2, 0, 1, 1, 0, 1, 0, 1, 1, 1, 1, 2, 2, 0, 1, 2, 2, 1, 3, 0, 0, 1, 0, 0, 0, 0, 0, 1, 2, 3, 1, 0, 2, 1, 3, 2],797.540291221851;129008.676280931000;358250.977860813500,false,0
63,2,33476,G4_BALANCED,[63, 30, 27, 96, 75, 26, 76, 58, 1, 12, 18, 78, 16, 80, 84, 49, 11, 85, 47, 0, 14, 25, 66, 15, 65, 81, 44, 29, 13, 4, 86, 7, 54, 52, 56, 21, 32, 48, 74, 39, 33, 60, 71, 69, 73, 90, 3, 34, 99, 43, 67, 35, 53, 20, 10, 87, 22, 91, 41, 19, 79, 57, 37, 70, 38, 23, 82, 64, 61, 51, 94, 59, 97, 98, 5, 40, 6, 8, 31, 2, 68, 77, 95, 72, 55, 28, 62, 36, 92, 88, 42, 89, 9, 46, 45, 24, 93, 17, 83, 50]|[2, 0, 0, 1, 0, 0, 0, 2, 2, 1, 1, 0, 2, 2, 1, 2, 2, 1, 0, 1, 0, 2, 1, 1, 0, 0, 2, 2, 2, 1, 0, 0, 1, 0, 1, 1, 2, 2, 0, 1, 2, 0, 0, 0, 2, 1, 1, 1, 2, 0, 1, 1, 1, 2, 0, 2, 1, 1, 0, 2, 1, 2, 1, 2, 2, 1, 2, 2, 1, 2, 2, 2, 2, 1, 2, 0, 0, 0, 2, 1, 1, 2, 1, 0, 1, 2, 2, 1, 1, 1, 2, 1, 1, 2, 2, 1, 1, 1, 2, 1]|[4, 2, 0, 1, 2, 1, 2, 4, 2, 3, 0, 1, 1, 2, 2, 3, 1, 1, 2, 2, 0, 1, 3, 2, 0, 0, 2, 1, 4, 0, 2, 2, 2, 2, 2, 1, 3, 4, 1, 3, 4, 0, 1, 1, 1, 3, 2, 1, 1, 2, 0, 1, 2, 4, 2, 1, 1, 2, 2, 4, 3, 4, 2, 3, 4, 2, 4, 1, 1, 2, 1, 0, 1, 2, 0, 1, 2, 0, 1, 1, 2, 0, 1, 0, 1, 3, 1, 2, 2, 3, 0, 0, 1, 1, 3, 3, 2, 1, 2, 1]|[0, 1, 0, 2, 1, 1, 0, 0, 3, 1, 2, 0, 2, 2, 0, 1, 2, 0, 0, 1, 1, 0, 0, 0, 1, 0, 2, 1, 1, 1, 0, 1, 2, 1, 2, 1, 3, 1, 1, 2, 1, 0, 1, 0, 0, 1, 0, 1, 2, 1, 2, 0, 2, 0, 0, 2, 1, 0, 0, 0, 2, 2, 1, 1, 3, 0, 0, 0, 2, 0, 0, 2, 2, 0, 3, 1, 0, 1, 2, 1, 0, 1, 0, 0, 0, 1, 2, 2, 2, 0, 3, 1, 2, 1, 1, 0, 0, 1, 3, 0],851.013525793076;126470.279192451880;356832.945001585400,false,0
63,2,33476,G2_TEC,[63, 30, 89, 27, 96, 75, 26, 76, 58, 1, 12, 18, 78, 16, 80, 84, 49, 11, 85, 15, 83, 47, 0, 14, 64, 25, 66, 65, 81, 44, 29, 82, 13, 4, 86, 7, 54, 52, 56, 21, 32, 48, 38, 74, 39, 33, 60, 71, 69, 31, 90, 3, 34, 99, 43, 67, 35, 53, 20, 10, 87, 22, 91, 41, 19, 79, 57, 61, 70, 88, 45, 37, 51, 94, 2, 59, 55, 28, 62, 36, 92, 23, 42, 9, 73, 8, 6, 93, 5, 17, 24, 98, 77, 95, 46, 50, 97, 68, 72, 40]|[2, 0, 1, 2, 1, 0, 1, 0, 2, 2, 1, 1, 0, 2, 2, 1, 1, 2, 1, 1, 2, 0, 1, 0, 2, 2, 1, 1, 1, 2, 2, 2, 2, 1, 0, 2, 1, 2, 1, 1, 2, 2, 2, 0, 2, 2, 1, 1, 1, 2, 1, 1, 0, 2, 1, 1, 1, 1, 1, 1, 2, 1, 1, 0, 2, 1, 2, 1, 2, 1, 1, 1, 1, 2, 1, 2, 2, 2, 1, 1, 1, 1, 2, 1, 1, 2, 0, 1, 0, 1, 2, 1, 1, 2, 2, 1, 2, 2, 0, 1]|[4, 2, 0, 3, 1, 2, 3, 2, 4, 2, 3, 0, 1, 1, 2, 2, 1, 1, 1, 2, 2, 2, 2, 0, 1, 3, 0, 1, 3, 2, 1, 0, 4, 0, 2, 1, 2, 0, 2, 1, 3, 4, 3, 1, 1, 4, 3, 1, 3, 1, 3, 2, 1, 1, 1, 0, 1, 2, 3, 2, 1, 1, 1, 2, 4, 3, 4, 2, 3, 3, 1, 2, 2, 1, 1, 0, 3, 3, 3, 3, 2, 2, 0, 1, 1, 0, 2, 1, 2, 1, 1, 2, 1, 0, 1, 1, 0, 3, 2, 1]|[0, 1, 2, 1, 1, 1, 2, 0, 0, 3, 1, 2, 0, 2, 2, 0, 0, 2, 0, 0, 3, 0, 1, 1, 0, 0, 0, 2, 0, 2, 1, 0, 1, 1, 0, 0, 2, 0, 2, 1, 3, 1, 2, 1, 2, 1, 0, 1, 2, 2, 1, 0, 1, 2, 0, 2, 0, 2, 2, 0, 2, 1, 0, 0, 0, 2, 1, 2, 1, 0, 0, 1, 0, 0, 1, 2, 2, 1, 1, 1, 2, 0, 3, 2, 2, 1, 0, 0, 0, 1, 2, 0, 2, 3, 1, 0, 3, 0, 0, 0],1044.884126726704;119657.537259908830;330028.987010100300,false,0
63,2,33476,G3_TWC,[63, 30, 89, 27, 96, 75, 26, 76, 58, 1, 12, 18, 78, 16, 80, 84, 49, 11, 85, 15, 83, 47, 0, 14, 64, 25, 66, 65, 81, 44, 29, 82, 13, 4, 86, 7, 54, 52, 56, 21, 32, 48, 38, 74, 39, 33, 60, 71, 69, 31, 90, 3, 34, 99, 43, 67, 35, 53, 20, 10, 87, 22, 91, 41, 19, 79, 57, 61, 70, 88, 45, 37, 51, 94, 2, 59, 55, 28, 62, 36, 92, 23, 42, 9, 73, 8, 6, 93, 5, 17, 24, 98, 77, 95, 46, 97, 50, 40, 72, 68]|[2, 0, 1, 2, 1, 0, 1, 0, 2, 2, 1, 1, 0, 2, 2, 0, 1, 2, 1, 1, 2, 0, 1, 0, 2, 2, 1, 1, 1, 2, 2, 2, 2, 1, 0, 2, 1, 2, 1, 1, 2, 2, 2, 0, 2, 2, 1, 1, 1, 2, 0, 1, 1, 2, 1, 1, 1, 1, 2, 1, 2, 1, 1, 0, 2, 1, 2, 1, 2, 1, 1, 1, 1, 2, 1, 2, 1, 2, 1, 1, 1, 1, 2, 1, 2, 2, 0, 1, 0, 1, 1, 1, 1, 2, 2, 2, 1, 1, 0, 2]|[4, 2, 0, 3, 1, 2, 3, 2, 4, 2, 3, 0, 1, 1, 2, 1, 1, 1, 1, 2, 2, 2, 2, 0, 1, 3, 0, 1, 3, 2, 1, 0, 4, 0, 2, 1, 2, 0, 2, 1, 3, 4, 3, 1, 1, 4, 3, 1, 3, 1, 2, 2, 2, 1, 1, 0, 1, 2, 4, 2, 1, 1, 2, 2, 1, 3, 4, 1, 3, 3, 1, 2, 2, 1, 1, 0, 3, 3, 3, 3, 2, 2, 0, 1, 1, 0, 2, 1, 2, 2, 1, 2, 1, 0, 1, 1, 1, 1, 2, 3]|[0, 1, 2, 1, 1, 1, 2, 0, 0, 3, 1, 2, 0, 2, 2, 0, 0, 2, 0, 0, 3, 0, 1, 1, 0, 0, 0, 2, 0, 2, 1, 0, 1, 1, 0, 0, 0, 0, 2, 1, 3, 1, 2, 1, 2, 1, 0, 1, 2, 2, 1, 0, 1, 2, 0, 2, 0, 2, 0, 0, 2, 1, 0, 0, 2, 2, 1, 2, 1, 0, 0, 1, 0, 0, 1, 2, 2, 1, 1, 1, 2, 0, 3, 2, 0, 1, 0, 0, 0, 0, 0, 0, 0, 3, 1, 2, 0, 0, 0, 0],1017.040138306931;120526.749213358820;332666.087915714700,false,0
64,2,33576,G1_CMAX,[63, 30, 89, 27, 96, 38, 26, 22, 58, 1, 12, 18, 78, 16, 80, 84, 49, 11, 85, 15, 83, 0, 14, 64, 25, 66, 65, 81, 44, 29, 82, 13, 4, 86, 7, 54, 52, 56, 21, 32, 48, 75, 74, 39, 33, 60, 71, 69, 31, 90, 35, 37, 99, 24, 67, 53, 43, 20, 10, 87, 76, 91, 41, 19, 79, 57, 61, 70, 88, 45, 34, 51, 47, 94, 2, 97, 55, 28, 62, 36, 92, 23, 42, 8, 50, 9, 6, 68, 93, 5, 72, 17, 73, 40, 46, 98, 3, 77, 95, 59]|[2, 0, 0, 0, 0, 2, 0, 0, 2, 2, 2, 1, 0, 0, 2, 1, 1, 2, 1, 0, 2, 0, 0, 0, 1, 1, 1, 1, 2, 2, 2, 2, 0, 0, 0, 1, 0, 1, 2, 2, 1, 2, 2, 0, 2, 1, 1, 1, 2, 0, 1, 1, 2, 1, 1, 2, 1, 0, 1, 2, 0, 1, 0, 2, 1, 0, 0, 1, 0, 2, 1, 0, 0, 2, 1, 2, 1, 1, 1, 2, 1, 2, 2, 0, 1, 0, 0, 1, 0, 1, 0, 0, 1, 2, 2, 1, 2, 2, 2, 2]|[4, 2, 0, 0, 2, 2, 1, 2, 4, 2, 2, 0, 1, 0, 4, 2, 1, 1, 1, 2, 2, 1, 0, 2, 1, 0, 1, 3, 2, 4, 0, 3, 0, 2, 2, 2, 2, 2, 0, 3, 0, 4, 2, 1, 4, 0, 1, 1, 0, 2, 2, 1, 1, 3, 0, 1, 1, 0, 1, 1, 2, 2, 2, 4, 3, 2, 0, 0, 1, 3, 1, 0, 1, 4, 1, 1, 0, 2, 0, 4, 2, 3, 0, 0, 1, 0, 1, 2, 2, 1, 0, 1, 1, 0, 1, 2, 2, 0, 0, 0]|[0, 0, 1, 0, 1, 3, 1, 0, 0, 3, 3, 2, 0, 0, 0, 0, 0, 2, 0, 0, 3, 1, 1, 0, 2, 0, 0, 0, 2, 1, 0, 3, 1, 0, 1, 2, 1, 2, 1, 3, 1, 3, 1, 1, 0, 1, 0, 1, 0, 1, 2, 1, 2, 0, 2, 2, 0, 0, 0, 2, 0, 0, 0, 0, 2, 0, 1, 1, 0, 1, 0, 1, 1, 1, 1, 2, 2, 0, 1, 2, 2, 1, 3, 0, 0, 1, 0, 0, 0, 0, 0, 1, 2, 3, 1, 0, 2, 1, 3, 2],797.540291221851;129008.676280931000;358250.977860813500,false,0
64,2,33576,G4_BALANCED,[63, 30, 89, 27, 96, 38, 26, 22, 58, 1, 12, 18, 78, 16, 80, 84, 49, 11, 85, 15, 83, 0, 47, 64, 25, 66, 65, 81, 44, 29, 82, 13, 4, 86, 7, 54, 52, 56, 21, 60, 32, 48, 75, 74, 39, 33, 14, 71, 69, 31, 90, 3, 34, 99, 24, 67, 35, 53, 20, 10, 87, 76, 41, 19, 79, 57, 61, 36, 70, 88, 45, 37, 51, 94, 2, 59, 6, 28, 62, 91, 92, 23, 42, 9, 73, 8, 55, 93, 5, 98, 97, 17, 46, 43, 50, 40, 95, 77, 72, 68]|[2, 0, 0, 2, 1, 2, 0, 0, 2, 2, 2, 1, 0, 0, 2, 1, 1, 2, 1, 0, 2, 0, 0, 0, 1, 1, 1, 1, 2, 2, 2, 2, 0, 0, 1, 2, 0, 1, 2, 1, 2, 1, 0, 2, 0, 2, 0, 0, 0, 2, 0, 2, 1, 1, 1, 1, 1, 1, 2, 1, 2, 0, 0, 2, 1, 2, 0, 1, 1, 0, 2, 1, 1, 2, 1, 2, 1, 2, 1, 1, 1, 0, 2, 1, 1, 0, 0, 0, 0, 1, 2, 0, 2, 1, 1, 0, 2, 2, 0, 1]|[4, 2, 0, 2, 1, 4, 1, 2, 4, 2, 2, 0, 1, 0, 2, 1, 1, 1, 1, 1, 2, 2, 1, 2, 1, 0, 1, 3, 2, 1, 0, 3, 0, 2, 3, 1, 2, 2, 0, 0, 3, 0, 0, 2, 1, 4, 1, 1, 1, 1, 2, 2, 1, 2, 3, 0, 0, 2, 4, 2, 1, 2, 2, 4, 3, 4, 0, 1, 0, 1, 0, 1, 2, 4, 2, 0, 0, 1, 0, 2, 2, 2, 0, 1, 1, 0, 2, 2, 2, 2, 1, 1, 1, 1, 1, 0, 0, 0, 0, 2]|[0, 0, 1, 0, 1, 3, 1, 0, 0, 3, 3, 2, 0, 0, 2, 2, 0, 2, 0, 1, 3, 0, 1, 0, 1, 0, 2, 0, 2, 1, 0, 3, 1, 0, 0, 0, 1, 2, 1, 1, 3, 1, 1, 1, 1, 0, 1, 1, 0, 2, 1, 2, 1, 2, 0, 2, 0, 2, 0, 0, 2, 0, 0, 0, 2, 0, 1, 1, 1, 0, 0, 1, 0, 1, 0, 2, 2, 0, 1, 0, 2, 0, 3, 2, 2, 0, 0, 0, 0, 0, 2, 1, 1, 0, 0, 0, 3, 1, 0, 0],822.120550572115;127620.072322048300;354642.913238288950,false,0
64,2,33576,G2_TEC,[63, 30, 89, 27, 96, 75, 26, 76, 58, 1, 12, 18, 78, 16, 80, 84, 49, 11, 85, 15, 83, 47, 0, 14, 64, 25, 66, 65, 81, 44, 29, 82, 13, 4, 86, 7, 54, 52, 56, 21, 32, 48, 38, 74, 39, 33, 60, 71, 69, 31, 90, 3, 34, 99, 43, 67, 35, 53, 20, 10, 87, 22, 91, 41, 19, 79, 57, 61, 70, 88, 45, 37, 51, 94, 2, 59, 55, 28, 62, 36, 92, 23, 42, 9, 73, 8, 6, 93, 5, 17, 24, 98, 77, 95, 46, 50, 97, 68, 72, 40]|[2, 0, 1, 2, 1, 0, 1, 0, 2, 2, 1, 1, 0, 2, 2, 1, 1, 2, 1, 1, 2, 0, 1, 0, 2, 2, 1, 1, 1, 2, 2, 2, 2, 1, 0, 2, 1, 2, 1, 1, 2, 2, 2, 0, 2, 2, 1, 1, 1, 2, 1, 1, 0, 2, 1, 1, 1, 1, 1, 1, 2, 1, 1, 0, 2, 1, 2, 1, 2, 1, 1, 1, 1, 2, 1, 2, 2, 2, 1, 1, 1, 1, 2, 1, 1, 2, 0, 1, 0, 1, 2, 1, 1, 2, 2, 1, 2, 2, 0, 1]|[4, 2, 0, 3, 1, 2, 3, 2, 4, 2, 3, 0, 1, 1, 2, 2, 1, 1, 1, 2, 2, 2, 2, 0, 1, 3, 0, 1, 3, 2, 1, 0, 4, 0, 2, 1, 2, 0, 2, 1, 3, 4, 3, 1, 1, 4, 3, 1, 3, 1, 3, 2, 1, 1, 1, 0, 1, 2, 3, 2, 1, 1, 1, 2, 4, 3, 4, 2, 3, 3, 1, 2, 2, 1, 1, 0, 3, 3, 3, 3, 2, 2, 0, 1, 1, 0, 2, 1, 2, 1, 1, 2, 1, 0, 1, 1, 0, 3, 2, 1]|[0, 1, 2, 1, 1, 1, 2, 0, 0, 3, 1, 2, 0, 2, 2, 0, 0, 2, 0, 0, 3, 0, 1, 1, 0, 0, 0, 2, 0, 2, 1, 0, 1, 1, 0, 0, 2, 0, 2, 1, 3, 1, 2, 1, 2, 1, 0, 1, 2, 2, 1, 0, 1, 2, 0, 2, 0, 2, 2, 0, 2, 1, 0, 0, 0, 2, 1, 2, 1, 0, 0, 1, 0, 0, 1, 2, 2, 1, 1, 1, 2, 0, 3, 2, 2, 1, 0, 0, 0, 1, 2, 0, 2, 3, 1, 0, 3, 0, 0, 0],1044.884126726704;119657.537259908830;330028.987010100300,false,0
64,2,33576,G3_TWC,[63, 30, 89, 27, 96, 75, 26, 76, 58, 1, 12, 18, 78, 16, 80, 84, 49, 11, 85, 15, 83, 47, 0, 14, 64, 25, 66, 65, 81, 44, 29, 82, 13, 4, 86, 7, 54, 52, 56, 21, 32, 48, 38, 74, 39, 33, 60, 71, 69, 31, 90, 3, 34, 99, 43, 67, 35, 53, 20, 10, 87, 22, 91, 41, 19, 79, 57, 61, 70, 88, 45, 37, 51, 94, 2, 59, 55, 28, 62, 36, 92, 23, 42, 9, 73, 8, 6, 93, 5, 17, 24, 98, 77, 95, 46, 97, 50, 40, 72, 68]|[2, 0, 1, 2, 1, 0, 1, 0, 2, 2, 1, 1, 0, 2, 2, 0, 1, 2, 1, 1, 2, 0, 1, 0, 2, 2, 1, 1, 1, 2, 2, 2, 2, 1, 0, 2, 1, 2, 1, 1, 2, 2, 2, 0, 2, 2, 1, 1, 1, 2, 0, 1, 1, 2, 1, 1, 1, 1, 2, 1, 2, 1, 1, 0, 2, 1, 2, 1, 2, 1, 1, 1, 1, 2, 1, 2, 1, 2, 1, 1, 1, 1, 2, 1, 2, 2, 0, 1, 0, 1, 1, 1, 1, 2, 2, 2, 1, 1, 0, 2]|[4, 2, 0, 3, 1, 2, 3, 2, 4, 2, 3, 0, 1, 1, 2, 1, 1, 1, 1, 2, 2, 2, 2, 0, 1, 3, 0, 1, 3, 2, 1, 0, 4, 0, 2, 1, 2, 0, 2, 1, 3, 4, 3, 1, 1, 4, 3, 1, 3, 1, 2, 2, 2, 1, 1, 0, 1, 2, 4, 2, 1, 1, 2, 2, 1, 3, 4, 1, 3, 3, 1, 2, 2, 1, 1, 0, 3, 3, 3, 3, 2, 2, 0, 1, 1, 0, 2, 1, 2, 2, 1, 2, 1, 0, 1, 1, 1, 1, 2, 3]|[0, 1, 2, 1, 1, 1, 2, 0, 0, 3, 1, 2, 0, 2, 2, 0, 0, 2, 0, 0, 3, 0, 1, 1, 0, 0, 0, 2, 0, 2, 1, 0, 1, 1, 0, 0, 0, 0, 2, 1, 3, 1, 2, 1, 2, 1, 0, 1, 2, 2, 1, 0, 1, 2, 0, 2, 0, 2, 0, 0, 2, 1, 0, 0, 2, 2, 1, 2, 1, 0, 0, 1, 0, 0, 1, 2, 2, 1, 1, 1, 2, 0, 3, 2, 0, 1, 0, 0, 0, 0, 0, 0, 0, 3, 1, 2, 0, 0, 0, 0],1017.040138306931;120526.749213358820;332666.087915714700,false,0
65,2,33676,G1_CMAX,[63, 30, 89, 27, 96, 38, 26, 22, 58, 1, 12, 18, 78, 16, 80, 84, 49, 11, 85, 15, 83, 0, 14, 64, 25, 66, 65, 81, 44, 29, 82, 13, 4, 86, 7, 54, 52, 56, 21, 32, 48, 75, 74, 39, 33, 60, 71, 69, 31, 90, 35, 37, 99, 24, 67, 53, 43, 20, 10, 87, 76, 91, 41, 19, 79, 57, 61, 70, 88, 45, 34, 51, 47, 94, 2, 97, 55, 28, 62, 36, 92, 23, 42, 8, 50, 9, 6, 68, 93, 5, 72, 17, 73, 40, 46, 98, 3, 77, 95, 59]|[2, 0, 0, 0, 0, 2, 0, 0, 2, 2, 2, 1, 0, 0, 2, 1, 1, 2, 1, 0, 2, 0, 0, 0, 1, 1, 1, 1, 2, 2, 2, 2, 0, 0, 0, 1, 0, 1, 2, 2, 1, 2, 2, 0, 2, 1, 1, 1, 2, 0, 1, 1, 2, 1, 1, 2, 1, 0, 1, 2, 0, 1, 0, 2, 1, 0, 0, 1, 0, 2, 1, 0, 0, 2, 1, 2, 1, 1, 1, 2, 1, 2, 2, 0, 1, 0, 0, 1, 0, 1, 0, 0, 1, 2, 2, 1, 2, 2, 2, 2]|[4, 2, 0, 0, 2, 2, 1, 2, 4, 2, 2, 0, 1, 0, 4, 2, 1, 1, 1, 2, 2, 1, 0, 2, 1, 0, 1, 3, 2, 4, 0, 3, 0, 2, 2, 2, 2, 2, 0, 3, 0, 4, 2, 1, 4, 0, 1, 1, 0, 2, 2, 1, 1, 3, 0, 1, 1, 0, 1, 1, 2, 2, 2, 4, 3, 2, 0, 0, 1, 3, 1, 0, 1, 4, 1, 1, 0, 2, 0, 4, 2, 3, 0, 0, 1, 0, 1, 2, 2, 1, 0, 1, 1, 0, 1, 2, 2, 0, 0, 0]|[0, 0, 1, 0, 1, 3, 1, 0, 0, 3, 3, 2, 0, 0, 0, 0, 0, 2, 0, 0, 3, 1, 1, 0, 2, 0, 0, 0, 2, 1, 0, 3, 1, 0, 1, 2, 1, 2, 1, 3, 1, 3, 1, 1, 0, 1, 0, 1, 0, 1, 2, 1, 2, 0, 2, 2, 0, 0, 0, 2, 0, 0, 0, 0, 2, 0, 1, 1, 0, 1, 0, 1, 1, 1, 1, 2, 2, 0, 1, 2, 2, 1, 3, 0, 0, 1, 0, 0, 0, 0, 0, 1, 2, 3, 1, 0, 2, 1, 3, 2],797.540291221851;129008.676280931000;358250.977860813500,false,0
65,2,33676,G4_BALANCED,[63, 30, 27, 96, 75, 26, 76, 58, 1, 12, 18, 78, 16, 80, 84, 49, 11, 85, 47, 0, 14, 25, 66, 15, 65, 81, 44, 29, 13, 4, 86, 82, 89, 83, 64, 7, 54, 52, 56, 21, 32, 22, 38, 74, 39, 33, 60, 71, 69, 31, 90, 3, 34, 99, 43, 67, 35, 53, 20, 10, 87, 48, 91, 41, 19, 79, 57, 61, 70, 88, 45, 37, 51, 94, 2, 59, 55, 28, 62, 36, 92, 23, 42, 9, 73, 8, 6, 93, 5, 17, 24, 98, 40, 95, 77, 50, 97, 46, 72, 68]|[2, 0, 0, 1, 0, 0, 1, 2, 2, 1, 1, 0, 2, 2, 1, 2, 2, 1, 0, 1, 2, 2, 1, 0, 0, 0, 2, 2, 2, 2, 2, 2, 1, 2, 2, 2, 1, 2, 1, 1, 2, 1, 2, 0, 2, 2, 1, 1, 0, 2, 1, 1, 0, 2, 1, 1, 1, 1, 2, 0, 2, 1, 1, 0, 2, 1, 2, 1, 2, 1, 2, 1, 1, 2, 1, 2, 0, 2, 2, 1, 1, 1, 2, 1, 1, 0, 0, 1, 0, 1, 1, 1, 1, 2, 1, 1, 2, 2, 0, 2]|[4, 2, 0, 1, 2, 2, 3, 4, 2, 3, 0, 1, 1, 1, 2, 3, 1, 1, 2, 2, 2, 3, 0, 0, 0, 0, 2, 1, 4, 2, 1, 0, 0, 2, 1, 1, 2, 0, 2, 1, 3, 1, 4, 0, 1, 4, 3, 1, 1, 1, 3, 2, 1, 1, 1, 0, 1, 2, 4, 2, 1, 1, 2, 2, 4, 3, 4, 2, 3, 3, 3, 2, 2, 1, 1, 0, 2, 3, 1, 2, 2, 2, 0, 1, 1, 0, 2, 1, 2, 1, 1, 2, 1, 0, 2, 1, 0, 1, 2, 3]|[0, 1, 0, 1, 1, 1, 2, 0, 3, 1, 2, 0, 2, 2, 0, 1, 2, 0, 0, 1, 3, 0, 0, 1, 1, 0, 2, 1, 1, 2, 1, 0, 2, 3, 0, 0, 2, 0, 2, 1, 3, 1, 3, 1, 2, 1, 0, 1, 0, 2, 1, 0, 1, 2, 0, 2, 0, 2, 0, 0, 2, 1, 0, 0, 0, 2, 1, 2, 1, 0, 1, 1, 0, 0, 1, 2, 0, 1, 2, 2, 2, 0, 3, 2, 2, 1, 0, 0, 0, 2, 0, 0, 0, 3, 0, 0, 3, 1, 0, 0],944.560976873086;123864.145567332290;342009.119150722700,false,0
65,2,33676,G2_TEC,[63, 30, 89, 27, 96, 75, 26, 76, 58, 1, 12, 18, 78, 16, 80, 84, 49, 11, 85, 15, 83, 47, 0, 14, 64, 25, 66, 65, 81, 44, 29, 82, 13, 4, 86, 7, 54, 52, 56, 21, 32, 48, 38, 74, 39, 33, 60, 71, 69, 31, 90, 3, 34, 99, 43, 67, 35, 53, 20, 10, 87, 22, 91, 41, 19, 79, 57, 61, 70, 88, 45, 37, 51, 94, 2, 59, 55, 28, 62, 36, 92, 23, 42, 9, 73, 8, 6, 93, 5, 17, 24, 98, 77, 95, 46, 50, 97, 68, 72, 40]|[2, 0, 1, 2, 1, 0, 1, 0, 2, 2, 1, 1, 0, 2, 2, 1, 1, 2, 1, 1, 2, 0, 1, 0, 2, 2, 1, 1, 1, 2, 2, 2, 2, 1, 0, 2, 1, 2, 1, 1, 2, 2, 2, 0, 2, 2, 1, 1, 1, 2, 1, 1, 0, 2, 1, 1, 1, 1, 1, 1, 2, 1, 1, 0, 2, 1, 2, 1, 2, 1, 1, 1, 1, 2, 1, 2, 2, 2, 1, 1, 1, 1, 2, 1, 1, 2, 0, 1, 0, 1, 2, 1, 1, 2, 2, 1, 2, 2, 0, 1]|[4, 2, 0, 3, 1, 2, 3, 2, 4, 2, 3, 0, 1, 1, 2, 2, 1, 1, 1, 2, 2, 2, 2, 0, 1, 3, 0, 1, 3, 2, 1, 0, 4, 0, 2, 1, 2, 0, 2, 1, 3, 4, 3, 1, 1, 4, 3, 1, 3, 1, 3, 2, 1, 1, 1, 0, 1, 2, 3, 2, 1, 1, 1, 2, 4, 3, 4, 2, 3, 3, 1, 2, 2, 1, 1, 0, 3, 3, 3, 3, 2, 2, 0, 1, 1, 0, 2, 1, 2, 1, 1, 2, 1, 0, 1, 1, 0, 3, 2, 1]|[0, 1, 2, 1, 1, 1, 2, 0, 0, 3, 1, 2, 0, 2, 2, 0, 0, 2, 0, 0, 3, 0, 1, 1, 0, 0, 0, 2, 0, 2, 1, 0, 1, 1, 0, 0, 2, 0, 2, 1, 3, 1, 2, 1, 2, 1, 0, 1, 2, 2, 1, 0, 1, 2, 0, 2, 0, 2, 2, 0, 2, 1, 0, 0, 0, 2, 1, 2, 1, 0, 0, 1, 0, 0, 1, 2, 2, 1, 1, 1, 2, 0, 3, 2, 2, 1, 0, 0, 0, 1, 2, 0, 2, 3, 1, 0, 3, 0, 0, 0],1044.884126726704;119657.537259908830;330028.987010100300,false,0
65,2,33676,G3_TWC,[63, 30, 89, 27, 96, 75, 26, 76, 58, 1, 12, 18, 78, 16, 80, 84, 49, 11, 85, 15, 83, 47, 0, 14, 64, 25, 66, 65, 81, 44, 29, 82, 13, 4, 86, 7, 54, 52, 56, 21, 32, 48, 38, 74, 39, 33, 60, 71, 69, 31, 90, 3, 34, 99, 43, 67, 35, 53, 20, 10, 87, 22, 91, 41, 19, 79, 57, 61, 70, 88, 45, 37, 51, 94, 2, 59, 55, 28, 62, 36, 92, 23, 42, 9, 73, 8, 6, 93, 5, 17, 24, 98, 77, 95, 46, 97, 50, 40, 72, 68]|[2, 0, 1, 2, 1, 0, 1, 0, 2, 2, 1, 1, 0, 2, 2, 0, 1, 2, 1, 1, 2, 0, 1, 0, 2, 2, 1, 1, 1, 2, 2, 2, 2, 1, 0, 2, 1, 2, 1, 1, 2, 2, 2, 0, 2, 2, 1, 1, 1, 2, 0, 1, 1, 2, 1, 1, 1, 1, 2, 1, 2, 1, 1, 0, 2, 1, 2, 1, 2, 1, 1, 1, 1, 2, 1, 2, 1, 2, 1, 1, 1, 1, 2, 1, 2, 2, 0, 1, 0, 1, 1, 1, 1, 2, 2, 2, 1, 1, 0, 2]|[4, 2, 0, 3, 1, 2, 3, 2, 4, 2, 3, 0, 1, 1, 2, 1, 1, 1, 1, 2, 2, 2, 2, 0, 1, 3, 0, 1, 3, 2, 1, 0, 4, 0, 2, 1, 2, 0, 2, 1, 3, 4, 3, 1, 1, 4, 3, 1, 3, 1, 2, 2, 2, 1, 1, 0, 1, 2, 4, 2, 1, 1, 2, 2, 1, 3, 4, 1, 3, 3, 1, 2, 2, 1, 1, 0, 3, 3, 3, 3, 2, 2, 0, 1, 1, 0, 2, 1, 2, 2, 1, 2, 1, 0, 1, 1, 1, 1, 2, 3]|[0, 1, 2, 1, 1, 1, 2, 0, 0, 3, 1, 2, 0, 2, 2, 0, 0, 2, 0, 0, 3, 0, 1, 1, 0, 0, 0, 2, 0, 2, 1, 0, 1, 1, 0, 0, 0, 0, 2, 1, 3, 1, 2, 1, 2, 1, 0, 1, 2, 2, 1, 0, 1, 2, 0, 2, 0, 2, 0, 0, 2, 1, 0, 0, 2, 2, 1, 2, 1, 0, 0, 1, 0, 0, 1, 2, 2, 1, 1, 1, 2, 0, 3, 2, 0, 1, 0, 0, 0, 0, 0, 0, 0, 3, 1, 2, 0, 0, 0, 0],1017.040138306931;120526.749213358820;332666.087915714700,false,0
66,2,33776,G1_CMAX,[63, 30, 89, 27, 96, 38, 26, 22, 58, 1, 12, 18, 78, 16, 80, 84, 49, 11, 85, 15, 83, 0, 14, 64, 25, 66, 65, 81, 44, 29, 82, 13, 4, 86, 7, 54, 52, 56, 21, 32, 48, 75, 74, 39, 33, 60, 71, 69, 31, 90, 35, 37, 99, 24, 67, 53, 43, 20, 10, 87, 76, 91, 41, 19, 79, 57, 61, 70, 88, 45, 34, 51, 47, 94, 2, 97, 55, 28, 62, 36, 92, 23, 42, 8, 50, 9, 6, 68, 93, 5, 72, 17, 73, 40, 46, 98, 3, 77, 95, 59]|[2, 0, 0, 0, 0, 2, 0, 0, 2, 2, 2, 1, 0, 0, 2, 1, 1, 2, 1, 0, 2, 0, 0, 0, 1, 1, 1, 1, 2, 2, 2, 2, 0, 0, 0, 1, 0, 1, 2, 2, 1, 2, 2, 0, 2, 1, 1, 1, 2, 0, 1, 1, 2, 1, 1, 2, 1, 0, 1, 2, 0, 1, 0, 2, 1, 0, 0, 1, 0, 2, 1, 0, 0, 2, 1, 2, 1, 1, 1, 2, 1, 2, 2, 0, 1, 0, 0, 1, 0, 1, 0, 0, 1, 2, 2, 1, 2, 2, 2, 2]|[4, 2, 0, 0, 2, 2, 1, 2, 4, 2, 2, 0, 1, 0, 4, 2, 1, 1, 1, 2, 2, 1, 0, 2, 1, 0, 1, 3, 2, 4, 0, 3, 0, 2, 2, 2, 2, 2, 0, 3, 0, 4, 2, 1, 4, 0, 1, 1, 0, 2, 2, 1, 1, 3, 0, 1, 1, 0, 1, 1, 2, 2, 2, 4, 3, 2, 0, 0, 1, 3, 1, 0, 1, 4, 1, 1, 0, 2, 0, 4, 2, 3, 0, 0, 1, 0, 1, 2, 2, 1, 0, 1, 1, 0, 1, 2, 2, 0, 0, 0]|[0, 0, 1, 0, 1, 3, 1, 0, 0, 3, 3, 2, 0, 0, 0, 0, 0, 2, 0, 0, 3, 1, 1, 0, 2, 0, 0, 0, 2, 1, 0, 3, 1, 0, 1, 2, 1, 2, 1, 3, 1, 3, 1, 1, 0, 1, 0, 1, 0, 1, 2, 1, 2, 0, 2, 2, 0, 0, 0, 2, 0, 0, 0, 0, 2, 0, 1, 1, 0, 1, 0, 1, 1, 1, 1, 2, 2, 0, 1, 2, 2, 1, 3, 0, 0, 1, 0, 0, 0, 0, 0, 1, 2, 3, 1, 0, 2, 1, 3, 2],797.540291221851;129008.676280931000;358250.977860813500,false,0
66,2,33776,G4_BALANCED,[63, 30, 89, 27, 96, 75, 26, 76, 11, 1, 12, 18, 78, 16, 80, 84, 49, 58, 85, 15, 83, 47, 0, 14, 64, 25, 66, 65, 81, 77, 29, 82, 4, 86, 7, 54, 52, 56, 21, 32, 48, 38, 74, 39, 33, 60, 71, 69, 31, 90, 43, 37, 53, 24, 67, 99, 35, 20, 10, 87, 22, 91, 41, 19, 79, 57, 61, 70, 88, 45, 34, 51, 94, 2, 59, 55, 28, 62, 36, 92, 23, 42, 8, 50, 9, 6, 68, 93, 5, 72, 17, 95, 13, 46, 97, 3, 98, 73, 40, 44]|[2, 1, 1, 0, 0, 2, 0, 0, 2, 0, 1, 1, 0, 0, 2, 1, 2, 2, 1, 0, 2, 0, 0, 0, 0, 1, 1, 1, 1, 2, 2, 0, 0, 0, 0, 1, 0, 1, 2, 2, 2, 2, 2, 0, 2, 0, 0, 1, 2, 0, 1, 1, 2, 1, 1, 2, 1, 2, 0, 1, 0, 1, 2, 2, 1, 0, 0, 1, 1, 1, 1, 0, 2, 1, 2, 1, 1, 1, 2, 1, 1, 2, 0, 1, 0, 0, 1, 2, 2, 0, 2, 2, 2, 2, 2, 2, 1, 2, 2, 2]|[3, 1, 0, 0, 2, 2, 1, 2, 1, 2, 3, 0, 1, 0, 4, 2, 3, 4, 1, 2, 2, 1, 1, 1, 2, 1, 0, 1, 3, 0, 2, 2, 0, 2, 2, 2, 2, 2, 0, 3, 4, 4, 2, 1, 4, 0, 1, 1, 0, 2, 2, 2, 1, 3, 0, 1, 1, 4, 2, 1, 2, 2, 2, 4, 3, 2, 0, 0, 3, 1, 1, 0, 1, 2, 0, 0, 2, 1, 4, 0, 2, 0, 0, 1, 0, 1, 2, 4, 0, 0, 0, 0, 3, 1, 1, 2, 2, 3, 0, 2]|[0, 0, 2, 0, 1, 2, 1, 0, 1, 1, 1, 2, 0, 0, 0, 0, 1, 0, 0, 0, 0, 1, 1, 1, 0, 2, 0, 0, 0, 1, 3, 0, 1, 0, 1, 2, 1, 2, 1, 3, 1, 3, 1, 1, 0, 0, 1, 1, 0, 1, 0, 1, 2, 0, 2, 2, 0, 0, 0, 1, 0, 0, 0, 0, 2, 0, 1, 1, 0, 2, 0, 1, 0, 2, 2, 2, 0, 1, 2, 1, 0, 3, 1, 0, 1, 0, 0, 1, 3, 0, 1, 3, 3, 1, 2, 2, 0, 0, 3, 2],809.167896268232;129123.332443421760;357597.714492800760,false,0
66,2,33776,G2_TEC,[63, 30, 89, 27, 96, 75, 26, 76, 58, 1, 12, 18, 78, 16, 80, 84, 49, 11, 85, 15, 83, 47, 0, 14, 64, 25, 66, 65, 81, 44, 29, 82, 13, 4, 86, 7, 54, 52, 56, 21, 32, 48, 38, 74, 39, 33, 60, 71, 69, 31, 90, 3, 34, 99, 43, 67, 35, 53, 20, 10, 87, 22, 91, 41, 19, 79, 57, 61, 70, 88, 45, 37, 51, 94, 2, 59, 55, 28, 62, 36, 92, 23, 42, 9, 73, 8, 6, 93, 5, 17, 24, 98, 77, 95, 46, 50, 97, 68, 72, 40]|[2, 0, 1, 2, 1, 0, 1, 0, 2, 2, 1, 1, 0, 2, 2, 1, 1, 2, 1, 1, 2, 0, 1, 0, 2, 2, 1, 1, 1, 2, 2, 2, 2, 1, 0, 2, 1, 2, 1, 1, 2, 2, 2, 0, 2, 2, 1, 1, 1, 2, 1, 1, 0, 2, 1, 1, 1, 1, 1, 1, 2, 1, 1, 0, 2, 1, 2, 1, 2, 1, 1, 1, 1, 2, 1, 2, 2, 2, 1, 1, 1, 1, 2, 1, 1, 2, 0, 1, 0, 1, 2, 1, 1, 2, 2, 1, 2, 2, 0, 1]|[4, 2, 0, 3, 1, 2, 3, 2, 4, 2, 3, 0, 1, 1, 2, 2, 1, 1, 1, 2, 2, 2, 2, 0, 1, 3, 0, 1, 3, 2, 1, 0, 4, 0, 2, 1, 2, 0, 2, 1, 3, 4, 3, 1, 1, 4, 3, 1, 3, 1, 3, 2, 1, 1, 1, 0, 1, 2, 3, 2, 1, 1, 1, 2, 4, 3, 4, 2, 3, 3, 1, 2, 2, 1, 1, 0, 3, 3, 3, 3, 2, 2, 0, 1, 1, 0, 2, 1, 2, 1, 1, 2, 1, 0, 1, 1, 0, 3, 2, 1]|[0, 1, 2, 1, 1, 1, 2, 0, 0, 3, 1, 2, 0, 2, 2, 0, 0, 2, 0, 0, 3, 0, 1, 1, 0, 0, 0, 2, 0, 2, 1, 0, 1, 1, 0, 0, 2, 0, 2, 1, 3, 1, 2, 1, 2, 1, 0, 1, 2, 2, 1, 0, 1, 2, 0, 2, 0, 2, 2, 0, 2, 1, 0, 0, 0, 2, 1, 2, 1, 0, 0, 1, 0, 0, 1, 2, 2, 1, 1, 1, 2, 0, 3, 2, 2, 1, 0, 0, 0, 1, 2, 0, 2, 3, 1, 0, 3, 0, 0, 0],1044.884126726704;119657.537259908830;330028.987010100300,false,0
66,2,33776,G3_TWC,[63, 30, 89, 27, 96, 75, 26, 76, 58, 1, 12, 18, 78, 16, 80, 84, 49, 11, 85, 15, 83, 47, 0, 14, 64, 25, 66, 65, 81, 44, 29, 82, 13, 4, 86, 7, 54, 52, 56, 21, 32, 48, 38, 74, 39, 33, 60, 71, 69, 31, 90, 3, 34, 99, 43, 67, 35, 53, 20, 10, 87, 22, 91, 41, 19, 79, 57, 61, 70, 88, 45, 37, 51, 94, 2, 59, 55, 28, 62, 36, 92, 23, 42, 9, 73, 8, 6, 93, 5, 17, 24, 98, 77, 95, 46, 97, 50, 40, 72, 68]|[2, 0, 1, 2, 1, 0, 1, 0, 2, 2, 1, 1, 0, 2, 2, 0, 1, 2, 1, 1, 2, 0, 1, 0, 2, 2, 1, 1, 1, 2, 2, 2, 2, 1, 0, 2, 1, 2, 1, 1, 2, 2, 2, 0, 2, 2, 1, 1, 1, 2, 0, 1, 1, 2, 1, 1, 1, 1, 2, 1, 2, 1, 1, 0, 2, 1, 2, 1, 2, 1, 1, 1, 1, 2, 1, 2, 1, 2, 1, 1, 1, 1, 2, 1, 2, 2, 0, 1, 0, 1, 1, 1, 1, 2, 2, 2, 1, 1, 0, 2]|[4, 2, 0, 3, 1, 2, 3, 2, 4, 2, 3, 0, 1, 1, 2, 1, 1, 1, 1, 2, 2, 2, 2, 0, 1, 3, 0, 1, 3, 2, 1, 0, 4, 0, 2, 1, 2, 0, 2, 1, 3, 4, 3, 1, 1, 4, 3, 1, 3, 1, 2, 2, 2, 1, 1, 0, 1, 2, 4, 2, 1, 1, 2, 2, 1, 3, 4, 1, 3, 3, 1, 2, 2, 1, 1, 0, 3, 3, 3, 3, 2, 2, 0, 1, 1, 0, 2, 1, 2, 2, 1, 2, 1, 0, 1, 1, 1, 1, 2, 3]|[0, 1, 2, 1, 1, 1, 2, 0, 0, 3, 1, 2, 0, 2, 2, 0, 0, 2, 0, 0, 3, 0, 1, 1, 0, 0, 0, 2, 0, 2, 1, 0, 1, 1, 0, 0, 0, 0, 2, 1, 3, 1, 2, 1, 2, 1, 0, 1, 2, 2, 1, 0, 1, 2, 0, 2, 0, 2, 0, 0, 2, 1, 0, 0, 2, 2, 1, 2, 1, 0, 0, 1, 0, 0, 1, 2, 2, 1, 1, 1, 2, 0, 3, 2, 0, 1, 0, 0, 0, 0, 0, 0, 0, 3, 1, 2, 0, 0, 0, 0],1017.040138306931;120526.749213358820;332666.087915714700,false,0
67,2,33876,G1_CMAX,[63, 30, 89, 27, 96, 38, 26, 22, 58, 1, 12, 18, 78, 16, 80, 84, 49, 11, 85, 15, 83, 0, 14, 64, 25, 66, 65, 81, 44, 29, 82, 13, 4, 86, 7, 54, 52, 56, 21, 32, 48, 75, 74, 39, 33, 60, 71, 69, 31, 90, 35, 37, 99, 24, 67, 53, 43, 20, 10, 87, 76, 91, 41, 19, 79, 57, 61, 70, 88, 45, 34, 51, 47, 94, 2, 97, 55, 28, 62, 36, 92, 23, 42, 8, 50, 9, 6, 68, 93, 5, 72, 17, 73, 40, 46, 98, 3, 77, 95, 59]|[2, 0, 0, 0, 0, 2, 0, 0, 2, 2, 2, 1, 0, 0, 2, 1, 1, 2, 1, 0, 2, 0, 0, 0, 1, 1, 1, 1, 2, 2, 2, 2, 0, 0, 0, 1, 0, 1, 2, 2, 1, 2, 2, 0, 2, 1, 1, 1, 2, 0, 1, 1, 2, 1, 1, 2, 1, 0, 1, 2, 0, 1, 0, 2, 1, 0, 0, 1, 0, 2, 1, 0, 0, 2, 1, 2, 1, 1, 1, 2, 1, 2, 2, 0, 1, 0, 0, 1, 0, 1, 0, 0, 1, 2, 2, 1, 2, 2, 2, 2]|[4, 2, 0, 0, 2, 2, 1, 2, 4, 2, 2, 0, 1, 0, 4, 2, 1, 1, 1, 2, 2, 1, 0, 2, 1, 0, 1, 3, 2, 4, 0, 3, 0, 2, 2, 2, 2, 2, 0, 3, 0, 4, 2, 1, 4, 0, 1, 1, 0, 2, 2, 1, 1, 3, 0, 1, 1, 0, 1, 1, 2, 2, 2, 4, 3, 2, 0, 0, 1, 3, 1, 0, 1, 4, 1, 1, 0, 2, 0, 4, 2, 3, 0, 0, 1, 0, 1, 2, 2, 1, 0, 1, 1, 0, 1, 2, 2, 0, 0, 0]|[0, 0, 1, 0, 1, 3, 1, 0, 0, 3, 3, 2, 0, 0, 0, 0, 0, 2, 0, 0, 3, 1, 1, 0, 2, 0, 0, 0, 2, 1, 0, 3, 1, 0, 1, 2, 1, 2, 1, 3, 1, 3, 1, 1, 0, 1, 0, 1, 0, 1, 2, 1, 2, 0, 2, 2, 0, 0, 0, 2, 0, 0, 0, 0, 2, 0, 1, 1, 0, 1, 0, 1, 1, 1, 1, 2, 2, 0, 1, 2, 2, 1, 3, 0, 0, 1, 0, 0, 0, 0, 0, 1, 2, 3, 1, 0, 2, 1, 3, 2],797.540291221851;129008.676280931000;358250.977860813500,false,0
67,2,33876,G4_BALANCED,[63, 30, 89, 27, 96, 75, 26, 76, 58, 1, 12, 18, 78, 16, 80, 84, 49, 11, 85, 15, 83, 47, 0, 14, 64, 25, 66, 65, 81, 44, 29, 82, 87, 4, 86, 7, 54, 52, 56, 21, 32, 48, 38, 74, 33, 60, 71, 69, 90, 43, 37, 99, 24, 67, 53, 35, 20, 10, 13, 22, 91, 41, 19, 46, 93, 17, 77, 97, 98, 45, 68, 59, 6, 9, 39, 50, 8, 42, 23, 92, 36, 62, 28, 55, 31, 2, 94, 51, 34, 5, 88, 70, 61, 57, 79, 72, 3, 73, 95, 40]|[2, 0, 0, 2, 1, 2, 0, 0, 2, 0, 2, 1, 0, 0, 2, 1, 1, 2, 1, 0, 2, 0, 1, 0, 0, 1, 1, 1, 1, 2, 2, 2, 2, 0, 0, 0, 1, 0, 1, 0, 2, 1, 2, 2, 0, 0, 1, 1, 0, 0, 1, 2, 0, 1, 1, 1, 0, 1, 2, 2, 1, 0, 2, 2, 2, 0, 2, 2, 1, 2, 2, 2, 0, 0, 2, 2, 0, 2, 1, 1, 1, 1, 1, 1, 2, 1, 2, 1, 1, 2, 0, 1, 0, 0, 2, 0, 1, 1, 2, 2]|[4, 2, 0, 3, 1, 2, 1, 2, 4, 2, 4, 0, 1, 0, 0, 2, 1, 1, 1, 2, 2, 1, 2, 0, 2, 1, 0, 1, 3, 2, 4, 0, 1, 0, 2, 2, 2, 2, 2, 2, 3, 1, 3, 2, 0, 0, 1, 1, 2, 2, 1, 1, 2, 0, 1, 2, 0, 2, 3, 2, 2, 2, 4, 1, 4, 1, 0, 2, 2, 3, 0, 0, 1, 0, 1, 1, 0, 0, 2, 0, 3, 1, 2, 0, 0, 1, 4, 2, 1, 1, 1, 0, 0, 2, 1, 0, 2, 3, 0, 0]|[0, 1, 0, 1, 1, 0, 1, 0, 0, 1, 0, 2, 0, 0, 0, 0, 0, 2, 0, 0, 3, 1, 1, 1, 0, 2, 0, 0, 0, 2, 1, 0, 2, 1, 0, 1, 2, 1, 2, 1, 3, 0, 2, 1, 0, 0, 1, 1, 1, 1, 1, 2, 1, 2, 0, 2, 0, 0, 3, 3, 0, 0, 0, 1, 1, 1, 1, 2, 0, 1, 3, 2, 0, 1, 2, 0, 0, 3, 0, 1, 1, 1, 0, 2, 0, 1, 1, 0, 0, 2, 0, 1, 1, 0, 3, 0, 0, 2, 3, 3],814.795051628517;129179.190664025800;355061.540456871850,false,0
67,2,33876,G2_TEC,[63, 30, 89, 27, 96, 75, 26, 76, 58, 1, 12, 18, 78, 16, 80, 84, 49, 11, 85, 15, 83, 47, 0, 14, 64, 25, 66, 65, 81, 44, 29, 82, 13, 4, 86, 7, 54, 52, 56, 21, 32, 48, 38, 74, 39, 33, 60, 71, 69, 31, 90, 3, 34, 99, 43, 67, 35, 53, 20, 10, 87, 22, 91, 41, 19, 79, 57, 61, 70, 88, 45, 37, 51, 94, 2, 59, 55, 28, 62, 36, 92, 23, 42, 9, 73, 8, 6, 93, 5, 17, 24, 98, 77, 95, 46, 50, 97, 68, 72, 40]|[2, 0, 1, 2, 1, 0, 1, 0, 2, 2, 1, 1, 0, 2, 2, 1, 1, 2, 1, 1, 2, 0, 1, 0, 2, 2, 1, 1, 1, 2, 2, 2, 2, 1, 0, 2, 1, 2, 1, 1, 2, 2, 2, 0, 2, 2, 1, 1, 1, 2, 1, 1, 0, 2, 1, 1, 1, 1, 1, 1, 2, 1, 1, 0, 2, 1, 2, 1, 2, 1, 1, 1, 1, 2, 1, 2, 2, 2, 1, 1, 1, 1, 2, 1, 1, 2, 0, 1, 0, 1, 2, 1, 1, 2, 2, 1, 2, 2, 0, 1]|[4, 2, 0, 3, 1, 2, 3, 2, 4, 2, 3, 0, 1, 1, 2, 2, 1, 1, 1, 2, 2, 2, 2, 0, 1, 3, 0, 1, 3, 2, 1, 0, 4, 0, 2, 1, 2, 0, 2, 1, 3, 4, 3, 1, 1, 4, 3, 1, 3, 1, 3, 2, 1, 1, 1, 0, 1, 2, 3, 2, 1, 1, 1, 2, 4, 3, 4, 2, 3, 3, 1, 2, 2, 1, 1, 0, 3, 3, 3, 3, 2, 2, 0, 1, 1, 0, 2, 1, 2, 1, 1, 2, 1, 0, 1, 1, 0, 3, 2, 1]|[0, 1, 2, 1, 1, 1, 2, 0, 0, 3, 1, 2, 0, 2, 2, 0, 0, 2, 0, 0, 3, 0, 1, 1, 0, 0, 0, 2, 0, 2, 1, 0, 1, 1, 0, 0, 2, 0, 2, 1, 3, 1, 2, 1, 2, 1, 0, 1, 2, 2, 1, 0, 1, 2, 0, 2, 0, 2, 2, 0, 2, 1, 0, 0, 0, 2, 1, 2, 1, 0, 0, 1, 0, 0, 1, 2, 2, 1, 1, 1, 2, 0, 3, 2, 2, 1, 0, 0, 0, 1, 2, 0, 2, 3, 1, 0, 3, 0, 0, 0],1044.884126726704;119657.537259908830;330028.987010100300,false,0
67,2,33876,G3_TWC,[63, 30, 89, 27, 96, 75, 26, 76, 58, 1, 12, 18, 78, 16, 80, 84, 49, 11, 85, 15, 83, 47, 0, 14, 64, 25, 66, 65, 81, 44, 29, 82, 13, 4, 86, 7, 54, 52, 56, 21, 32, 48, 38, 74, 39, 33, 60, 71, 69, 31, 90, 3, 34, 99, 43, 67, 35, 53, 20, 10, 87, 22, 91, 41, 19, 79, 57, 61, 70, 88, 45, 37, 51, 94, 2, 59, 55, 28, 62, 36, 92, 23, 42, 9, 73, 8, 6, 93, 5, 17, 24, 98, 77, 95, 46, 97, 50, 40, 72, 68]|[2, 0, 1, 2, 1, 0, 1, 0, 2, 2, 1, 1, 0, 2, 2, 0, 1, 2, 1, 1, 2, 0, 1, 0, 2, 2, 1, 1, 1, 2, 2, 2, 2, 1, 0, 2, 1, 2, 1, 1, 2, 2, 2, 0, 2, 2, 1, 1, 1, 2, 0, 1, 1, 2, 1, 1, 1, 1, 2, 1, 2, 1, 1, 0, 2, 1, 2, 1, 2, 1, 1, 1, 1, 2, 1, 2, 1, 2, 1, 1, 1, 1, 2, 1, 2, 2, 0, 1, 0, 1, 1, 1, 1, 2, 2, 2, 1, 1, 0, 2]|[4, 2, 0, 3, 1, 2, 3, 2, 4, 2, 3, 0, 1, 1, 2, 1, 1, 1, 1, 2, 2, 2, 2, 0, 1, 3, 0, 1, 3, 2, 1, 0, 4, 0, 2, 1, 2, 0, 2, 1, 3, 4, 3, 1, 1, 4, 3, 1, 3, 1, 2, 2, 2, 1, 1, 0, 1, 2, 4, 2, 1, 1, 2, 2, 1, 3, 4, 1, 3, 3, 1, 2, 2, 1, 1, 0, 3, 3, 3, 3, 2, 2, 0, 1, 1, 0, 2, 1, 2, 2, 1, 2, 1, 0, 1, 1, 1, 1, 2, 3]|[0, 1, 2, 1, 1, 1, 2, 0, 0, 3, 1, 2, 0, 2, 2, 0, 0, 2, 0, 0, 3, 0, 1, 1, 0, 0, 0, 2, 0, 2, 1, 0, 1, 1, 0, 0, 0, 0, 2, 1, 3, 1, 2, 1, 2, 1, 0, 1, 2, 2, 1, 0, 1, 2, 0, 2, 0, 2, 0, 0, 2, 1, 0, 0, 2, 2, 1, 2, 1, 0, 0, 1, 0, 0, 1, 2, 2, 1, 1, 1, 2, 0, 3, 2, 0, 1, 0, 0, 0, 0, 0, 0, 0, 3, 1, 2, 0, 0, 0, 0],1017.040138306931;120526.749213358820;332666.087915714700,false,0
68,2,33976,G1_CMAX,[63, 30, 89, 27, 96, 38, 26, 22, 58, 1, 12, 18, 78, 16, 80, 84, 49, 11, 85, 15, 83, 0, 14, 64, 25, 66, 65, 81, 44, 29, 82, 13, 4, 86, 7, 54, 52, 56, 21, 32, 48, 75, 74, 39, 33, 60, 71, 69, 31, 90, 35, 37, 99, 24, 67, 53, 43, 20, 10, 87, 76, 91, 41, 19, 79, 57, 61, 70, 88, 45, 34, 51, 47, 94, 2, 97, 55, 28, 62, 36, 92, 23, 42, 8, 50, 9, 6, 68, 93, 5, 72, 17, 73, 40, 46, 98, 3, 77, 95, 59]|[2, 0, 0, 0, 0, 2, 0, 0, 2, 2, 2, 1, 0, 0, 2, 1, 1, 2, 1, 0, 2, 0, 0, 0, 1, 1, 1, 1, 2, 2, 2, 2, 0, 0, 0, 1, 0, 1, 2, 2, 1, 2, 2, 0, 2, 1, 1, 1, 2, 0, 1, 1, 2, 1, 1, 2, 1, 0, 1, 2, 0, 1, 0, 2, 1, 0, 0, 1, 0, 2, 1, 0, 0, 2, 1, 2, 1, 1, 1, 2, 1, 2, 2, 0, 1, 0, 0, 1, 0, 1, 0, 0, 1, 2, 2, 1, 2, 2, 2, 2]|[4, 2, 0, 0, 2, 2, 1, 2, 4, 2, 2, 0, 1, 0, 4, 2, 1, 1, 1, 2, 2, 1, 0, 2, 1, 0, 1, 3, 2, 4, 0, 3, 0, 2, 2, 2, 2, 2, 0, 3, 0, 4, 2, 1, 4, 0, 1, 1, 0, 2, 2, 1, 1, 3, 0, 1, 1, 0, 1, 1, 2, 2, 2, 4, 3, 2, 0, 0, 1, 3, 1, 0, 1, 4, 1, 1, 0, 2, 0, 4, 2, 3, 0, 0, 1, 0, 1, 2, 2, 1, 0, 1, 1, 0, 1, 2, 2, 0, 0, 0]|[0, 0, 1, 0, 1, 3, 1, 0, 0, 3, 3, 2, 0, 0, 0, 0, 0, 2, 0, 0, 3, 1, 1, 0, 2, 0, 0, 0, 2, 1, 0, 3, 1, 0, 1, 2, 1, 2, 1, 3, 1, 3, 1, 1, 0, 1, 0, 1, 0, 1, 2, 1, 2, 0, 2, 2, 0, 0, 0, 2, 0, 0, 0, 0, 2, 0, 1, 1, 0, 1, 0, 1, 1, 1, 1, 2, 2, 0, 1, 2, 2, 1, 3, 0, 0, 1, 0, 0, 0, 0, 0, 1, 2, 3, 1, 0, 2, 1, 3, 2],797.540291221851;129008.676280931000;358250.977860813500,false,0
68,2,33976,G4_BALANCED,[63, 30, 89, 27, 96, 38, 26, 22, 58, 1, 12, 18, 78, 16, 80, 84, 49, 11, 85, 15, 83, 0, 47, 64, 25, 66, 65, 81, 44, 29, 82, 13, 4, 86, 7, 54, 52, 56, 21, 60, 32, 48, 75, 74, 39, 33, 14, 71, 69, 31, 90, 3, 34, 99, 24, 67, 35, 53, 20, 10, 87, 76, 41, 19, 79, 57, 61, 36, 70, 88, 45, 37, 51, 94, 2, 59, 6, 28, 62, 91, 92, 23, 42, 9, 73, 8, 55, 93, 5, 98, 97, 17, 46, 43, 50, 40, 95, 77, 72, 68]|[2, 0, 0, 2, 1, 2, 0, 0, 2, 2, 2, 1, 0, 0, 2, 1, 1, 2, 1, 0, 2, 0, 0, 0, 1, 1, 1, 1, 2, 2, 2, 2, 0, 0, 1, 2, 0, 1, 2, 1, 2, 1, 0, 2, 0, 2, 0, 0, 0, 2, 0, 2, 1, 1, 1, 1, 1, 1, 2, 1, 2, 0, 0, 2, 1, 2, 0, 1, 1, 0, 2, 1, 1, 2, 1, 2, 1, 2, 1, 1, 1, 0, 2, 1, 1, 0, 0, 0, 0, 1, 2, 0, 2, 1, 1, 0, 2, 2, 0, 1]|[4, 2, 0, 2, 1, 4, 1, 2, 4, 2, 2, 0, 1, 0, 2, 1, 1, 1, 1, 1, 2, 2, 1, 2, 1, 0, 1, 3, 2, 1, 0, 3, 0, 2, 3, 1, 2, 2, 0, 0, 3, 0, 0, 2, 1, 4, 1, 1, 1, 1, 2, 2, 1, 2, 3, 0, 0, 2, 4, 2, 1, 2, 2, 4, 3, 4, 0, 1, 0, 1, 0, 1, 2, 4, 2, 0, 0, 1, 0, 2, 2, 2, 0, 1, 1, 0, 2, 2, 2, 2, 1, 1, 1, 1, 1, 0, 0, 0, 0, 2]|[0, 0, 1, 0, 1, 3, 1, 0, 0, 3, 3, 2, 0, 0, 2, 2, 0, 2, 0, 1, 3, 0, 1, 0, 1, 0, 2, 0, 2, 1, 0, 3, 1, 0, 0, 0, 1, 2, 1, 1, 3, 1, 1, 1, 1, 0, 1, 1, 0, 2, 1, 2, 1, 2, 0, 2, 0, 2, 0, 0, 2, 0, 0, 0, 2, 0, 1, 1, 1, 0, 0, 1, 0, 1, 0, 2, 2, 0, 1, 0, 2, 0, 3, 2, 2, 0, 0, 0, 0, 0, 2, 1, 1, 0, 0, 0, 3, 1, 0, 0],822.120550572115;127620.072322048300;354642.913238288950,false,0
68,2,33976,G2_TEC,[63, 30, 89, 27, 96, 75, 26, 76, 58, 1, 12, 18, 78, 16, 80, 84, 49, 11, 85, 15, 83, 47, 0, 14, 64, 25, 66, 65, 81, 44, 29, 82, 13, 4, 86, 7, 54, 52, 56, 21, 32, 48, 38, 74, 39, 33, 60, 71, 69, 31, 90, 3, 34, 99, 43, 67, 35, 53, 20, 10, 87, 22, 91, 41, 19, 79, 57, 61, 70, 88, 45, 37, 51, 94, 2, 59, 55, 28, 62, 36, 92, 23, 42, 9, 73, 8, 6, 93, 5, 17, 24, 98, 77, 95, 46, 50, 97, 68, 72, 40]|[2, 0, 1, 2, 1, 0, 1, 0, 2, 2, 1, 1, 0, 2, 2, 1, 1, 2, 1, 1, 2, 0, 1, 0, 2, 2, 1, 1, 1, 2, 2, 2, 2, 1, 0, 2, 1, 2, 1, 1, 2, 2, 2, 0, 2, 2, 1, 1, 1, 2, 1, 1, 0, 2, 1, 1, 1, 1, 1, 1, 2, 1, 1, 0, 2, 1, 2, 1, 2, 1, 1, 1, 1, 2, 1, 2, 2, 2, 1, 1, 1, 1, 2, 1, 1, 2, 0, 1, 0, 1, 2, 1, 1, 2, 2, 1, 2, 2, 0, 1]|[4, 2, 0, 3, 1, 2, 3, 2, 4, 2, 3, 0, 1, 1, 2, 2, 1, 1, 1, 2, 2, 2, 2, 0, 1, 3, 0, 1, 3, 2, 1, 0, 4, 0, 2, 1, 2, 0, 2, 1, 3, 4, 3, 1, 1, 4, 3, 1, 3, 1, 3, 2, 1, 1, 1, 0, 1, 2, 3, 2, 1, 1, 1, 2, 4, 3, 4, 2, 3, 3, 1, 2, 2, 1, 1, 0, 3, 3, 3, 3, 2, 2, 0, 1, 1, 0, 2, 1, 2, 1, 1, 2, 1, 0, 1, 1, 0, 3, 2, 1]|[0, 1, 2, 1, 1, 1, 2, 0, 0, 3, 1, 2, 0, 2, 2, 0, 0, 2, 0, 0, 3, 0, 1, 1, 0, 0, 0, 2, 0, 2, 1, 0, 1, 1, 0, 0, 2, 0, 2, 1, 3, 1, 2, 1, 2, 1, 0, 1, 2, 2, 1, 0, 1, 2, 0, 2, 0, 2, 2, 0, 2, 1, 0, 0, 0, 2, 1, 2, 1, 0, 0, 1, 0, 0, 1, 2, 2, 1, 1, 1, 2, 0, 3, 2, 2, 1, 0, 0, 0, 1, 2, 0, 2, 3, 1, 0, 3, 0, 0, 0],1044.884126726704;119657.537259908830;330028.987010100300,false,0
68,2,33976,G3_TWC,[63, 30, 89, 27, 96, 75, 26, 76, 58, 1, 12, 18, 78, 16, 80, 84, 49, 11, 85, 15, 83, 47, 0, 14, 64, 25, 66, 65, 81, 44, 29, 82, 13, 4, 86, 7, 54, 52, 56, 21, 32, 48, 38, 74, 39, 33, 60, 71, 69, 31, 90, 3, 34, 99, 43, 67, 35, 53, 20, 10, 87, 22, 91, 41, 19, 79, 57, 61, 70, 88, 45, 37, 51, 94, 2, 59, 55, 28, 62, 36, 92, 23, 42, 9, 73, 8, 6, 93, 5, 17, 24, 98, 77, 95, 46, 97, 50, 40, 72, 68]|[2, 0, 1, 2, 1, 0, 1, 0, 2, 2, 1, 1, 0, 2, 2, 0, 1, 2, 1, 1, 2, 0, 1, 0, 2, 2, 1, 1, 1, 2, 2, 2, 2, 1, 0, 2, 1, 2, 1, 1, 2, 2, 2, 0, 2, 2, 1, 1, 1, 2, 0, 1, 1, 2, 1, 1, 1, 1, 2, 1, 2, 1, 1, 0, 2, 1, 2, 1, 2, 1, 1, 1, 1, 2, 1, 2, 1, 2, 1, 1, 1, 1, 2, 1, 2, 2, 0, 1, 0, 1, 1, 1, 1, 2, 2, 2, 1, 1, 0, 2]|[4, 2, 0, 3, 1, 2, 3, 2, 4, 2, 3, 0, 1, 1, 2, 1, 1, 1, 1, 2, 2, 2, 2, 0, 1, 3, 0, 1, 3, 2, 1, 0, 4, 0, 2, 1, 2, 0, 2, 1, 3, 4, 3, 1, 1, 4, 3, 1, 3, 1, 2, 2, 2, 1, 1, 0, 1, 2, 4, 2, 1, 1, 2, 2, 1, 3, 4, 1, 3, 3, 1, 2, 2, 1, 1, 0, 3, 3, 3, 3, 2, 2, 0, 1, 1, 0, 2, 1, 2, 2, 1, 2, 1, 0, 1, 1, 1, 1, 2, 3]|[0, 1, 2, 1, 1, 1, 2, 0, 0, 3, 1, 2, 0, 2, 2, 0, 0, 2, 0, 0, 3, 0, 1, 1, 0, 0, 0, 2, 0, 2, 1, 0, 1, 1, 0, 0, 0, 0, 2, 1, 3, 1, 2, 1, 2, 1, 0, 1, 2, 2, 1, 0, 1, 2, 0, 2, 0, 2, 0, 0, 2, 1, 0, 0, 2, 2, 1, 2, 1, 0, 0, 1, 0, 0, 1, 2, 2, 1, 1, 1, 2, 0, 3, 2, 0, 1, 0, 0, 0, 0, 0, 0, 0, 3, 1, 2, 0, 0, 0, 0],1017.040138306931;120526.749213358820;332666.087915714700,false,0
69,2,34076,G1_CMAX,[63, 30, 89, 27, 96, 38, 26, 22, 58, 1, 12, 18, 78, 16, 80, 84, 49, 11, 85, 15, 83, 0, 14, 64, 25, 66, 65, 81, 44, 29, 82, 13, 4, 86, 7, 54, 52, 56, 21, 32, 48, 75, 74, 39, 33, 60, 71, 69, 31, 90, 35, 37, 99, 24, 67, 53, 43, 20, 10, 87, 76, 91, 41, 19, 79, 57, 61, 70, 88, 45, 34, 51, 47, 94, 2, 97, 55, 28, 62, 36, 92, 23, 42, 8, 50, 9, 6, 68, 93, 5, 72, 17, 73, 40, 46, 98, 3, 77, 95, 59]|[2, 0, 0, 0, 0, 2, 0, 0, 2, 2, 2, 1, 0, 0, 2, 1, 1, 2, 1, 0, 2, 0, 0, 0, 1, 1, 1, 1, 2, 2, 2, 2, 0, 0, 0, 1, 0, 1, 2, 2, 1, 2, 2, 0, 2, 1, 1, 1, 2, 0, 1, 1, 2, 1, 1, 2, 1, 0, 1, 2, 0, 1, 0, 2, 1, 0, 0, 1, 0, 2, 1, 0, 0, 2, 1, 2, 1, 1, 1, 2, 1, 2, 2, 0, 1, 0, 0, 1, 0, 1, 0, 0, 1, 2, 2, 1, 2, 2, 2, 2]|[4, 2, 0, 0, 2, 2, 1, 2, 4, 2, 2, 0, 1, 0, 4, 2, 1, 1, 1, 2, 2, 1, 0, 2, 1, 0, 1, 3, 2, 4, 0, 3, 0, 2, 2, 2, 2, 2, 0, 3, 0, 4, 2, 1, 4, 0, 1, 1, 0, 2, 2, 1, 1, 3, 0, 1, 1, 0, 1, 1, 2, 2, 2, 4, 3, 2, 0, 0, 1, 3, 1, 0, 1, 4, 1, 1, 0, 2, 0, 4, 2, 3, 0, 0, 1, 0, 1, 2, 2, 1, 0, 1, 1, 0, 1, 2, 2, 0, 0, 0]|[0, 0, 1, 0, 1, 3, 1, 0, 0, 3, 3, 2, 0, 0, 0, 0, 0, 2, 0, 0, 3, 1, 1, 0, 2, 0, 0, 0, 2, 1, 0, 3, 1, 0, 1, 2, 1, 2, 1, 3, 1, 3, 1, 1, 0, 1, 0, 1, 0, 1, 2, 1, 2, 0, 2, 2, 0, 0, 0, 2, 0, 0, 0, 0, 2, 0, 1, 1, 0, 1, 0, 1, 1, 1, 1, 2, 2, 0, 1, 2, 2, 1, 3, 0, 0, 1, 0, 0, 0, 0, 0, 1, 2, 3, 1, 0, 2, 1, 3, 2],797.540291221851;129008.676280931000;358250.977860813500,false,0
69,2,34076,G4_BALANCED,[63, 30, 89, 27, 96, 38, 26, 22, 58, 1, 12, 18, 78, 16, 80, 84, 49, 11, 85, 15, 83, 0, 14, 64, 25, 66, 65, 81, 44, 29, 82, 13, 4, 86, 7, 47, 54, 52, 56, 21, 32, 48, 75, 74, 39, 33, 60, 71, 69, 31, 67, 3, 34, 99, 43, 90, 35, 53, 20, 10, 87, 91, 41, 51, 76, 79, 57, 61, 70, 88, 45, 37, 19, 94, 2, 59, 55, 28, 62, 36, 92, 23, 42, 9, 73, 8, 6, 93, 5, 17, 24, 98, 77, 95, 68, 46, 72, 50, 40, 97]|[2, 0, 1, 2, 0, 0, 0, 2, 2, 2, 2, 0, 0, 2, 2, 1, 2, 2, 1, 1, 2, 0, 0, 2, 2, 1, 1, 1, 1, 2, 2, 2, 2, 0, 0, 1, 1, 0, 1, 1, 2, 1, 0, 0, 0, 2, 2, 1, 0, 2, 1, 2, 1, 2, 1, 1, 1, 2, 0, 1, 2, 1, 0, 0, 0, 1, 0, 1, 2, 1, 2, 1, 2, 2, 1, 2, 2, 2, 2, 2, 1, 2, 2, 0, 1, 1, 0, 0, 1, 1, 1, 1, 1, 1, 2, 2, 0, 1, 1, 1]|[4, 2, 0, 3, 2, 1, 1, 4, 4, 2, 2, 1, 1, 1, 2, 2, 3, 1, 1, 2, 2, 2, 0, 1, 3, 0, 1, 3, 3, 2, 0, 4, 4, 2, 2, 2, 2, 2, 2, 1, 3, 0, 2, 1, 1, 4, 0, 1, 1, 0, 0, 2, 1, 1, 1, 0, 2, 1, 0, 1, 1, 2, 2, 0, 2, 3, 2, 2, 3, 3, 3, 1, 4, 4, 1, 0, 3, 3, 1, 4, 2, 3, 0, 0, 1, 2, 1, 2, 1, 2, 3, 1, 1, 1, 3, 1, 2, 1, 1, 1]|[0, 1, 2, 1, 1, 1, 1, 0, 0, 3, 3, 0, 0, 2, 2, 0, 1, 2, 0, 0, 3, 0, 1, 0, 0, 0, 0, 0, 0, 2, 0, 1, 1, 0, 0, 2, 0, 1, 2, 1, 3, 1, 1, 1, 1, 1, 1, 1, 0, 0, 2, 2, 0, 2, 0, 2, 2, 2, 0, 0, 2, 0, 0, 1, 0, 2, 0, 2, 1, 0, 1, 1, 0, 1, 1, 2, 2, 1, 2, 2, 2, 1, 3, 1, 2, 0, 0, 0, 0, 0, 0, 1, 2, 0, 0, 2, 0, 0, 0, 1],905.492262239721;125151.504124312950;365070.114390059600,false,0
69,2,34076,G2_TEC,[63, 30, 89, 27, 96, 75, 26, 76, 58, 1, 12, 18, 78, 16, 80, 84, 49, 11, 85, 15, 83, 47, 0, 14, 64, 25, 66, 65, 81, 44, 29, 82, 13, 4, 86, 7, 54, 52, 56, 21, 32, 48, 38, 74, 39, 33, 60, 71, 69, 31, 90, 3, 34, 99, 43, 67, 35, 53, 20, 10, 87, 22, 91, 41, 19, 79, 57, 61, 70, 88, 45, 37, 51, 94, 2, 59, 55, 28, 62, 36, 92, 23, 42, 9, 73, 8, 6, 93, 5, 17, 24, 98, 77, 95, 46, 50, 97, 68, 72, 40]|[2, 0, 1, 2, 1, 0, 1, 0, 2, 2, 1, 1, 0, 2, 2, 1, 1, 2, 1, 1, 2, 0, 1, 0, 2, 2, 1, 1, 1, 2, 2, 2, 2, 1, 0, 2, 1, 2, 1, 1, 2, 2, 2, 0, 2, 2, 1, 1, 1, 2, 1, 1, 0, 2, 1, 1, 1, 1, 1, 1, 2, 1, 1, 0, 2, 1, 2, 1, 2, 1, 1, 1, 1, 2, 1, 2, 2, 2, 1, 1, 1, 1, 2, 1, 1, 2, 0, 1, 0, 1, 2, 1, 1, 2, 2, 1, 2, 2, 0, 1]|[4, 2, 0, 3, 1, 2, 3, 2, 4, 2, 3, 0, 1, 1, 2, 2, 1, 1, 1, 2, 2, 2, 2, 0, 1, 3, 0, 1, 3, 2, 1, 0, 4, 0, 2, 1, 2, 0, 2, 1, 3, 4, 3, 1, 1, 4, 3, 1, 3, 1, 3, 2, 1, 1, 1, 0, 1, 2, 3, 2, 1, 1, 1, 2, 4, 3, 4, 2, 3, 3, 1, 2, 2, 1, 1, 0, 3, 3, 3, 3, 2, 2, 0, 1, 1, 0, 2, 1, 2, 1, 1, 2, 1, 0, 1, 1, 0, 3, 2, 1]|[0, 1, 2, 1, 1, 1, 2, 0, 0, 3, 1, 2, 0, 2, 2, 0, 0, 2, 0, 0, 3, 0, 1, 1, 0, 0, 0, 2, 0, 2, 1, 0, 1, 1, 0, 0, 2, 0, 2, 1, 3, 1, 2, 1, 2, 1, 0, 1, 2, 2, 1, 0, 1, 2, 0, 2, 0, 2, 2, 0, 2, 1, 0, 0, 0, 2, 1, 2, 1, 0, 0, 1, 0, 0, 1, 2, 2, 1, 1, 1, 2, 0, 3, 2, 2, 1, 0, 0, 0, 1, 2, 0, 2, 3, 1, 0, 3, 0, 0, 0],1044.884126726704;119657.537259908830;330028.987010100300,false,0
69,2,34076,G3_TWC,[63, 30, 89, 27, 96, 75, 26, 76, 58, 1, 12, 18, 78, 16, 80, 84, 49, 11, 85, 15, 83, 47, 0, 14, 64, 25, 66, 65, 81, 44, 29, 82, 13, 4, 86, 7, 54, 52, 56, 21, 32, 48, 38, 74, 39, 33, 60, 71, 69, 31, 90, 3, 34, 99, 43, 67, 35, 53, 20, 10, 87, 22, 91, 41, 19, 79, 57, 61, 70, 88, 45, 37, 51, 94, 2, 59, 55, 28, 62, 36, 92, 23, 42, 9, 73, 8, 6, 93, 5, 17, 24, 98, 77, 95, 46, 97, 50, 40, 72, 68]|[2, 0, 1, 2, 1, 0, 1, 0, 2, 2, 1, 1, 0, 2, 2, 0, 1, 2, 1, 1, 2, 0, 1, 0, 2, 2, 1, 1, 1, 2, 2, 2, 2, 1, 0, 2, 1, 2, 1, 1, 2, 2, 2, 0, 2, 2, 1, 1, 1, 2, 0, 1, 1, 2, 1, 1, 1, 1, 2, 1, 2, 1, 1, 0, 2, 1, 2, 1, 2, 1, 1, 1, 1, 2, 1, 2, 1, 2, 1, 1, 1, 1, 2, 1, 2, 2, 0, 1, 0, 1, 1, 1, 1, 2, 2, 2, 1, 1, 0, 2]|[4, 2, 0, 3, 1, 2, 3, 2, 4, 2, 3, 0, 1, 1, 2, 1, 1, 1, 1, 2, 2, 2, 2, 0, 1, 3, 0, 1, 3, 2, 1, 0, 4, 0, 2, 1, 2, 0, 2, 1, 3, 4, 3, 1, 1, 4, 3, 1, 3, 1, 2, 2, 2, 1, 1, 0, 1, 2, 4, 2, 1, 1, 2, 2, 1, 3, 4, 1, 3, 3, 1, 2, 2, 1, 1, 0, 3, 3, 3, 3, 2, 2, 0, 1, 1, 0, 2, 1, 2, 2, 1, 2, 1, 0, 1, 1, 1, 1, 2, 3]|[0, 1, 2, 1, 1, 1, 2, 0, 0, 3, 1, 2, 0, 2, 2, 0, 0, 2, 0, 0, 3, 0, 1, 1, 0, 0, 0, 2, 0, 2, 1, 0, 1, 1, 0, 0, 0, 0, 2, 1, 3, 1, 2, 1, 2, 1, 0, 1, 2, 2, 1, 0, 1, 2, 0, 2, 0, 2, 0, 0, 2, 1, 0, 0, 2, 2, 1, 2, 1, 0, 0, 1, 0, 0, 1, 2, 2, 1, 1, 1, 2, 0, 3, 2, 0, 1, 0, 0, 0, 0, 0, 0, 0, 3, 1, 2, 0, 0, 0, 0],1017.040138306931;120526.749213358820;332666.087915714700,false,0
70,2,34176,G1_CMAX,[63, 30, 89, 27, 96, 38, 26, 22, 58, 1, 12, 18, 78, 16, 80, 84, 49, 11, 85, 15, 83, 0, 14, 64, 25, 66, 65, 81, 44, 29, 82, 13, 4, 86, 7, 54, 52, 56, 21, 32, 48, 75, 74, 39, 33, 60, 71, 69, 31, 90, 35, 37, 99, 24, 67, 53, 43, 20, 10, 87, 76, 91, 41, 19, 79, 57, 61, 70, 88, 45, 34, 51, 47, 94, 2, 97, 55, 28, 62, 36, 92, 23, 42, 8, 50, 9, 6, 68, 93, 5, 72, 17, 73, 40, 46, 98, 3, 77, 95, 59]|[2, 0, 0, 0, 0, 2, 0, 0, 2, 2, 2, 1, 0, 0, 2, 1, 1, 2, 1, 0, 2, 0, 0, 0, 1, 1, 1, 1, 2, 2, 2, 2, 0, 0, 0, 1, 0, 1, 2, 2, 1, 2, 2, 0, 2, 1, 1, 1, 2, 0, 1, 1, 2, 1, 1, 2, 1, 0, 1, 2, 0, 1, 0, 2, 1, 0, 0, 1, 0, 2, 1, 0, 0, 2, 1, 2, 1, 1, 1, 2, 1, 2, 2, 0, 1, 0, 0, 1, 0, 1, 0, 0, 1, 2, 2, 1, 2, 2, 2, 2]|[4, 2, 0, 0, 2, 2, 1, 2, 4, 2, 2, 0, 1, 0, 4, 2, 1, 1, 1, 2, 2, 1, 0, 2, 1, 0, 1, 3, 2, 4, 0, 3, 0, 2, 2, 2, 2, 2, 0, 3, 0, 4, 2, 1, 4, 0, 1, 1, 0, 2, 2, 1, 1, 3, 0, 1, 1, 0, 1, 1, 2, 2, 2, 4, 3, 2, 0, 0, 1, 3, 1, 0, 1, 4, 1, 1, 0, 2, 0, 4, 2, 3, 0, 0, 1, 0, 1, 2, 2, 1, 0, 1, 1, 0, 1, 2, 2, 0, 0, 0]|[0, 0, 1, 0, 1, 3, 1, 0, 0, 3, 3, 2, 0, 0, 0, 0, 0, 2, 0, 0, 3, 1, 1, 0, 2, 0, 0, 0, 2, 1, 0, 3, 1, 0, 1, 2, 1, 2, 1, 3, 1, 3, 1, 1, 0, 1, 0, 1, 0, 1, 2, 1, 2, 0, 2, 2, 0, 0, 0, 2, 0, 0, 0, 0, 2, 0, 1, 1, 0, 1, 0, 1, 1, 1, 1, 2, 2, 0, 1, 2, 2, 1, 3, 0, 0, 1, 0, 0, 0, 0, 0, 1, 2, 3, 1, 0, 2, 1, 3, 2],797.540291221851;129008.676280931000;358250.977860813500,false,0
70,2,34176,G4_BALANCED,[63, 30, 89, 27, 96, 38, 26, 22, 58, 1, 12, 18, 78, 16, 80, 84, 49, 11, 85, 15, 83, 0, 14, 64, 25, 66, 65, 81, 44, 29, 82, 13, 4, 86, 7, 54, 52, 56, 21, 32, 48, 75, 74, 39, 33, 60, 71, 69, 31, 90, 35, 37, 99, 24, 67, 53, 43, 20, 10, 87, 76, 91, 41, 19, 79, 57, 61, 70, 94, 88, 45, 51, 50, 2, 59, 55, 28, 62, 36, 92, 23, 3, 68, 34, 9, 6, 8, 93, 5, 72, 17, 95, 47, 46, 97, 42, 98, 73, 40, 77]|[2, 0, 0, 0, 0, 0, 0, 2, 2, 2, 1, 1, 0, 2, 2, 1, 1, 2, 1, 0, 2, 1, 1, 0, 1, 1, 0, 1, 1, 2, 2, 2, 0, 0, 0, 1, 0, 1, 2, 2, 2, 2, 2, 2, 2, 2, 1, 0, 2, 0, 1, 1, 2, 1, 1, 2, 1, 0, 1, 2, 0, 1, 0, 2, 2, 0, 0, 2, 1, 0, 2, 1, 1, 1, 2, 1, 1, 1, 1, 1, 1, 1, 1, 1, 0, 0, 1, 2, 1, 0, 0, 2, 0, 2, 2, 2, 2, 2, 1, 2]|[4, 2, 0, 0, 2, 1, 1, 4, 4, 2, 3, 0, 1, 1, 4, 2, 1, 1, 1, 2, 2, 2, 2, 2, 1, 0, 0, 3, 1, 4, 0, 3, 0, 2, 2, 2, 2, 2, 0, 3, 4, 4, 2, 1, 4, 4, 1, 1, 0, 2, 2, 1, 1, 3, 0, 1, 1, 0, 1, 1, 2, 2, 2, 4, 4, 2, 0, 3, 1, 1, 3, 2, 1, 1, 0, 0, 2, 0, 3, 2, 2, 2, 2, 1, 0, 2, 3, 3, 1, 2, 1, 0, 1, 1, 1, 0, 4, 1, 1, 0]|[0, 0, 1, 0, 1, 1, 1, 0, 0, 3, 1, 2, 0, 2, 0, 0, 0, 2, 0, 0, 3, 1, 1, 0, 2, 0, 1, 0, 0, 1, 0, 3, 1, 0, 1, 2, 1, 2, 1, 3, 1, 3, 1, 2, 0, 1, 0, 0, 0, 1, 2, 1, 2, 0, 2, 2, 0, 0, 0, 2, 0, 0, 0, 0, 0, 0, 1, 1, 0, 0, 1, 0, 0, 1, 2, 2, 0, 1, 1, 2, 0, 1, 0, 0, 1, 0, 1, 0, 0, 0, 1, 3, 1, 1, 2, 3, 1, 0, 0, 1],866.287476968823;127258.411845114720;348997.819027679860,false,0
70,2,34176,G2_TEC,[63, 30, 89, 27, 96, 75, 26, 76, 58, 1, 12, 18, 78, 16, 80, 84, 49, 11, 85, 15, 83, 47, 0, 14, 64, 25, 66, 65, 81, 44, 29, 82, 13, 4, 86, 7, 54, 52, 56, 21, 32, 48, 38, 74, 39, 33, 60, 71, 69, 31, 90, 3, 34, 99, 43, 67, 35, 53, 20, 10, 87, 22, 91, 41, 19, 79, 57, 61, 70, 88, 45, 37, 51, 94, 2, 59, 55, 28, 62, 36, 92, 23, 42, 9, 73, 8, 6, 93, 5, 17, 24, 98, 77, 95, 46, 50, 97, 68, 72, 40]|[2, 0, 1, 2, 1, 0, 1, 0, 2, 2, 1, 1, 0, 2, 2, 1, 1, 2, 1, 1, 2, 0, 1, 0, 2, 2, 1, 1, 1, 2, 2, 2, 2, 1, 0, 2, 1, 2, 1, 1, 2, 2, 2, 0, 2, 2, 1, 1, 1, 2, 1, 1, 0, 2, 1, 1, 1, 1, 1, 1, 2, 1, 1, 0, 2, 1, 2, 1, 2, 1, 1, 1, 1, 2, 1, 2, 2, 2, 1, 1, 1, 1, 2, 1, 1, 2, 0, 1, 0, 1, 2, 1, 1, 2, 2, 1, 2, 2, 0, 1]|[4, 2, 0, 3, 1, 2, 3, 2, 4, 2, 3, 0, 1, 1, 2, 2, 1, 1, 1, 2, 2, 2, 2, 0, 1, 3, 0, 1, 3, 2, 1, 0, 4, 0, 2, 1, 2, 0, 2, 1, 3, 4, 3, 1, 1, 4, 3, 1, 3, 1, 3, 2, 1, 1, 1, 0, 1, 2, 3, 2, 1, 1, 1, 2, 4, 3, 4, 2, 3, 3, 1, 2, 2, 1, 1, 0, 3, 3, 3, 3, 2, 2, 0, 1, 1, 0, 2, 1, 2, 1, 1, 2, 1, 0, 1, 1, 0, 3, 2, 1]|[0, 1, 2, 1, 1, 1, 2, 0, 0, 3, 1, 2, 0, 2, 2, 0, 0, 2, 0, 0, 3, 0, 1, 1, 0, 0, 0, 2, 0, 2, 1, 0, 1, 1, 0, 0, 2, 0, 2, 1, 3, 1, 2, 1, 2, 1, 0, 1, 2, 2, 1, 0, 1, 2, 0, 2, 0, 2, 2, 0, 2, 1, 0, 0, 0, 2, 1, 2, 1, 0, 0, 1, 0, 0, 1, 2, 2, 1, 1, 1, 2, 0, 3, 2, 2, 1, 0, 0, 0, 1, 2, 0, 2, 3, 1, 0, 3, 0, 0, 0],1044.884126726704;119657.537259908830;330028.987010100300,false,0
70,2,34176,G3_TWC,[63, 30, 89, 27, 96, 75, 26, 76, 58, 1, 12, 18, 78, 16, 80, 84, 49, 11, 85, 15, 83, 47, 0, 14, 64, 25, 66, 65, 81, 44, 29, 82, 13, 4, 86, 7, 54, 52, 56, 21, 32, 48, 38, 74, 39, 33, 60, 71, 69, 31, 90, 3, 34, 99, 43, 67, 35, 53, 20, 10, 87, 22, 91, 41, 19, 79, 57, 61, 70, 88, 45, 37, 51, 94, 2, 59, 55, 28, 62, 36, 92, 23, 42, 9, 73, 8, 6, 93, 5, 17, 24, 98, 77, 95, 46, 97, 50, 40, 72, 68]|[2, 0, 1, 2, 1, 0, 1, 0, 2, 2, 1, 1, 0, 2, 2, 0, 1, 2, 1, 1, 2, 0, 1, 0, 2, 2, 1, 1, 1, 2, 2, 2, 2, 1, 0, 2, 1, 2, 1, 1, 2, 2, 2, 0, 2, 2, 1, 1, 1, 2, 0, 1, 1, 2, 1, 1, 1, 1, 2, 1, 2, 1, 1, 0, 2, 1, 2, 1, 2, 1, 1, 1, 1, 2, 1, 2, 1, 2, 1, 1, 1, 1, 2, 1, 2, 2, 0, 1, 0, 1, 1, 1, 1, 2, 2, 2, 1, 1, 0, 2]|[4, 2, 0, 3, 1, 2, 3, 2, 4, 2, 3, 0, 1, 1, 2, 1, 1, 1, 1, 2, 2, 2, 2, 0, 1, 3, 0, 1, 3, 2, 1, 0, 4, 0, 2, 1, 2, 0, 2, 1, 3, 4, 3, 1, 1, 4, 3, 1, 3, 1, 2, 2, 2, 1, 1, 0, 1, 2, 4, 2, 1, 1, 2, 2, 1, 3, 4, 1, 3, 3, 1, 2, 2, 1, 1, 0, 3, 3, 3, 3, 2, 2, 0, 1, 1, 0, 2, 1, 2, 2, 1, 2, 1, 0, 1, 1, 1, 1, 2, 3]|[0, 1, 2, 1, 1, 1, 2, 0, 0, 3, 1, 2, 0, 2, 2, 0, 0, 2, 0, 0, 3, 0, 1, 1, 0, 0, 0, 2, 0, 2, 1, 0, 1, 1, 0, 0, 0, 0, 2, 1, 3, 1, 2, 1, 2, 1, 0, 1, 2, 2, 1, 0, 1, 2, 0, 2, 0, 2, 0, 0, 2, 1, 0, 0, 2, 2, 1, 2, 1, 0, 0, 1, 0, 0, 1, 2, 2, 1, 1, 1, 2, 0, 3, 2, 0, 1, 0, 0, 0, 0, 0, 0, 0, 3, 1, 2, 0, 0, 0, 0],1017.040138306931;120526.749213358820;332666.087915714700,false,0
71,2,34276,G1_CMAX,[63, 30, 89, 27, 96, 38, 26, 22, 58, 1, 12, 18, 78, 16, 80, 84, 49, 11, 85, 15, 83, 0, 14, 64, 25, 66, 65, 81, 44, 29, 82, 13, 4, 86, 7, 54, 52, 56, 21, 32, 48, 75, 74, 39, 33, 60, 71, 69, 31, 90, 35, 37, 99, 24, 67, 53, 43, 20, 10, 87, 76, 91, 41, 19, 79, 57, 61, 70, 88, 45, 34, 51, 47, 94, 2, 97, 55, 28, 62, 36, 92, 23, 42, 8, 50, 9, 6, 68, 93, 5, 72, 17, 73, 40, 46, 98, 3, 77, 95, 59]|[2, 0, 0, 0, 0, 2, 0, 0, 2, 2, 2, 1, 0, 0, 2, 1, 1, 2, 1, 0, 2, 0, 0, 0, 1, 1, 1, 1, 2, 2, 2, 2, 0, 0, 0, 1, 0, 1, 2, 2, 1, 2, 2, 0, 2, 1, 1, 1, 2, 0, 1, 1, 2, 1, 1, 2, 1, 0, 1, 2, 0, 1, 0, 2, 1, 0, 0, 1, 0, 2, 1, 0, 0, 2, 1, 2, 1, 1, 1, 2, 1, 2, 2, 0, 1, 0, 0, 1, 0, 1, 0, 0, 1, 2, 2, 1, 2, 2, 2, 2]|[4, 2, 0, 0, 2, 2, 1, 2, 4, 2, 2, 0, 1, 0, 4, 2, 1, 1, 1, 2, 2, 1, 0, 2, 1, 0, 1, 3, 2, 4, 0, 3, 0, 2, 2, 2, 2, 2, 0, 3, 0, 4, 2, 1, 4, 0, 1, 1, 0, 2, 2, 1, 1, 3, 0, 1, 1, 0, 1, 1, 2, 2, 2, 4, 3, 2, 0, 0, 1, 3, 1, 0, 1, 4, 1, 1, 0, 2, 0, 4, 2, 3, 0, 0, 1, 0, 1, 2, 2, 1, 0, 1, 1, 0, 1, 2, 2, 0, 0, 0]|[0, 0, 1, 0, 1, 3, 1, 0, 0, 3, 3, 2, 0, 0, 0, 0, 0, 2, 0, 0, 3, 1, 1, 0, 2, 0, 0, 0, 2, 1, 0, 3, 1, 0, 1, 2, 1, 2, 1, 3, 1, 3, 1, 1, 0, 1, 0, 1, 0, 1, 2, 1, 2, 0, 2, 2, 0, 0, 0, 2, 0, 0, 0, 0, 2, 0, 1, 1, 0, 1, 0, 1, 1, 1, 1, 2, 2, 0, 1, 2, 2, 1, 3, 0, 0, 1, 0, 0, 0, 0, 0, 1, 2, 3, 1, 0, 2, 1, 3, 2],797.540291221851;129008.676280931000;358250.977860813500,false,0
71,2,34276,G4_BALANCED,[63, 30, 89, 27, 96, 38, 26, 22, 58, 1, 12, 18, 78, 16, 80, 84, 49, 11, 85, 15, 83, 0, 14, 47, 64, 25, 66, 65, 81, 44, 29, 82, 13, 4, 86, 7, 54, 52, 56, 21, 32, 48, 75, 74, 39, 33, 60, 71, 69, 31, 90, 3, 34, 99, 43, 67, 35, 53, 20, 10, 87, 76, 91, 41, 19, 79, 57, 61, 70, 88, 45, 37, 51, 94, 2, 59, 55, 28, 62, 36, 92, 23, 42, 9, 73, 8, 6, 93, 97, 17, 24, 98, 77, 95, 46, 72, 5, 68, 50, 40]|[2, 0, 1, 2, 1, 0, 1, 0, 2, 2, 1, 0, 0, 2, 2, 1, 1, 2, 1, 1, 2, 0, 1, 0, 2, 2, 1, 1, 1, 2, 2, 2, 2, 1, 0, 2, 1, 2, 1, 1, 2, 2, 2, 0, 2, 2, 1, 1, 1, 2, 1, 1, 0, 2, 1, 1, 1, 1, 2, 1, 2, 1, 1, 0, 2, 1, 2, 1, 2, 1, 1, 1, 1, 2, 1, 2, 2, 2, 1, 2, 1, 2, 2, 1, 1, 1, 0, 0, 0, 1, 1, 1, 1, 2, 2, 0, 1, 2, 1, 1]|[4, 2, 0, 3, 1, 2, 3, 2, 4, 2, 3, 1, 1, 1, 2, 2, 1, 4, 1, 2, 2, 2, 2, 0, 1, 3, 0, 1, 3, 2, 1, 0, 4, 0, 2, 1, 2, 0, 2, 1, 3, 4, 3, 1, 1, 4, 3, 1, 3, 1, 3, 2, 1, 1, 1, 0, 1, 2, 4, 2, 1, 2, 2, 2, 4, 3, 4, 1, 3, 3, 1, 2, 2, 1, 1, 0, 3, 3, 3, 4, 2, 3, 0, 1, 1, 2, 2, 2, 2, 2, 3, 1, 1, 1, 1, 2, 1, 3, 1, 1]|[0, 1, 2, 1, 1, 1, 2, 0, 0, 3, 1, 0, 0, 2, 2, 0, 0, 1, 0, 0, 3, 0, 1, 1, 0, 0, 0, 2, 0, 2, 1, 0, 1, 1, 0, 0, 0, 0, 2, 1, 3, 1, 2, 1, 2, 1, 0, 1, 2, 2, 1, 0, 1, 2, 0, 2, 0, 2, 0, 0, 2, 0, 0, 0, 0, 2, 1, 2, 1, 0, 0, 1, 0, 0, 1, 2, 2, 1, 1, 2, 2, 1, 3, 2, 2, 0, 0, 0, 0, 0, 0, 1, 2, 1, 2, 0, 0, 0, 0, 0],1000.443276692212;120938.932580280610;333026.667508043500,false,0
71,2,34276,G2_TEC,[63, 30, 89, 27, 96, 75, 26, 76, 58, 1, 12, 18, 78, 16, 80, 84, 49, 11, 85, 15, 83, 47, 0, 14, 64, 25, 66, 65, 31, 44, 29, 82, 13, 4, 86, 7, 54, 52, 56, 21, 32, 48, 38, 74, 39, 33, 60, 71, 69, 81, 90, 3, 34, 99, 43, 67, 35, 53, 20, 10, 87, 22, 91, 41, 19, 79, 57, 61, 70, 88, 45, 37, 51, 94, 2, 59, 55, 28, 62, 36, 92, 23, 42, 9, 73, 8, 6, 93, 5, 17, 24, 98, 77, 95, 50, 40, 97, 46, 72, 68]|[2, 0, 1, 2, 1, 0, 1, 0, 2, 2, 1, 1, 0, 2, 2, 1, 2, 2, 1, 1, 2, 0, 1, 0, 2, 2, 1, 1, 1, 2, 2, 2, 2, 1, 0, 2, 1, 2, 1, 1, 2, 2, 2, 0, 2, 2, 1, 1, 1, 1, 1, 1, 0, 2, 1, 1, 1, 1, 1, 1, 2, 1, 1, 0, 2, 1, 2, 1, 2, 1, 1, 1, 1, 2, 1, 2, 2, 2, 2, 1, 1, 1, 2, 1, 1, 2, 0, 1, 0, 1, 2, 1, 1, 2, 1, 1, 2, 2, 0, 2]|[4, 2, 0, 3, 1, 2, 3, 2, 4, 2, 3, 0, 1, 1, 2, 2, 3, 1, 1, 2, 2, 2, 2, 0, 1, 3, 0, 1, 3, 2, 1, 0, 4, 0, 2, 1, 2, 0, 2, 1, 3, 4, 3, 1, 1, 4, 3, 1, 3, 3, 1, 2, 1, 1, 1, 0, 1, 2, 3, 2, 1, 1, 1, 2, 4, 3, 4, 2, 3, 3, 1, 2, 2, 1, 1, 0, 3, 3, 1, 3, 2, 2, 0, 1, 1, 0, 2, 1, 2, 2, 1, 2, 1, 0, 1, 1, 0, 1, 2, 3]|[0, 1, 2, 1, 1, 1, 2, 0, 0, 3, 1, 2, 0, 2, 2, 0, 1, 2, 0, 0, 3, 0, 1, 1, 0, 0, 0, 2, 0, 2, 1, 0, 1, 1, 0, 0, 2, 0, 2, 1, 3, 1, 2, 1, 2, 1, 0, 1, 2, 0, 1, 0, 1, 2, 0, 2, 0, 2, 2, 0, 2, 1, 0, 0, 0, 2, 1, 2, 1, 0, 0, 1, 0, 0, 1, 2, 2, 1, 2, 1, 2, 0, 3, 2, 2, 1, 0, 0, 0, 0, 2, 0, 2, 3, 0, 2, 3, 1, 0, 0],1034.644836770965;119512.936186037030;328845.579125207270,false,0
71,2,34276,G3_TWC,[63, 30, 89, 27, 96, 75, 26, 76, 58, 1, 12, 18, 78, 16, 80, 84, 49, 11, 85, 15, 83, 47, 0, 14, 64, 25, 66, 65, 81, 44, 29, 82, 13, 4, 86, 7, 54, 52, 56, 21, 32, 48, 38, 74, 39, 33, 60, 71, 69, 31, 90, 3, 34, 99, 43, 67, 35, 53, 20, 10, 87, 22, 91, 41, 19, 79, 57, 61, 70, 88, 45, 37, 51, 94, 2, 59, 55, 28, 62, 36, 92, 23, 42, 9, 73, 8, 6, 93, 5, 17, 24, 98, 77, 95, 46, 97, 50, 40, 72, 68]|[2, 0, 1, 2, 1, 0, 1, 0, 2, 2, 1, 1, 0, 2, 2, 0, 1, 2, 1, 1, 2, 0, 1, 0, 2, 2, 1, 1, 1, 2, 2, 2, 2, 1, 0, 2, 1, 2, 1, 1, 2, 2, 2, 0, 2, 2, 1, 1, 1, 2, 0, 1, 1, 2, 1, 1, 1, 1, 2, 1, 2, 1, 1, 0, 2, 1, 2, 1, 2, 1, 1, 1, 1, 2, 1, 2, 1, 2, 1, 1, 1, 1, 2, 1, 2, 2, 0, 1, 0, 1, 1, 1, 1, 2, 2, 2, 1, 1, 0, 2]|[4, 2, 0, 3, 1, 2, 3, 2, 4, 2, 3, 0, 1, 1, 2, 1, 1, 1, 1, 2, 2, 2, 2, 0, 1, 3, 0, 1, 3, 2, 1, 0, 4, 0, 2, 1, 2, 0, 2, 1, 3, 4, 3, 1, 1, 4, 3, 1, 3, 1, 2, 2, 2, 1, 1, 0, 1, 2, 4, 2, 1, 1, 2, 2, 1, 3, 4, 1, 3, 3, 1, 2, 2, 1, 1, 0, 3, 3, 3, 3, 2, 2, 0, 1, 1, 0, 2, 1, 2, 2, 1, 2, 1, 0, 1, 1, 1, 1, 2, 3]|[0, 1, 2, 1, 1, 1, 2, 0, 0, 3, 1, 2, 0, 2, 2, 0, 0, 2, 0, 0, 3, 0, 1, 1, 0, 0, 0, 2, 0, 2, 1, 0, 1, 1, 0, 0, 0, 0, 2, 1, 3, 1, 2, 1, 2, 1, 0, 1, 2, 2, 1, 0, 1, 2, 0, 2, 0, 2, 0, 0, 2, 1, 0, 0, 2, 2, 1, 2, 1, 0, 0, 1, 0, 0, 1, 2, 2, 1, 1, 1, 2, 0, 3, 2, 0, 1, 0, 0, 0, 0, 0, 0, 0, 3, 1, 2, 0, 0, 0, 0],1017.040138306931;120526.749213358820;332666.087915714700,false,0
72,2,34376,G1_CMAX,[63, 30, 89, 27, 96, 38, 26, 22, 58, 1, 12, 18, 78, 16, 80, 84, 49, 11, 85, 15, 83, 0, 14, 64, 25, 66, 65, 81, 44, 29, 82, 13, 4, 86, 7, 54, 52, 56, 21, 32, 48, 75, 74, 39, 33, 60, 71, 69, 31, 90, 35, 37, 99, 24, 67, 53, 43, 20, 10, 87, 76, 91, 41, 19, 79, 57, 61, 70, 88, 45, 34, 51, 47, 94, 2, 97, 55, 28, 62, 36, 92, 23, 42, 8, 50, 9, 6, 68, 93, 5, 72, 17, 73, 40, 46, 98, 3, 77, 95, 59]|[2, 0, 0, 0, 0, 2, 0, 0, 2, 2, 2, 1, 0, 0, 2, 1, 1, 2, 1, 0, 2, 0, 0, 0, 1, 1, 1, 1, 2, 2, 2, 2, 0, 0, 0, 1, 0, 1, 2, 2, 1, 2, 2, 0, 2, 1, 1, 1, 2, 0, 1, 1, 2, 1, 1, 2, 1, 0, 1, 2, 0, 1, 0, 2, 1, 0, 0, 1, 0, 2, 1, 0, 0, 2, 1, 2, 1, 1, 1, 2, 1, 2, 2, 0, 1, 0, 0, 1, 0, 1, 0, 0, 1, 2, 2, 1, 2, 2, 2, 2]|[4, 2, 0, 0, 2, 2, 1, 2, 4, 2, 2, 0, 1, 0, 4, 2, 1, 1, 1, 2, 2, 1, 0, 2, 1, 0, 1, 3, 2, 4, 0, 3, 0, 2, 2, 2, 2, 2, 0, 3, 0, 4, 2, 1, 4, 0, 1, 1, 0, 2, 2, 1, 1, 3, 0, 1, 1, 0, 1, 1, 2, 2, 2, 4, 3, 2, 0, 0, 1, 3, 1, 0, 1, 4, 1, 1, 0, 2, 0, 4, 2, 3, 0, 0, 1, 0, 1, 2, 2, 1, 0, 1, 1, 0, 1, 2, 2, 0, 0, 0]|[0, 0, 1, 0, 1, 3, 1, 0, 0, 3, 3, 2, 0, 0, 0, 0, 0, 2, 0, 0, 3, 1, 1, 0, 2, 0, 0, 0, 2, 1, 0, 3, 1, 0, 1, 2, 1, 2, 1, 3, 1, 3, 1, 1, 0, 1, 0, 1, 0, 1, 2, 1, 2, 0, 2, 2, 0, 0, 0, 2, 0, 0, 0, 0, 2, 0, 1, 1, 0, 1, 0, 1, 1, 1, 1, 2, 2, 0, 1, 2, 2, 1, 3, 0, 0, 1, 0, 0, 0, 0, 0, 1, 2, 3, 1, 0, 2, 1, 3, 2],797.540291221851;129008.676280931000;358250.977860813500,false,0
72,2,34376,G4_BALANCED,[63, 30, 89, 27, 96, 75, 26, 76, 58, 1, 12, 18, 78, 16, 80, 84, 49, 11, 85, 15, 83, 47, 0, 14, 64, 25, 66, 65, 81, 44, 29, 82, 13, 4, 86, 7, 54, 52, 56, 21, 32, 48, 38, 74, 39, 33, 60, 71, 69, 31, 90, 3, 34, 99, 43, 67, 35, 53, 20, 10, 87, 22, 91, 41, 19, 79, 57, 61, 70, 88, 45, 37, 51, 9, 42, 23, 92, 62, 28, 55, 59, 2, 94, 73, 8, 6, 93, 5, 17, 24, 36, 98, 77, 46, 95, 97, 50, 40, 72, 68]|[2, 0, 1, 2, 1, 0, 1, 0, 2, 2, 1, 1, 0, 2, 2, 1, 1, 2, 1, 1, 2, 0, 1, 0, 2, 2, 1, 0, 1, 2, 2, 2, 2, 1, 0, 2, 1, 2, 1, 1, 2, 2, 2, 0, 2, 2, 1, 1, 0, 2, 1, 1, 1, 2, 1, 1, 1, 1, 2, 1, 2, 1, 1, 0, 2, 1, 2, 1, 0, 1, 0, 2, 1, 1, 2, 1, 1, 2, 2, 2, 2, 1, 2, 1, 1, 0, 1, 2, 1, 1, 1, 1, 1, 2, 2, 2, 1, 1, 0, 2]|[4, 2, 0, 3, 1, 2, 3, 2, 4, 2, 3, 0, 1, 1, 2, 2, 1, 4, 1, 2, 2, 2, 2, 0, 1, 3, 0, 0, 3, 2, 1, 0, 4, 0, 2, 1, 2, 0, 2, 1, 3, 4, 3, 1, 1, 4, 3, 1, 1, 1, 3, 2, 2, 1, 1, 0, 1, 2, 4, 2, 1, 1, 2, 2, 4, 3, 4, 1, 2, 1, 2, 0, 2, 1, 0, 2, 3, 1, 3, 3, 0, 1, 1, 1, 2, 2, 3, 3, 2, 3, 2, 1, 1, 1, 0, 1, 1, 1, 2, 3]|[0, 1, 0, 1, 1, 1, 2, 0, 0, 3, 1, 2, 0, 2, 2, 0, 0, 1, 0, 0, 3, 0, 1, 1, 0, 0, 0, 1, 0, 2, 1, 0, 1, 1, 0, 0, 0, 0, 2, 0, 3, 1, 2, 1, 2, 1, 0, 1, 0, 2, 1, 0, 1, 2, 0, 2, 0, 2, 0, 0, 2, 1, 0, 0, 0, 2, 1, 2, 0, 0, 0, 1, 0, 2, 3, 0, 2, 2, 1, 2, 2, 1, 0, 2, 1, 0, 0, 1, 0, 0, 2, 1, 2, 1, 3, 2, 0, 1, 0, 0],998.113156508182;121267.405665892640;331806.784706613630,false,0
72,2,34376,G2_TEC,[63, 30, 89, 27, 96, 75, 26, 76, 58, 1, 12, 18, 78, 16, 80, 84, 49, 11, 85, 15, 83, 47, 0, 14, 64, 25, 66, 65, 31, 44, 29, 82, 13, 4, 86, 7, 54, 52, 56, 21, 32, 48, 38, 74, 39, 33, 60, 71, 69, 81, 90, 3, 34, 99, 43, 67, 35, 53, 20, 10, 87, 22, 91, 41, 19, 79, 57, 61, 70, 88, 45, 37, 51, 94, 2, 59, 55, 28, 62, 36, 92, 23, 42, 9, 73, 8, 6, 93, 5, 17, 24, 98, 77, 95, 50, 40, 97, 46, 72, 68]|[2, 0, 1, 2, 1, 0, 1, 0, 2, 2, 1, 1, 0, 2, 2, 1, 2, 2, 1, 1, 2, 0, 1, 0, 2, 2, 1, 1, 1, 2, 2, 2, 2, 1, 0, 2, 1, 2, 1, 1, 2, 2, 2, 0, 2, 2, 1, 1, 1, 1, 1, 1, 0, 2, 1, 1, 1, 1, 1, 1, 2, 1, 1, 0, 2, 1, 2, 1, 2, 1, 1, 1, 1, 2, 1, 2, 2, 2, 2, 1, 1, 1, 2, 1, 1, 2, 0, 1, 0, 1, 2, 1, 1, 2, 1, 1, 2, 2, 0, 2]|[4, 2, 0, 3, 1, 2, 3, 2, 4, 2, 3, 0, 1, 1, 2, 2, 3, 1, 1, 2, 2, 2, 2, 0, 1, 3, 0, 1, 3, 2, 1, 0, 4, 0, 2, 1, 2, 0, 2, 1, 3, 4, 3, 1, 1, 4, 3, 1, 3, 3, 1, 2, 1, 1, 1, 0, 1, 2, 3, 2, 1, 1, 1, 2, 4, 3, 4, 2, 3, 3, 1, 2, 2, 1, 1, 0, 3, 3, 1, 3, 2, 2, 0, 1, 1, 0, 2, 1, 2, 2, 1, 2, 1, 0, 1, 1, 0, 1, 2, 3]|[0, 1, 2, 1, 1, 1, 2, 0, 0, 3, 1, 2, 0, 2, 2, 0, 1, 2, 0, 0, 3, 0, 1, 1, 0, 0, 0, 2, 0, 2, 1, 0, 1, 1, 0, 0, 2, 0, 2, 1, 3, 1, 2, 1, 2, 1, 0, 1, 2, 0, 1, 0, 1, 2, 0, 2, 0, 2, 2, 0, 2, 1, 0, 0, 0, 2, 1, 2, 1, 0, 0, 1, 0, 0, 1, 2, 2, 1, 2, 1, 2, 0, 3, 2, 2, 1, 0, 0, 0, 0, 2, 0, 2, 3, 0, 2, 3, 1, 0, 0],1034.644836770965;119512.936186037030;328845.579125207270,false,0
72,2,34376,G3_TWC,[63, 30, 89, 27, 96, 75, 26, 76, 58, 1, 12, 18, 78, 16, 80, 84, 49, 11, 85, 15, 83, 47, 0, 14, 64, 25, 66, 65, 81, 44, 29, 82, 13, 4, 86, 7, 54, 52, 56, 21, 32, 48, 38, 74, 39, 33, 60, 71, 69, 31, 90, 3, 34, 99, 43, 67, 35, 53, 20, 10, 87, 22, 91, 41, 19, 79, 57, 61, 70, 88, 45, 37, 51, 94, 2, 59, 55, 28, 62, 36, 92, 23, 42, 9, 73, 8, 6, 93, 5, 17, 24, 98, 77, 95, 46, 97, 50, 40, 72, 68]|[2, 0, 1, 2, 1, 0, 1, 0, 2, 2, 1, 1, 0, 2, 2, 0, 1, 2, 1, 1, 2, 0, 1, 0, 2, 2, 1, 1, 1, 2, 2, 2, 2, 1, 0, 2, 1, 2, 1, 1, 2, 2, 2, 0, 2, 2, 1, 1, 1, 2, 0, 1, 1, 2, 1, 1, 1, 1, 2, 1, 2, 1, 1, 0, 2, 1, 2, 1, 2, 1, 1, 1, 1, 2, 1, 2, 1, 2, 1, 1, 1, 1, 2, 1, 2, 2, 0, 1, 0, 1, 1, 1, 1, 2, 2, 2, 1, 1, 0, 2]|[4, 2, 0, 3, 1, 2, 3, 2, 4, 2, 3, 0, 1, 1, 2, 1, 1, 1, 1, 2, 2, 2, 2, 0, 1, 3, 0, 1, 3, 2, 1, 0, 4, 0, 2, 1, 2, 0, 2, 1, 3, 4, 3, 1, 1, 4, 3, 1, 3, 1, 2, 2, 2, 1, 1, 0, 1, 2, 4, 2, 1, 1, 2, 2, 1, 3, 4, 1, 3, 3, 1, 2, 2, 1, 1, 0, 3, 3, 3, 3, 2, 2, 0, 1, 1, 0, 2, 1, 2, 2, 1, 2, 1, 0, 1, 1, 1, 1, 2, 3]|[0, 1, 2, 1, 1, 1, 2, 0, 0, 3, 1, 2, 0, 2, 2, 0, 0, 2, 0, 0, 3, 0, 1, 1, 0, 0, 0, 2, 0, 2, 1, 0, 1, 1, 0, 0, 0, 0, 2, 1, 3, 1, 2, 1, 2, 1, 0, 1, 2, 2, 1, 0, 1, 2, 0, 2, 0, 2, 0, 0, 2, 1, 0, 0, 2, 2, 1, 2, 1, 0, 0, 1, 0, 0, 1, 2, 2, 1, 1, 1, 2, 0, 3, 2, 0, 1, 0, 0, 0, 0, 0, 0, 0, 3, 1, 2, 0, 0, 0, 0],1017.040138306931;120526.749213358820;332666.087915714700,false,0
73,2,34476,G1_CMAX,[63, 30, 89, 27, 96, 38, 26, 22, 58, 1, 12, 18, 78, 16, 80, 84, 49, 11, 85, 15, 83, 0, 14, 64, 25, 66, 65, 81, 44, 29, 82, 13, 4, 86, 7, 54, 52, 56, 21, 32, 48, 75, 74, 39, 33, 60, 71, 69, 31, 90, 35, 37, 99, 24, 67, 53, 43, 20, 10, 87, 76, 91, 41, 19, 79, 57, 61, 70, 88, 45, 34, 51, 47, 94, 2, 97, 55, 28, 62, 36, 92, 23, 42, 8, 50, 9, 6, 68, 93, 5, 72, 17, 73, 40, 46, 98, 3, 77, 95, 59]|[2, 0, 0, 0, 0, 2, 0, 0, 2, 2, 2, 1, 0, 0, 2, 1, 1, 2, 1, 0, 2, 0, 0, 0, 1, 1, 1, 1, 2, 2, 2, 2, 0, 0, 0, 1, 0, 1, 2, 2, 1, 2, 2, 0, 2, 1, 1, 1, 2, 0, 1, 1, 2, 1, 1, 2, 1, 0, 1, 2, 0, 1, 0, 2, 1, 0, 0, 1, 0, 2, 1, 0, 0, 2, 1, 2, 1, 1, 1, 2, 1, 2, 2, 0, 1, 0, 0, 1, 0, 1, 0, 0, 1, 2, 2, 1, 2, 2, 2, 2]|[4, 2, 0, 0, 2, 2, 1, 2, 4, 2, 2, 0, 1, 0, 4, 2, 1, 1, 1, 2, 2, 1, 0, 2, 1, 0, 1, 3, 2, 4, 0, 3, 0, 2, 2, 2, 2, 2, 0, 3, 0, 4, 2, 1, 4, 0, 1, 1, 0, 2, 2, 1, 1, 3, 0, 1, 1, 0, 1, 1, 2, 2, 2, 4, 3, 2, 0, 0, 1, 3, 1, 0, 1, 4, 1, 1, 0, 2, 0, 4, 2, 3, 0, 0, 1, 0, 1, 2, 2, 1, 0, 1, 1, 0, 1, 2, 2, 0, 0, 0]|[0, 0, 1, 0, 1, 3, 1, 0, 0, 3, 3, 2, 0, 0, 0, 0, 0, 2, 0, 0, 3, 1, 1, 0, 2, 0, 0, 0, 2, 1, 0, 3, 1, 0, 1, 2, 1, 2, 1, 3, 1, 3, 1, 1, 0, 1, 0, 1, 0, 1, 2, 1, 2, 0, 2, 2, 0, 0, 0, 2, 0, 0, 0, 0, 2, 0, 1, 1, 0, 1, 0, 1, 1, 1, 1, 2, 2, 0, 1, 2, 2, 1, 3, 0, 0, 1, 0, 0, 0, 0, 0, 1, 2, 3, 1, 0, 2, 1, 3, 2],797.540291221851;129008.676280931000;358250.977860813500,false,0
73,2,34476,G4_BALANCED,[63, 30, 89, 27, 96, 75, 26, 76, 58, 1, 12, 18, 78, 16, 80, 84, 49, 11, 85, 15, 83, 47, 0, 14, 64, 25, 66, 65, 81, 44, 29, 82, 13, 4, 86, 7, 54, 52, 56, 21, 32, 48, 38, 74, 39, 33, 60, 71, 69, 31, 90, 3, 34, 99, 43, 67, 35, 53, 20, 10, 87, 22, 91, 41, 19, 79, 57, 61, 70, 88, 45, 37, 51, 94, 2, 59, 55, 28, 62, 36, 92, 23, 42, 9, 73, 8, 6, 93, 5, 17, 24, 98, 77, 46, 95, 72, 97, 68, 50, 40]|[2, 0, 1, 2, 1, 0, 1, 0, 2, 2, 1, 1, 0, 2, 2, 1, 1, 2, 1, 1, 2, 0, 1, 0, 2, 2, 1, 1, 1, 2, 2, 2, 2, 1, 0, 2, 1, 2, 1, 1, 2, 2, 2, 0, 2, 2, 1, 1, 1, 2, 1, 1, 1, 2, 1, 1, 1, 1, 2, 1, 2, 1, 1, 0, 2, 1, 2, 1, 2, 1, 1, 1, 1, 2, 1, 2, 1, 2, 1, 1, 1, 1, 2, 1, 1, 2, 0, 1, 0, 1, 2, 1, 1, 2, 2, 0, 2, 2, 1, 1]|[4, 2, 0, 3, 1, 2, 3, 2, 4, 2, 3, 0, 1, 1, 2, 2, 1, 1, 1, 2, 2, 2, 2, 0, 1, 3, 0, 1, 3, 2, 1, 0, 4, 0, 2, 1, 2, 0, 2, 1, 3, 4, 3, 1, 1, 4, 3, 1, 3, 1, 3, 2, 2, 1, 1, 0, 1, 2, 4, 2, 1, 1, 2, 2, 1, 3, 4, 2, 3, 3, 1, 2, 2, 1, 1, 0, 3, 3, 3, 3, 2, 2, 0, 1, 1, 0, 2, 1, 2, 1, 1, 1, 1, 1, 0, 2, 1, 3, 1, 1]|[0, 1, 2, 1, 1, 1, 2, 0, 0, 3, 1, 2, 0, 2, 2, 0, 0, 2, 0, 0, 3, 0, 1, 1, 0, 0, 0, 2, 0, 2, 1, 0, 1, 1, 0, 0, 2, 0, 2, 1, 3, 1, 2, 1, 2, 1, 0, 1, 2, 2, 1, 0, 1, 2, 0, 2, 0, 2, 0, 0, 2, 1, 0, 0, 2, 2, 1, 2, 1, 0, 0, 1, 0, 0, 1, 2, 2, 1, 1, 1, 2, 0, 3, 2, 2, 1, 0, 0, 0, 1, 2, 0, 0, 1, 3, 0, 2, 0, 0, 0],1073.006498746403;119164.727784685850;328114.103449437240,false,0
73,2,34476,G2_TEC,[63, 30, 89, 27, 96, 75, 26, 76, 58, 1, 12, 18, 78, 16, 80, 84, 49, 11, 85, 15, 83, 47, 0, 14, 64, 25, 66, 65, 31, 44, 29, 82, 13, 4, 86, 7, 54, 52, 56, 21, 32, 48, 38, 74, 39, 33, 60, 71, 69, 81, 90, 3, 34, 99, 43, 67, 35, 53, 20, 10, 87, 22, 91, 41, 19, 79, 57, 61, 70, 88, 45, 37, 51, 94, 2, 59, 55, 28, 62, 36, 92, 23, 42, 9, 73, 8, 6, 93, 5, 17, 24, 98, 77, 95, 50, 40, 97, 46, 72, 68]|[2, 0, 1, 2, 1, 0, 1, 0, 2, 2, 1, 1, 0, 2, 2, 1, 2, 2, 1, 1, 2, 0, 1, 0, 2, 2, 1, 1, 1, 2, 2, 2, 2, 1, 0, 2, 1, 2, 1, 1, 2, 2, 2, 0, 2, 2, 1, 1, 1, 1, 1, 1, 0, 2, 1, 1, 1, 1, 1, 1, 2, 1, 1, 0, 2, 1, 2, 1, 2, 1, 1, 1, 1, 2, 1, 2, 2, 2, 2, 1, 1, 1, 2, 1, 1, 2, 0, 1, 0, 1, 2, 1, 1, 2, 1, 1, 2, 2, 0, 2]|[4, 2, 0, 3, 1, 2, 3, 2, 4, 2, 3, 0, 1, 1, 2, 2, 3, 1, 1, 2, 2, 2, 2, 0, 1, 3, 0, 1, 3, 2, 1, 0, 4, 0, 2, 1, 2, 0, 2, 1, 3, 4, 3, 1, 1, 4, 3, 1, 3, 3, 1, 2, 1, 1, 1, 0, 1, 2, 3, 2, 1, 1, 1, 2, 4, 3, 4, 2, 3, 3, 1, 2, 2, 1, 1, 0, 3, 3, 1, 3, 2, 2, 0, 1, 1, 0, 2, 1, 2, 2, 1, 2, 1, 0, 1, 1, 0, 1, 2, 3]|[0, 1, 2, 1, 1, 1, 2, 0, 0, 3, 1, 2, 0, 2, 2, 0, 1, 2, 0, 0, 3, 0, 1, 1, 0, 0, 0, 2, 0, 2, 1, 0, 1, 1, 0, 0, 2, 0, 2, 1, 3, 1, 2, 1, 2, 1, 0, 1, 2, 0, 1, 0, 1, 2, 0, 2, 0, 2, 2, 0, 2, 1, 0, 0, 0, 2, 1, 2, 1, 0, 0, 1, 0, 0, 1, 2, 2, 1, 2, 1, 2, 0, 3, 2, 2, 1, 0, 0, 0, 0, 2, 0, 2, 3, 0, 2, 3, 1, 0, 0],1034.644836770965;119512.936186037030;328845.579125207270,false,0
73,2,34476,G3_TWC,[63, 30, 89, 27, 96, 75, 26, 76, 58, 1, 12, 18, 78, 16, 80, 84, 49, 11, 85, 15, 83, 47, 0, 14, 64, 25, 66, 65, 81, 44, 29, 82, 13, 4, 86, 7, 54, 52, 56, 21, 32, 48, 38, 74, 39, 33, 60, 71, 69, 31, 90, 3, 34, 99, 43, 67, 35, 53, 20, 10, 87, 22, 91, 41, 19, 79, 57, 61, 70, 88, 45, 37, 51, 94, 2, 59, 55, 28, 62, 36, 92, 23, 42, 9, 73, 8, 6, 93, 5, 17, 24, 98, 77, 95, 46, 97, 50, 40, 72, 68]|[2, 0, 1, 2, 1, 0, 1, 0, 2, 2, 1, 1, 0, 2, 2, 0, 1, 2, 1, 1, 2, 0, 1, 0, 2, 2, 1, 1, 1, 2, 2, 2, 2, 1, 0, 2, 1, 2, 1, 1, 2, 2, 2, 0, 2, 2, 1, 1, 1, 2, 0, 1, 1, 2, 1, 1, 1, 1, 2, 1, 2, 1, 1, 0, 2, 1, 2, 1, 2, 1, 1, 1, 1, 2, 1, 2, 1, 2, 1, 1, 1, 1, 2, 1, 2, 2, 0, 1, 0, 1, 1, 1, 1, 2, 2, 2, 1, 1, 0, 2]|[4, 2, 0, 3, 1, 2, 3, 2, 4, 2, 3, 0, 1, 1, 2, 1, 1, 1, 1, 2, 2, 2, 2, 0, 1, 3, 0, 1, 3, 2, 1, 0, 4, 0, 2, 1, 2, 0, 2, 1, 3, 4, 3, 1, 1, 4, 3, 1, 3, 1, 2, 2, 2, 1, 1, 0, 1, 2, 4, 2, 1, 1, 2, 2, 1, 3, 4, 1, 3, 3, 1, 2, 2, 1, 1, 0, 3, 3, 3, 3, 2, 2, 0, 1, 1, 0, 2, 1, 2, 2, 1, 2, 1, 0, 1, 1, 1, 1, 2, 3]|[0, 1, 2, 1, 1, 1, 2, 0, 0, 3, 1, 2, 0, 2, 2, 0, 0, 2, 0, 0, 3, 0, 1, 1, 0, 0, 0, 2, 0, 2, 1, 0, 1, 1, 0, 0, 0, 0, 2, 1, 3, 1, 2, 1, 2, 1, 0, 1, 2, 2, 1, 0, 1, 2, 0, 2, 0, 2, 0, 0, 2, 1, 0, 0, 2, 2, 1, 2, 1, 0, 0, 1, 0, 0, 1, 2, 2, 1, 1, 1, 2, 0, 3, 2, 0, 1, 0, 0, 0, 0, 0, 0, 0, 3, 1, 2, 0, 0, 0, 0],1017.040138306931;120526.749213358820;332666.087915714700,false,0
74,2,34576,G1_CMAX,[63, 30, 89, 27, 96, 38, 26, 22, 58, 1, 12, 18, 78, 16, 80, 84, 49, 11, 85, 15, 83, 0, 14, 64, 25, 66, 65, 81, 44, 29, 82, 13, 4, 86, 7, 54, 52, 56, 21, 32, 48, 75, 74, 39, 33, 60, 71, 69, 31, 90, 35, 37, 99, 24, 67, 53, 43, 20, 10, 87, 76, 91, 41, 19, 79, 57, 61, 70, 88, 45, 34, 51, 47, 94, 2, 97, 55, 28, 62, 36, 92, 23, 42, 8, 50, 9, 6, 68, 93, 5, 72, 17, 73, 40, 46, 98, 3, 77, 95, 59]|[2, 0, 0, 0, 0, 2, 0, 0, 2, 2, 2, 1, 0, 0, 2, 1, 1, 2, 1, 0, 2, 0, 0, 0, 1, 1, 1, 1, 2, 2, 2, 2, 0, 0, 0, 1, 0, 1, 2, 2, 1, 2, 2, 0, 2, 1, 1, 1, 2, 0, 1, 1, 2, 1, 1, 2, 1, 0, 1, 2, 0, 1, 0, 2, 1, 0, 0, 1, 0, 2, 1, 0, 0, 2, 1, 2, 1, 1, 1, 2, 1, 2, 2, 0, 1, 0, 0, 1, 0, 1, 0, 0, 1, 2, 2, 1, 2, 2, 2, 2]|[4, 2, 0, 0, 2, 2, 1, 2, 4, 2, 2, 0, 1, 0, 4, 2, 1, 1, 1, 2, 2, 1, 0, 2, 1, 0, 1, 3, 2, 4, 0, 3, 0, 2, 2, 2, 2, 2, 0, 3, 0, 4, 2, 1, 4, 0, 1, 1, 0, 2, 2, 1, 1, 3, 0, 1, 1, 0, 1, 1, 2, 2, 2, 4, 3, 2, 0, 0, 1, 3, 1, 0, 1, 4, 1, 1, 0, 2, 0, 4, 2, 3, 0, 0, 1, 0, 1, 2, 2, 1, 0, 1, 1, 0, 1, 2, 2, 0, 0, 0]|[0, 0, 1, 0, 1, 3, 1, 0, 0, 3, 3, 2, 0, 0, 0, 0, 0, 2, 0, 0, 3, 1, 1, 0, 2, 0, 0, 0, 2, 1, 0, 3, 1, 0, 1, 2, 1, 2, 1, 3, 1, 3, 1, 1, 0, 1, 0, 1, 0, 1, 2, 1, 2, 0, 2, 2, 0, 0, 0, 2, 0, 0, 0, 0, 2, 0, 1, 1, 0, 1, 0, 1, 1, 1, 1, 2, 2, 0, 1, 2, 2, 1, 3, 0, 0, 1, 0, 0, 0, 0, 0, 1, 2, 3, 1, 0, 2, 1, 3, 2],797.540291221851;129008.676280931000;358250.977860813500,false,0
74,2,34576,G4_BALANCED,[63, 30, 89, 27, 96, 75, 26, 76, 58, 1, 12, 18, 78, 16, 80, 84, 49, 11, 85, 15, 83, 47, 0, 14, 64, 25, 66, 65, 81, 44, 29, 82, 13, 4, 86, 7, 54, 52, 56, 21, 32, 48, 38, 74, 39, 33, 60, 71, 69, 31, 90, 3, 34, 99, 43, 67, 35, 53, 20, 10, 87, 22, 91, 41, 19, 79, 57, 61, 70, 88, 45, 37, 51, 94, 2, 59, 55, 28, 62, 36, 92, 23, 42, 9, 73, 8, 6, 93, 5, 17, 24, 77, 46, 95, 98, 50, 97, 40, 72, 68]|[2, 0, 1, 2, 1, 0, 1, 0, 2, 2, 1, 1, 0, 2, 2, 1, 1, 2, 1, 1, 2, 0, 1, 0, 2, 2, 1, 1, 1, 2, 2, 2, 2, 1, 0, 2, 1, 2, 1, 1, 2, 2, 2, 0, 2, 2, 1, 1, 1, 2, 1, 1, 1, 2, 1, 1, 1, 1, 1, 1, 2, 1, 1, 0, 2, 1, 2, 1, 2, 1, 1, 1, 1, 2, 1, 2, 2, 2, 1, 1, 1, 1, 2, 1, 1, 2, 0, 1, 0, 1, 2, 1, 2, 2, 2, 1, 2, 1, 1, 2]|[4, 2, 0, 3, 1, 2, 3, 2, 4, 2, 3, 0, 1, 1, 2, 2, 1, 1, 1, 2, 2, 2, 2, 0, 1, 3, 0, 1, 3, 2, 1, 0, 4, 0, 2, 1, 2, 0, 2, 1, 3, 4, 3, 1, 1, 4, 3, 1, 3, 1, 3, 2, 2, 1, 1, 0, 1, 2, 2, 2, 1, 1, 1, 2, 4, 3, 4, 2, 3, 3, 1, 2, 2, 4, 1, 0, 3, 3, 3, 3, 2, 2, 0, 1, 1, 0, 2, 1, 2, 1, 1, 1, 4, 0, 1, 1, 1, 1, 3, 3]|[0, 1, 2, 1, 1, 1, 2, 0, 0, 3, 1, 2, 0, 2, 2, 0, 0, 2, 0, 0, 3, 0, 1, 1, 0, 0, 0, 2, 0, 2, 1, 0, 1, 1, 0, 0, 0, 0, 2, 1, 3, 1, 2, 1, 2, 1, 0, 1, 2, 2, 1, 0, 1, 2, 0, 2, 0, 2, 0, 0, 2, 1, 0, 0, 0, 2, 1, 2, 1, 0, 0, 1, 0, 1, 1, 2, 2, 1, 1, 1, 2, 0, 3, 2, 2, 1, 0, 0, 0, 1, 2, 2, 0, 3, 2, 0, 2, 0, 1, 0],1075.789113236267;118859.129381570300;323813.011163473360,false,0
74,2,34576,G2_TEC,[63, 30, 89, 27, 96, 75, 26, 76, 58, 1, 12, 18, 78, 16, 80, 84, 49, 11, 85, 15, 83, 47, 0, 14, 64, 25, 66, 65, 31, 44, 29, 82, 13, 4, 86, 7, 54, 52, 56, 21, 32, 48, 38, 74, 39, 33, 60, 71, 69, 81, 90, 3, 34, 99, 43, 67, 35, 53, 20, 10, 87, 22, 91, 41, 19, 79, 57, 61, 70, 88, 45, 37, 51, 94, 2, 59, 55, 28, 62, 36, 92, 23, 42, 9, 73, 8, 6, 93, 5, 17, 24, 98, 77, 95, 50, 40, 97, 46, 72, 68]|[2, 0, 1, 2, 1, 0, 1, 0, 2, 2, 1, 1, 0, 2, 2, 1, 2, 2, 1, 1, 2, 0, 1, 0, 2, 2, 1, 1, 1, 2, 2, 2, 2, 1, 0, 2, 1, 2, 1, 1, 2, 2, 2, 0, 2, 2, 1, 1, 1, 1, 1, 1, 0, 2, 1, 1, 1, 1, 1, 1, 2, 1, 1, 0, 2, 1, 2, 1, 2, 1, 1, 1, 1, 2, 1, 2, 2, 2, 2, 1, 1, 1, 2, 1, 1, 2, 0, 1, 0, 1, 2, 1, 1, 2, 1, 1, 2, 2, 0, 2]|[4, 2, 0, 3, 1, 2, 3, 2, 4, 2, 3, 0, 1, 1, 2, 2, 3, 1, 1, 2, 2, 2, 2, 0, 1, 3, 0, 1, 3, 2, 1, 0, 4, 0, 2, 1, 2, 0, 2, 1, 3, 4, 3, 1, 1, 4, 3, 1, 3, 3, 1, 2, 1, 1, 1, 0, 1, 2, 3, 2, 1, 1, 1, 2, 4, 3, 4, 2, 3, 3, 1, 2, 2, 1, 1, 0, 3, 3, 1, 3, 2, 2, 0, 1, 1, 0, 2, 1, 2, 2, 1, 2, 1, 0, 1, 1, 0, 1, 2, 3]|[0, 1, 2, 1, 1, 1, 2, 0, 0, 3, 1, 2, 0, 2, 2, 0, 1, 2, 0, 0, 3, 0, 1, 1, 0, 0, 0, 2, 0, 2, 1, 0, 1, 1, 0, 0, 2, 0, 2, 1, 3, 1, 2, 1, 2, 1, 0, 1, 2, 0, 1, 0, 1, 2, 0, 2, 0, 2, 2, 0, 2, 1, 0, 0, 0, 2, 1, 2, 1, 0, 0, 1, 0, 0, 1, 2, 2, 1, 2, 1, 2, 0, 3, 2, 2, 1, 0, 0, 0, 0, 2, 0, 2, 3, 0, 2, 3, 1, 0, 0],1034.644836770965;119512.936186037030;328845.579125207270,false,0
74,2,34576,G3_TWC,[63, 30, 89, 27, 96, 75, 26, 76, 58, 1, 12, 18, 78, 16, 80, 84, 49, 11, 85, 15, 83, 47, 0, 14, 64, 25, 66, 65, 81, 44, 29, 82, 13, 4, 86, 7, 54, 52, 56, 21, 32, 48, 38, 74, 39, 33, 60, 71, 69, 31, 90, 3, 34, 99, 43, 67, 35, 53, 20, 10, 87, 22, 91, 41, 19, 79, 57, 61, 70, 88, 45, 37, 51, 94, 2, 59, 55, 28, 62, 36, 92, 23, 42, 9, 73, 8, 6, 93, 5, 17, 24, 98, 77, 95, 46, 97, 50, 40, 72, 68]|[2, 0, 1, 2, 1, 0, 1, 0, 2, 2, 1, 1, 0, 2, 2, 0, 1, 2, 1, 1, 2, 0, 1, 0, 2, 2, 1, 1, 1, 2, 2, 2, 2, 1, 0, 2, 1, 2, 1, 1, 2, 2, 2, 0, 2, 2, 1, 1, 1, 2, 0, 1, 1, 2, 1, 1, 1, 1, 2, 1, 2, 1, 1, 0, 2, 1, 2, 1, 2, 1, 1, 1, 1, 2, 1, 2, 1, 2, 1, 1, 1, 1, 2, 1, 2, 2, 0, 1, 0, 1, 1, 1, 1, 2, 2, 2, 1, 1, 0, 2]|[4, 2, 0, 3, 1, 2, 3, 2, 4, 2, 3, 0, 1, 1, 2, 1, 1, 1, 1, 2, 2, 2, 2, 0, 1, 3, 0, 1, 3, 2, 1, 0, 4, 0, 2, 1, 2, 0, 2, 1, 3, 4, 3, 1, 1, 4, 3, 1, 3, 1, 2, 2, 2, 1, 1, 0, 1, 2, 4, 2, 1, 1, 2, 2, 1, 3, 4, 1, 3, 3, 1, 2, 2, 1, 1, 0, 3, 3, 3, 3, 2, 2, 0, 1, 1, 0, 2, 1, 2, 2, 1, 2, 1, 0, 1, 1, 1, 1, 2, 3]|[0, 1, 2, 1, 1, 1, 2, 0, 0, 3, 1, 2, 0, 2, 2, 0, 0, 2, 0, 0, 3, 0, 1, 1, 0, 0, 0, 2, 0, 2, 1, 0, 1, 1, 0, 0, 0, 0, 2, 1, 3, 1, 2, 1, 2, 1, 0, 1, 2, 2, 1, 0, 1, 2, 0, 2, 0, 2, 0, 0, 2, 1, 0, 0, 2, 2, 1, 2, 1, 0, 0, 1, 0, 0, 1, 2, 2, 1, 1, 1, 2, 0, 3, 2, 0, 1, 0, 0, 0, 0, 0, 0, 0, 3, 1, 2, 0, 0, 0, 0],1017.040138306931;120526.749213358820;332666.087915714700,false,0
75,2,34676,G1_CMAX,[63, 30, 89, 27, 96, 38, 26, 22, 58, 1, 12, 18, 78, 16, 80, 84, 49, 11, 85, 15, 83, 0, 14, 64, 25, 66, 65, 81, 44, 29, 82, 13, 4, 86, 7, 54, 52, 56, 21, 32, 48, 75, 74, 39, 33, 60, 71, 69, 31, 90, 35, 37, 99, 24, 67, 53, 43, 20, 10, 87, 76, 91, 41, 19, 79, 57, 61, 70, 88, 45, 34, 51, 47, 94, 2, 97, 55, 28, 62, 36, 92, 23, 42, 8, 50, 9, 6, 68, 93, 5, 72, 17, 73, 40, 46, 98, 3, 77, 95, 59]|[2, 0, 0, 0, 0, 2, 0, 0, 2, 2, 2, 1, 0, 0, 2, 1, 1, 2, 1, 0, 2, 0, 0, 0, 1, 1, 1, 1, 2, 2, 2, 2, 0, 0, 0, 1, 0, 1, 2, 2, 1, 2, 2, 0, 2, 1, 1, 1, 2, 0, 1, 1, 2, 1, 1, 2, 1, 0, 1, 2, 0, 1, 0, 2, 1, 0, 0, 1, 0, 2, 1, 0, 0, 2, 1, 2, 1, 1, 1, 2, 1, 2, 2, 0, 1, 0, 0, 1, 0, 1, 0, 0, 1, 2, 2, 1, 2, 2, 2, 2]|[4, 2, 0, 0, 2, 2, 1, 2, 4, 2, 2, 0, 1, 0, 4, 2, 1, 1, 1, 2, 2, 1, 0, 2, 1, 0, 1, 3, 2, 4, 0, 3, 0, 2, 2, 2, 2, 2, 0, 3, 0, 4, 2, 1, 4, 0, 1, 1, 0, 2, 2, 1, 1, 3, 0, 1, 1, 0, 1, 1, 2, 2, 2, 4, 3, 2, 0, 0, 1, 3, 1, 0, 1, 4, 1, 1, 0, 2, 0, 4, 2, 3, 0, 0, 1, 0, 1, 2, 2, 1, 0, 1, 1, 0, 1, 2, 2, 0, 0, 0]|[0, 0, 1, 0, 1, 3, 1, 0, 0, 3, 3, 2, 0, 0, 0, 0, 0, 2, 0, 0, 3, 1, 1, 0, 2, 0, 0, 0, 2, 1, 0, 3, 1, 0, 1, 2, 1, 2, 1, 3, 1, 3, 1, 1, 0, 1, 0, 1, 0, 1, 2, 1, 2, 0, 2, 2, 0, 0, 0, 2, 0, 0, 0, 0, 2, 0, 1, 1, 0, 1, 0, 1, 1, 1, 1, 2, 2, 0, 1, 2, 2, 1, 3, 0, 0, 1, 0, 0, 0, 0, 0, 1, 2, 3, 1, 0, 2, 1, 3, 2],797.540291221851;129008.676280931000;358250.977860813500,false,0
75,2,34676,G4_BALANCED,[63, 30, 89, 27, 96, 75, 26, 76, 58, 1, 12, 18, 78, 16, 80, 84, 49, 11, 85, 15, 83, 47, 0, 14, 64, 25, 66, 65, 81, 44, 29, 82, 13, 4, 86, 7, 54, 52, 56, 21, 32, 48, 38, 74, 39, 33, 60, 71, 69, 31, 90, 3, 34, 99, 43, 67, 35, 53, 20, 10, 87, 22, 91, 41, 19, 79, 57, 61, 70, 88, 45, 37, 51, 9, 42, 23, 92, 62, 28, 55, 59, 36, 2, 94, 73, 8, 6, 93, 5, 17, 24, 77, 40, 95, 98, 50, 97, 46, 72, 68]|[2, 0, 1, 2, 1, 0, 1, 0, 2, 2, 1, 1, 0, 2, 2, 1, 2, 2, 1, 1, 2, 0, 1, 0, 2, 2, 1, 1, 1, 2, 2, 2, 2, 1, 0, 2, 1, 2, 1, 1, 2, 2, 2, 0, 2, 2, 1, 1, 0, 2, 1, 1, 1, 2, 1, 1, 1, 1, 1, 1, 2, 1, 1, 0, 2, 1, 2, 1, 2, 1, 0, 2, 1, 2, 2, 1, 1, 1, 2, 1, 2, 1, 2, 2, 1, 1, 0, 1, 2, 1, 1, 1, 1, 2, 1, 1, 2, 2, 0, 2]|[4, 2, 0, 3, 1, 2, 3, 2, 4, 2, 3, 0, 1, 1, 2, 2, 3, 1, 1, 2, 2, 2, 2, 0, 1, 3, 0, 1, 3, 2, 1, 0, 4, 0, 2, 1, 2, 0, 2, 1, 3, 4, 3, 1, 1, 4, 3, 1, 1, 1, 3, 2, 2, 1, 1, 0, 1, 1, 3, 2, 1, 1, 2, 2, 4, 3, 4, 1, 3, 3, 2, 0, 2, 1, 0, 2, 3, 3, 3, 3, 0, 2, 0, 1, 1, 2, 2, 1, 3, 2, 3, 1, 1, 0, 2, 1, 1, 1, 2, 3]|[0, 1, 2, 1, 1, 1, 2, 0, 0, 3, 1, 2, 0, 2, 2, 0, 1, 2, 0, 0, 3, 0, 1, 1, 0, 0, 0, 2, 0, 2, 1, 0, 1, 1, 0, 0, 0, 0, 2, 1, 3, 1, 2, 1, 2, 1, 0, 1, 0, 2, 1, 0, 1, 2, 0, 2, 0, 1, 2, 0, 2, 1, 0, 0, 0, 2, 1, 2, 1, 0, 0, 1, 0, 0, 3, 0, 2, 1, 1, 1, 2, 2, 3, 0, 2, 1, 0, 0, 1, 0, 0, 2, 1, 3, 0, 0, 2, 1, 0, 0],1036.726794704373;119368.793569602570;329937.751059672800,false,0
75,2,34676,G2_TEC,[63, 30, 89, 27, 96, 75, 26, 76, 58, 1, 12, 18, 78, 16, 80, 84, 49, 11, 85, 15, 83, 47, 0, 14, 64, 25, 66, 65, 31, 44, 29, 82, 13, 4, 86, 7, 54, 52, 56, 21, 32, 48, 38, 74, 39, 33, 60, 71, 69, 81, 90, 3, 34, 99, 43, 67, 35, 53, 20, 10, 87, 22, 91, 41, 19, 79, 57, 61, 70, 88, 45, 37, 51, 94, 2, 59, 55, 28, 62, 36, 92, 23, 42, 9, 73, 8, 6, 93, 5, 17, 24, 98, 77, 95, 50, 40, 97, 46, 72, 68]|[2, 0, 1, 2, 1, 0, 1, 0, 2, 2, 1, 1, 0, 2, 2, 1, 2, 2, 1, 1, 2, 0, 1, 0, 2, 2, 1, 1, 1, 2, 2, 2, 2, 1, 0, 2, 1, 2, 1, 1, 2, 2, 2, 0, 2, 2, 1, 1, 1, 1, 1, 1, 0, 2, 1, 1, 1, 1, 1, 1, 2, 1, 1, 0, 2, 1, 2, 1, 2, 1, 1, 1, 1, 2, 1, 2, 2, 2, 2, 1, 1, 1, 2, 1, 1, 2, 0, 1, 0, 1, 2, 1, 1, 2, 1, 1, 2, 2, 0, 2]|[4, 2, 0, 3, 1, 2, 3, 2, 4, 2, 3, 0, 1, 1, 2, 2, 3, 1, 1, 2, 2, 2, 2, 0, 1, 3, 0, 1, 3, 2, 1, 0, 4, 0, 2, 1, 2, 0, 2, 1, 3, 4, 3, 1, 1, 4, 3, 1, 3, 3, 1, 2, 1, 1, 1, 0, 1, 2, 3, 2, 1, 1, 1, 2, 4, 3, 4, 2, 3, 3, 1, 2, 2, 1, 1, 0, 3, 3, 1, 3, 2, 2, 0, 1, 1, 0, 2, 1, 2, 2, 1, 2, 1, 0, 1, 1, 0, 1, 2, 3]|[0, 1, 2, 1, 1, 1, 2, 0, 0, 3, 1, 2, 0, 2, 2, 0, 1, 2, 0, 0, 3, 0, 1, 1, 0, 0, 0, 2, 0, 2, 1, 0, 1, 1, 0, 0, 2, 0, 2, 1, 3, 1, 2, 1, 2, 1, 0, 1, 2, 0, 1, 0, 1, 2, 0, 2, 0, 2, 2, 0, 2, 1, 0, 0, 0, 2, 1, 2, 1, 0, 0, 1, 0, 0, 1, 2, 2, 1, 2, 1, 2, 0, 3, 2, 2, 1, 0, 0, 0, 0, 2, 0, 2, 3, 0, 2, 3, 1, 0, 0],1034.644836770965;119512.936186037030;328845.579125207270,false,0
75,2,34676,G3_TWC,[63, 30, 89, 27, 96, 75, 26, 76, 58, 1, 12, 18, 78, 16, 80, 84, 49, 11, 85, 15, 83, 47, 0, 14, 64, 25, 66, 65, 81, 44, 29, 82, 13, 4, 86, 7, 54, 52, 56, 21, 32, 48, 38, 74, 39, 33, 60, 71, 69, 31, 90, 3, 34, 99, 43, 67, 35, 53, 20, 10, 87, 22, 91, 41, 19, 79, 57, 61, 70, 88, 45, 37, 51, 94, 2, 59, 55, 28, 62, 36, 92, 23, 42, 9, 73, 8, 6, 93, 5, 17, 24, 98, 77, 95, 46, 97, 50, 40, 72, 68]|[2, 0, 1, 2, 1, 0, 1, 0, 2, 2, 1, 1, 0, 2, 2, 0, 1, 2, 1, 1, 2, 0, 1, 0, 2, 2, 1, 1, 1, 2, 2, 2, 2, 1, 0, 2, 1, 2, 1, 1, 2, 2, 2, 0, 2, 2, 1, 1, 1, 2, 0, 1, 1, 2, 1, 1, 1, 1, 2, 1, 2, 1, 1, 0, 2, 1, 2, 1, 2, 1, 1, 1, 1, 2, 1, 2, 1, 2, 1, 1, 1, 1, 2, 1, 2, 2, 0, 1, 0, 1, 1, 1, 1, 2, 2, 2, 1, 1, 0, 2]|[4, 2, 0, 3, 1, 2, 3, 2, 4, 2, 3, 0, 1, 1, 2, 1, 1, 1, 1, 2, 2, 2, 2, 0, 1, 3, 0, 1, 3, 2, 1, 0, 4, 0, 2, 1, 2, 0, 2, 1, 3, 4, 3, 1, 1, 4, 3, 1, 3, 1, 2, 2, 2, 1, 1, 0, 1, 2, 4, 2, 1, 1, 2, 2, 1, 3, 4, 1, 3, 3, 1, 2, 2, 1, 1, 0, 3, 3, 3, 3, 2, 2, 0, 1, 1, 0, 2, 1, 2, 2, 1, 2, 1, 0, 1, 1, 1, 1, 2, 3]|[0, 1, 2, 1, 1, 1, 2, 0, 0, 3, 1, 2, 0, 2, 2, 0, 0, 2, 0, 0, 3, 0, 1, 1, 0, 0, 0, 2, 0, 2, 1, 0, 1, 1, 0, 0, 0, 0, 2, 1, 3, 1, 2, 1, 2, 1, 0, 1, 2, 2, 1, 0, 1, 2, 0, 2, 0, 2, 0, 0, 2, 1, 0, 0, 2, 2, 1, 2, 1, 0, 0, 1, 0, 0, 1, 2, 2, 1, 1, 1, 2, 0, 3, 2, 0, 1, 0, 0, 0, 0, 0, 0, 0, 3, 1, 2, 0, 0, 0, 0],1017.040138306931;120526.749213358820;332666.087915714700,false,0
76,2,34776,G1_CMAX,[63, 30, 89, 27, 96, 38, 26, 22, 58, 1, 12, 18, 78, 16, 80, 84, 49, 11, 85, 15, 83, 0, 14, 64, 25, 66, 65, 81, 44, 29, 82, 13, 4, 86, 7, 54, 52, 56, 21, 32, 48, 75, 74, 39, 33, 60, 71, 69, 31, 90, 35, 37, 99, 24, 67, 53, 43, 20, 10, 87, 76, 91, 41, 19, 79, 57, 61, 70, 88, 45, 34, 51, 47, 94, 2, 97, 55, 28, 62, 36, 92, 23, 42, 8, 50, 9, 6, 68, 93, 5, 72, 17, 73, 40, 46, 98, 3, 77, 95, 59]|[2, 0, 0, 0, 0, 2, 0, 0, 2, 2, 2, 1, 0, 0, 2, 1, 1, 2, 1, 0, 2, 0, 0, 0, 1, 1, 1, 1, 2, 2, 2, 2, 0, 0, 0, 1, 0, 1, 2, 2, 1, 2, 2, 0, 2, 1, 1, 1, 2, 0, 1, 1, 2, 1, 1, 2, 1, 0, 1, 2, 0, 1, 0, 2, 1, 0, 0, 1, 0, 2, 1, 0, 0, 2, 1, 2, 1, 1, 1, 2, 1, 2, 2, 0, 1, 0, 0, 1, 0, 1, 0, 0, 1, 2, 2, 1, 2, 2, 2, 2]|[4, 2, 0, 0, 2, 2, 1, 2, 4, 2, 2, 0, 1, 0, 4, 2, 1, 1, 1, 2, 2, 1, 0, 2, 1, 0, 1, 3, 2, 4, 0, 3, 0, 2, 2, 2, 2, 2, 0, 3, 0, 4, 2, 1, 4, 0, 1, 1, 0, 2, 2, 1, 1, 3, 0, 1, 1, 0, 1, 1, 2, 2, 2, 4, 3, 2, 0, 0, 1, 3, 1, 0, 1, 4, 1, 1, 0, 2, 0, 4, 2, 3, 0, 0, 1, 0, 1, 2, 2, 1, 0, 1, 1, 0, 1, 2, 2, 0, 0, 0]|[0, 0, 1, 0, 1, 3, 1, 0, 0, 3, 3, 2, 0, 0, 0, 0, 0, 2, 0, 0, 3, 1, 1, 0, 2, 0, 0, 0, 2, 1, 0, 3, 1, 0, 1, 2, 1, 2, 1, 3, 1, 3, 1, 1, 0, 1, 0, 1, 0, 1, 2, 1, 2, 0, 2, 2, 0, 0, 0, 2, 0, 0, 0, 0, 2, 0, 1, 1, 0, 1, 0, 1, 1, 1, 1, 2, 2, 0, 1, 2, 2, 1, 3, 0, 0, 1, 0, 0, 0, 0, 0, 1, 2, 3, 1, 0, 2, 1, 3, 2],797.540291221851;129008.676280931000;358250.977860813500,false,0
76,2,34776,G4_BALANCED,[63, 30, 89, 27, 96, 75, 26, 76, 58, 1, 12, 18, 78, 16, 80, 84, 49, 11, 85, 15, 83, 47, 0, 14, 64, 25, 66, 65, 81, 44, 29, 82, 13, 4, 86, 7, 54, 52, 56, 21, 32, 48, 38, 74, 39, 33, 60, 71, 69, 31, 90, 3, 34, 99, 43, 67, 35, 53, 20, 10, 87, 22, 91, 41, 19, 79, 57, 61, 70, 88, 45, 37, 51, 94, 2, 59, 55, 28, 62, 36, 92, 23, 42, 9, 73, 8, 6, 93, 5, 17, 24, 77, 46, 95, 98, 50, 97, 40, 72, 68]|[2, 0, 1, 2, 1, 0, 1, 0, 2, 2, 1, 1, 0, 2, 2, 1, 0, 2, 1, 1, 2, 0, 1, 0, 2, 2, 1, 1, 1, 2, 2, 2, 2, 1, 1, 2, 1, 2, 1, 1, 2, 2, 2, 0, 2, 2, 1, 1, 1, 2, 1, 1, 1, 2, 1, 1, 1, 1, 1, 1, 2, 1, 1, 0, 2, 1, 2, 1, 2, 1, 1, 1, 1, 2, 1, 2, 2, 2, 1, 1, 1, 1, 2, 1, 1, 1, 0, 1, 1, 1, 1, 1, 2, 1, 1, 1, 1, 1, 0, 2]|[4, 2, 0, 3, 1, 2, 3, 2, 4, 2, 3, 0, 1, 1, 2, 2, 1, 1, 1, 2, 2, 2, 2, 0, 1, 3, 0, 1, 3, 2, 1, 0, 4, 0, 3, 1, 2, 0, 2, 1, 3, 4, 3, 1, 1, 4, 3, 1, 3, 1, 3, 2, 1, 1, 1, 0, 1, 2, 3, 2, 1, 1, 1, 2, 4, 3, 4, 2, 3, 3, 1, 2, 2, 1, 1, 0, 3, 3, 3, 3, 2, 2, 0, 1, 1, 2, 2, 1, 1, 1, 3, 1, 1, 1, 2, 1, 1, 1, 2, 3]|[0, 1, 2, 1, 1, 1, 2, 0, 0, 3, 1, 2, 0, 2, 2, 0, 1, 2, 0, 0, 3, 0, 1, 1, 0, 0, 0, 2, 0, 2, 1, 0, 1, 1, 0, 0, 2, 0, 2, 1, 3, 1, 2, 1, 2, 1, 0, 1, 2, 2, 1, 0, 0, 2, 0, 2, 0, 2, 2, 0, 2, 1, 0, 0, 0, 2, 1, 2, 1, 0, 0, 1, 0, 0, 1, 2, 2, 1, 1, 1, 2, 0, 3, 2, 2, 0, 0, 0, 0, 1, 0, 2, 1, 0, 0, 0, 1, 0, 0, 0],1179.352767594291;118026.926590653660;328928.805900122560,false,0
76,2,34776,G2_TEC,[63, 30, 89, 27, 96, 75, 26, 76, 58, 1, 12, 18, 78, 16, 80, 84, 49, 11, 85, 15, 83, 47, 0, 14, 64, 25, 66, 65, 31, 44, 29, 82, 13, 4, 86, 7, 54, 52, 56, 21, 32, 48, 38, 74, 39, 33, 60, 71, 69, 81, 90, 3, 34, 99, 43, 67, 35, 53, 20, 10, 87, 22, 91, 41, 19, 79, 57, 61, 70, 88, 45, 37, 51, 94, 2, 59, 55, 28, 62, 36, 92, 23, 42, 9, 73, 8, 6, 93, 5, 17, 24, 98, 77, 95, 50, 40, 97, 46, 72, 68]|[2, 0, 1, 2, 1, 0, 1, 0, 2, 2, 1, 1, 0, 2, 2, 1, 2, 2, 1, 1, 2, 0, 1, 0, 2, 2, 1, 1, 1, 2, 2, 2, 2, 1, 0, 2, 1, 2, 1, 1, 2, 2, 2, 0, 2, 2, 1, 1, 1, 1, 1, 1, 0, 2, 1, 1, 1, 1, 1, 1, 2, 1, 1, 0, 2, 1, 2, 1, 2, 1, 1, 1, 1, 2, 1, 2, 2, 2, 2, 1, 1, 1, 2, 1, 1, 2, 0, 1, 0, 1, 2, 1, 1, 2, 1, 1, 2, 2, 0, 2]|[4, 2, 0, 3, 1, 2, 3, 2, 4, 2, 3, 0, 1, 1, 2, 2, 3, 1, 1, 2, 2, 2, 2, 0, 1, 3, 0, 1, 3, 2, 1, 0, 4, 0, 2, 1, 2, 0, 2, 1, 3, 4, 3, 1, 1, 4, 3, 1, 3, 3, 1, 2, 1, 1, 1, 0, 1, 2, 3, 2, 1, 1, 1, 2, 4, 3, 4, 2, 3, 3, 1, 2, 2, 1, 1, 0, 3, 3, 1, 3, 2, 2, 0, 1, 1, 0, 2, 1, 2, 2, 1, 2, 1, 0, 1, 1, 0, 1, 2, 3]|[0, 1, 2, 1, 1, 1, 2, 0, 0, 3, 1, 2, 0, 2, 2, 0, 1, 2, 0, 0, 3, 0, 1, 1, 0, 0, 0, 2, 0, 2, 1, 0, 1, 1, 0, 0, 2, 0, 2, 1, 3, 1, 2, 1, 2, 1, 0, 1, 2, 0, 1, 0, 1, 2, 0, 2, 0, 2, 2, 0, 2, 1, 0, 0, 0, 2, 1, 2, 1, 0, 0, 1, 0, 0, 1, 2, 2, 1, 2, 1, 2, 0, 3, 2, 2, 1, 0, 0, 0, 0, 2, 0, 2, 3, 0, 2, 3, 1, 0, 0],1034.644836770965;119512.936186037030;328845.579125207270,false,0
76,2,34776,G3_TWC,[63, 30, 89, 27, 96, 75, 26, 76, 58, 1, 12, 18, 78, 16, 80, 84, 49, 11, 85, 15, 83, 47, 0, 14, 64, 25, 66, 65, 81, 44, 29, 82, 13, 4, 86, 7, 54, 52, 56, 21, 32, 48, 38, 74, 39, 33, 60, 71, 69, 31, 90, 3, 34, 99, 43, 67, 35, 53, 20, 10, 87, 22, 91, 41, 19, 79, 57, 61, 70, 88, 45, 37, 51, 94, 2, 59, 55, 28, 62, 36, 92, 23, 42, 9, 73, 8, 6, 93, 5, 17, 24, 98, 77, 95, 46, 97, 50, 40, 72, 68]|[2, 0, 1, 2, 1, 0, 1, 0, 2, 2, 1, 1, 0, 2, 2, 0, 1, 2, 1, 1, 2, 0, 1, 0, 2, 2, 1, 1, 1, 2, 2, 2, 2, 1, 0, 2, 1, 2, 1, 1, 2, 2, 2, 0, 2, 2, 1, 1, 1, 2, 0, 1, 1, 2, 1, 1, 1, 1, 2, 1, 2, 1, 1, 0, 2, 1, 2, 1, 2, 1, 1, 1, 1, 2, 1, 2, 1, 2, 1, 1, 1, 1, 2, 1, 2, 2, 0, 1, 0, 1, 1, 1, 1, 2, 2, 2, 1, 1, 0, 2]|[4, 2, 0, 3, 1, 2, 3, 2, 4, 2, 3, 0, 1, 1, 2, 1, 1, 1, 1, 2, 2, 2, 2, 0, 1, 3, 0, 1, 3, 2, 1, 0, 4, 0, 2, 1, 2, 0, 2, 1, 3, 4, 3, 1, 1, 4, 3, 1, 3, 1, 2, 2, 2, 1, 1, 0, 1, 2, 4, 2, 1, 1, 2, 2, 1, 3, 4, 1, 3, 3, 1, 2, 2, 1, 1, 0, 3, 3, 3, 3, 2, 2, 0, 1, 1, 0, 2, 1, 2, 2, 1, 2, 1, 0, 1, 1, 1, 1, 2, 3]|[0, 1, 2, 1, 1, 1, 2, 0, 0, 3, 1, 2, 0, 2, 2, 0, 0, 2, 0, 0, 3, 0, 1, 1, 0, 0, 0, 2, 0, 2, 1, 0, 1, 1, 0, 0, 0, 0, 2, 1, 3, 1, 2, 1, 2, 1, 0, 1, 2, 2, 1, 0, 1, 2, 0, 2, 0, 2, 0, 0, 2, 1, 0, 0, 2, 2, 1, 2, 1, 0, 0, 1, 0, 0, 1, 2, 2, 1, 1, 1, 2, 0, 3, 2, 0, 1, 0, 0, 0, 0, 0, 0, 0, 3, 1, 2, 0, 0, 0, 0],1017.040138306931;120526.749213358820;332666.087915714700,false,0
77,2,34876,G1_CMAX,[63, 30, 89, 27, 96, 38, 26, 22, 58, 1, 12, 18, 78, 16, 80, 84, 49, 11, 85, 15, 83, 0, 14, 64, 25, 66, 65, 81, 44, 29, 82, 13, 4, 86, 7, 54, 52, 56, 21, 32, 48, 75, 74, 39, 33, 60, 71, 69, 31, 90, 35, 37, 99, 24, 67, 53, 43, 20, 10, 87, 76, 91, 41, 19, 79, 57, 61, 70, 88, 45, 34, 51, 47, 94, 2, 97, 55, 28, 62, 36, 92, 23, 42, 8, 50, 9, 6, 68, 93, 5, 72, 17, 73, 40, 46, 98, 3, 77, 95, 59]|[2, 0, 0, 0, 0, 2, 0, 0, 2, 2, 2, 1, 0, 0, 2, 1, 1, 2, 1, 0, 2, 0, 0, 0, 1, 1, 1, 1, 2, 2, 2, 2, 0, 0, 0, 1, 0, 1, 2, 2, 1, 2, 2, 0, 2, 1, 1, 1, 2, 0, 1, 1, 2, 1, 1, 2, 1, 0, 1, 2, 0, 1, 0, 2, 1, 0, 0, 1, 0, 2, 1, 0, 0, 2, 1, 2, 1, 1, 1, 2, 1, 2, 2, 0, 1, 0, 0, 1, 0, 1, 0, 0, 1, 2, 2, 1, 2, 2, 2, 2]|[4, 2, 0, 0, 2, 2, 1, 2, 4, 2, 2, 0, 1, 0, 4, 2, 1, 1, 1, 2, 2, 1, 0, 2, 1, 0, 1, 3, 2, 4, 0, 3, 0, 2, 2, 2, 2, 2, 0, 3, 0, 4, 2, 1, 4, 0, 1, 1, 0, 2, 2, 1, 1, 3, 0, 1, 1, 0, 1, 1, 2, 2, 2, 4, 3, 2, 0, 0, 1, 3, 1, 0, 1, 4, 1, 1, 0, 2, 0, 4, 2, 3, 0, 0, 1, 0, 1, 2, 2, 1, 0, 1, 1, 0, 1, 2, 2, 0, 0, 0]|[0, 0, 1, 0, 1, 3, 1, 0, 0, 3, 3, 2, 0, 0, 0, 0, 0, 2, 0, 0, 3, 1, 1, 0, 2, 0, 0, 0, 2, 1, 0, 3, 1, 0, 1, 2, 1, 2, 1, 3, 1, 3, 1, 1, 0, 1, 0, 1, 0, 1, 2, 1, 2, 0, 2, 2, 0, 0, 0, 2, 0, 0, 0, 0, 2, 0, 1, 1, 0, 1, 0, 1, 1, 1, 1, 2, 2, 0, 1, 2, 2, 1, 3, 0, 0, 1, 0, 0, 0, 0, 0, 1, 2, 3, 1, 0, 2, 1, 3, 2],797.540291221851;129008.676280931000;358250.977860813500,false,0
77,2,34876,G4_BALANCED,[63, 30, 89, 27, 96, 75, 26, 76, 58, 1, 12, 18, 78, 16, 80, 84, 49, 11, 85, 15, 83, 47, 0, 14, 64, 25, 66, 65, 81, 44, 29, 82, 13, 4, 86, 7, 54, 52, 56, 21, 32, 48, 38, 74, 39, 33, 60, 71, 69, 31, 90, 3, 34, 99, 43, 67, 35, 53, 20, 10, 87, 22, 91, 41, 19, 79, 57, 61, 70, 88, 45, 37, 51, 94, 2, 59, 55, 28, 62, 36, 92, 23, 42, 9, 73, 8, 6, 93, 5, 17, 24, 98, 77, 46, 95, 72, 97, 68, 50, 40]|[2, 0, 1, 2, 1, 0, 1, 0, 2, 2, 1, 1, 0, 2, 2, 1, 1, 2, 1, 1, 2, 0, 1, 0, 2, 2, 1, 1, 1, 2, 2, 2, 2, 1, 0, 2, 1, 2, 1, 1, 2, 2, 2, 0, 2, 2, 1, 1, 1, 2, 1, 1, 1, 2, 1, 1, 1, 1, 2, 1, 2, 1, 1, 0, 2, 1, 2, 1, 2, 1, 1, 1, 1, 2, 1, 2, 1, 2, 1, 1, 1, 1, 2, 1, 1, 2, 0, 1, 0, 1, 2, 1, 1, 2, 2, 0, 2, 2, 1, 1]|[4, 2, 0, 3, 1, 2, 3, 2, 4, 2, 3, 0, 1, 1, 2, 2, 1, 1, 1, 2, 2, 2, 2, 0, 1, 3, 0, 1, 3, 2, 1, 0, 4, 0, 2, 1, 2, 0, 2, 1, 3, 4, 3, 1, 1, 4, 3, 1, 3, 1, 3, 2, 2, 1, 1, 0, 1, 2, 4, 2, 1, 1, 2, 2, 1, 3, 4, 2, 3, 3, 1, 2, 2, 1, 1, 0, 3, 3, 3, 3, 2, 2, 0, 1, 1, 0, 2, 1, 2, 1, 1, 1, 1, 1, 0, 2, 1, 3, 1, 1]|[0, 1, 2, 1, 1, 1, 2, 0, 0, 3, 1, 2, 0, 2, 2, 0, 0, 2, 0, 0, 3, 0, 1, 1, 0, 0, 0, 2, 0, 2, 1, 0, 1, 1, 0, 0, 2, 0, 2, 1, 3, 1, 2, 1, 2, 1, 0, 1, 2, 2, 1, 0, 1, 2, 0, 2, 0, 2, 0, 0, 2, 1, 0, 0, 2, 2, 1, 2, 1, 0, 0, 1, 0, 0, 1, 2, 2, 1, 1, 1, 2, 0, 3, 2, 2, 1, 0, 0, 0, 1, 2, 0, 0, 1, 3, 0, 2, 0, 0, 0],1073.006498746403;119164.727784685850;328114.103449437240,false,0
77,2,34876,G2_TEC,[63, 30, 89, 27, 96, 75, 26, 76, 58, 1, 12, 18, 78, 16, 80, 84, 49, 11, 85, 15, 83, 47, 0, 14, 64, 25, 66, 65, 31, 44, 29, 82, 13, 4, 86, 7, 54, 52, 56, 21, 32, 48, 38, 74, 39, 33, 60, 71, 69, 81, 90, 3, 34, 99, 43, 67, 35, 53, 20, 10, 87, 22, 91, 41, 19, 79, 57, 61, 70, 88, 45, 37, 51, 94, 2, 59, 55, 28, 62, 36, 92, 23, 42, 9, 73, 8, 6, 93, 5, 17, 24, 98, 77, 95, 50, 40, 97, 46, 72, 68]|[2, 0, 1, 2, 1, 0, 1, 0, 2, 2, 1, 1, 0, 2, 2, 1, 2, 2, 1, 1, 2, 0, 1, 0, 2, 2, 1, 1, 1, 2, 2, 2, 2, 1, 0, 2, 1, 2, 1, 1, 2, 2, 2, 0, 2, 2, 1, 1, 1, 1, 1, 1, 0, 2, 1, 1, 1, 1, 1, 1, 2, 1, 1, 0, 2, 1, 2, 1, 2, 1, 1, 1, 1, 2, 1, 2, 2, 2, 2, 1, 1, 1, 2, 1, 1, 2, 0, 1, 0, 1, 2, 1, 1, 2, 1, 1, 2, 2, 0, 2]|[4, 2, 0, 3, 1, 2, 3, 2, 4, 2, 3, 0, 1, 1, 2, 2, 3, 1, 1, 2, 2, 2, 2, 0, 1, 3, 0, 1, 3, 2, 1, 0, 4, 0, 2, 1, 2, 0, 2, 1, 3, 4, 3, 1, 1, 4, 3, 1, 3, 3, 1, 2, 1, 1, 1, 0, 1, 2, 3, 2, 1, 1, 1, 2, 4, 3, 4, 2, 3, 3, 1, 2, 2, 1, 1, 0, 3, 3, 1, 3, 2, 2, 0, 1, 1, 0, 2, 1, 2, 2, 1, 2, 1, 0, 1, 1, 0, 1, 2, 3]|[0, 1, 2, 1, 1, 1, 2, 0, 0, 3, 1, 2, 0, 2, 2, 0, 1, 2, 0, 0, 3, 0, 1, 1, 0, 0, 0, 2, 0, 2, 1, 0, 1, 1, 0, 0, 2, 0, 2, 1, 3, 1, 2, 1, 2, 1, 0, 1, 2, 0, 1, 0, 1, 2, 0, 2, 0, 2, 2, 0, 2, 1, 0, 0, 0, 2, 1, 2, 1, 0, 0, 1, 0, 0, 1, 2, 2, 1, 2, 1, 2, 0, 3, 2, 2, 1, 0, 0, 0, 0, 2, 0, 2, 3, 0, 2, 3, 1, 0, 0],1034.644836770965;119512.936186037030;328845.579125207270,false,0
77,2,34876,G3_TWC,[63, 30, 89, 27, 96, 75, 26, 76, 58, 1, 12, 18, 78, 16, 80, 84, 49, 11, 85, 15, 83, 47, 0, 14, 64, 25, 66, 65, 81, 44, 29, 82, 13, 4, 86, 7, 54, 52, 56, 21, 32, 48, 38, 74, 39, 33, 60, 71, 69, 31, 90, 3, 34, 99, 43, 67, 35, 53, 20, 10, 87, 22, 91, 41, 19, 79, 57, 61, 70, 88, 45, 37, 51, 94, 2, 59, 55, 28, 62, 36, 92, 23, 42, 9, 73, 8, 6, 93, 5, 17, 24, 98, 77, 95, 46, 97, 50, 40, 72, 68]|[2, 0, 1, 2, 1, 0, 1, 0, 2, 2, 1, 1, 0, 2, 2, 0, 1, 2, 1, 1, 2, 0, 1, 0, 2, 2, 1, 1, 1, 2, 2, 2, 2, 1, 0, 2, 1, 2, 1, 1, 2, 2, 2, 0, 2, 2, 1, 1, 1, 2, 0, 1, 1, 2, 1, 1, 1, 1, 2, 1, 2, 1, 1, 0, 2, 1, 2, 1, 2, 1, 1, 1, 1, 2, 1, 2, 1, 2, 1, 1, 1, 1, 2, 1, 2, 2, 0, 1, 0, 1, 1, 1, 1, 2, 2, 2, 1, 1, 0, 2]|[4, 2, 0, 3, 1, 2, 3, 2, 4, 2, 3, 0, 1, 1, 2, 1, 1, 1, 1, 2, 2, 2, 2, 0, 1, 3, 0, 1, 3, 2, 1, 0, 4, 0, 2, 1, 2, 0, 2, 1, 3, 4, 3, 1, 1, 4, 3, 1, 3, 1, 2, 2, 2, 1, 1, 0, 1, 2, 4, 2, 1, 1, 2, 2, 1, 3, 4, 1, 3, 3, 1, 2, 2, 1, 1, 0, 3, 3, 3, 3, 2, 2, 0, 1, 1, 0, 2, 1, 2, 2, 1, 2, 1, 0, 1, 1, 1, 1, 2, 3]|[0, 1, 2, 1, 1, 1, 2, 0, 0, 3, 1, 2, 0, 2, 2, 0, 0, 2, 0, 0, 3, 0, 1, 1, 0, 0, 0, 2, 0, 2, 1, 0, 1, 1, 0, 0, 0, 0, 2, 1, 3, 1, 2, 1, 2, 1, 0, 1, 2, 2, 1, 0, 1, 2, 0, 2, 0, 2, 0, 0, 2, 1, 0, 0, 2, 2, 1, 2, 1, 0, 0, 1, 0, 0, 1, 2, 2, 1, 1, 1, 2, 0, 3, 2, 0, 1, 0, 0, 0, 0, 0, 0, 0, 3, 1, 2, 0, 0, 0, 0],1017.040138306931;120526.749213358820;332666.087915714700,false,0
78,2,34976,G1_CMAX,[63, 30, 89, 27, 96, 38, 26, 22, 58, 1, 12, 18, 78, 16, 80, 84, 49, 11, 85, 15, 83, 0, 14, 64, 25, 66, 65, 81, 44, 29, 82, 13, 4, 86, 7, 54, 52, 56, 21, 32, 48, 75, 74, 39, 33, 60, 71, 69, 31, 90, 35, 37, 99, 24, 67, 53, 43, 20, 10, 87, 76, 91, 41, 19, 79, 57, 61, 70, 88, 45, 34, 51, 47, 94, 2, 97, 55, 28, 62, 36, 92, 23, 42, 8, 50, 9, 6, 68, 93, 5, 72, 17, 73, 40, 46, 98, 3, 77, 95, 59]|[2, 0, 0, 0, 0, 2, 0, 0, 2, 2, 2, 1, 0, 0, 2, 1, 1, 2, 1, 0, 2, 0, 0, 0, 1, 1, 1, 1, 2, 2, 2, 2, 0, 0, 0, 1, 0, 1, 2, 2, 1, 2, 2, 0, 2, 1, 1, 1, 2, 0, 1, 1, 2, 1, 1, 2, 1, 0, 1, 2, 0, 1, 0, 2, 1, 0, 0, 1, 0, 2, 1, 0, 0, 2, 1, 2, 1, 1, 1, 2, 1, 2, 2, 0, 1, 0, 0, 1, 0, 1, 0, 0, 1, 2, 2, 1, 2, 2, 2, 2]|[4, 2, 0, 0, 2, 2, 1, 2, 4, 2, 2, 0, 1, 0, 4, 2, 1, 1, 1, 2, 2, 1, 0, 2, 1, 0, 1, 3, 2, 4, 0, 3, 0, 2, 2, 2, 2, 2, 0, 3, 0, 4, 2, 1, 4, 0, 1, 1, 0, 2, 2, 1, 1, 3, 0, 1, 1, 0, 1, 1, 2, 2, 2, 4, 3, 2, 0, 0, 1, 3, 1, 0, 1, 4, 1, 1, 0, 2, 0, 4, 2, 3, 0, 0, 1, 0, 1, 2, 2, 1, 0, 1, 1, 0, 1, 2, 2, 0, 0, 0]|[0, 0, 1, 0, 1, 3, 1, 0, 0, 3, 3, 2, 0, 0, 0, 0, 0, 2, 0, 0, 3, 1, 1, 0, 2, 0, 0, 0, 2, 1, 0, 3, 1, 0, 1, 2, 1, 2, 1, 3, 1, 3, 1, 1, 0, 1, 0, 1, 0, 1, 2, 1, 2, 0, 2, 2, 0, 0, 0, 2, 0, 0, 0, 0, 2, 0, 1, 1, 0, 1, 0, 1, 1, 1, 1, 2, 2, 0, 1, 2, 2, 1, 3, 0, 0, 1, 0, 0, 0, 0, 0, 1, 2, 3, 1, 0, 2, 1, 3, 2],797.540291221851;129008.676280931000;358250.977860813500,false,0
78,2,34976,G4_BALANCED,[63, 30, 89, 27, 96, 75, 26, 76, 58, 1, 12, 18, 78, 16, 80, 84, 49, 11, 85, 15, 83, 47, 0, 14, 64, 25, 66, 65, 81, 44, 29, 82, 13, 4, 86, 7, 54, 52, 56, 21, 32, 48, 38, 74, 39, 33, 60, 71, 69, 31, 90, 3, 34, 99, 43, 67, 35, 53, 20, 10, 87, 22, 91, 41, 19, 79, 57, 61, 70, 88, 45, 37, 51, 94, 2, 59, 55, 28, 62, 36, 92, 23, 42, 9, 73, 8, 6, 5, 40, 98, 24, 97, 93, 95, 46, 72, 77, 50, 17, 68]|[2, 0, 1, 2, 1, 0, 0, 0, 2, 2, 2, 1, 0, 2, 2, 1, 1, 2, 1, 0, 2, 0, 1, 0, 2, 1, 1, 0, 1, 2, 2, 2, 2, 0, 0, 0, 1, 2, 2, 1, 2, 2, 2, 0, 2, 2, 0, 1, 0, 2, 0, 1, 1, 2, 1, 1, 1, 1, 2, 1, 2, 1, 1, 0, 2, 1, 0, 0, 0, 1, 0, 1, 1, 2, 1, 2, 2, 2, 1, 1, 1, 1, 2, 1, 1, 1, 0, 0, 1, 1, 1, 2, 0, 2, 2, 0, 1, 1, 1, 2]|[4, 2, 0, 3, 1, 2, 1, 2, 4, 2, 2, 0, 1, 1, 0, 2, 1, 1, 1, 2, 2, 2, 2, 0, 1, 1, 0, 0, 3, 2, 1, 0, 4, 0, 2, 2, 2, 0, 2, 1, 3, 4, 3, 1, 1, 4, 0, 1, 1, 1, 2, 2, 2, 1, 1, 0, 1, 2, 4, 2, 1, 1, 2, 2, 4, 3, 2, 0, 2, 3, 1, 2, 2, 4, 1, 0, 3, 3, 0, 3, 2, 1, 0, 1, 1, 0, 2, 2, 3, 2, 3, 0, 1, 0, 1, 0, 3, 1, 1, 3]|[0, 1, 2, 1, 1, 1, 1, 0, 0, 3, 3, 2, 0, 2, 0, 0, 0, 2, 0, 0, 3, 0, 1, 1, 0, 2, 0, 1, 0, 2, 1, 0, 1, 1, 0, 1, 2, 0, 2, 1, 3, 1, 2, 1, 2, 1, 0, 1, 0, 2, 1, 0, 1, 2, 0, 2, 0, 2, 0, 0, 2, 1, 0, 0, 0, 2, 1, 1, 0, 0, 1, 1, 0, 1, 1, 2, 2, 1, 1, 1, 2, 1, 3, 2, 2, 1, 0, 0, 2, 0, 0, 1, 1, 3, 1, 0, 0, 0, 1, 0],895.498973977611;125924.161525075060;348179.820529092740,false,0
78,2,34976,G2_TEC,[63, 30, 89, 27, 96, 75, 26, 76, 58, 1, 12, 18, 78, 16, 80, 84, 49, 11, 85, 15, 83, 47, 0, 14, 64, 25, 66, 65, 31, 44, 29, 82, 13, 4, 86, 7, 54, 52, 56, 21, 32, 48, 38, 74, 39, 33, 60, 71, 69, 81, 90, 3, 34, 99, 43, 67, 35, 53, 20, 10, 87, 22, 91, 41, 19, 79, 57, 61, 70, 88, 45, 37, 51, 94, 2, 59, 55, 28, 62, 36, 92, 23, 42, 9, 73, 8, 6, 93, 5, 17, 24, 98, 77, 95, 50, 40, 97, 46, 72, 68]|[2, 0, 1, 2, 1, 0, 1, 0, 2, 2, 1, 1, 0, 2, 2, 1, 2, 2, 1, 1, 2, 0, 1, 0, 2, 2, 1, 1, 1, 2, 2, 2, 2, 1, 0, 2, 1, 2, 1, 1, 2, 2, 2, 0, 2, 2, 1, 1, 1, 1, 1, 1, 0, 2, 1, 1, 1, 1, 1, 1, 2, 1, 1, 0, 2, 1, 2, 1, 2, 1, 1, 1, 1, 2, 1, 2, 2, 2, 2, 1, 1, 1, 2, 1, 1, 2, 0, 1, 0, 1, 2, 1, 1, 2, 1, 1, 2, 2, 0, 2]|[4, 2, 0, 3, 1, 2, 3, 2, 4, 2, 3, 0, 1, 1, 2, 2, 3, 1, 1, 2, 2, 2, 2, 0, 1, 3, 0, 1, 3, 2, 1, 0, 4, 0, 2, 1, 2, 0, 2, 1, 3, 4, 3, 1, 1, 4, 3, 1, 3, 3, 1, 2, 1, 1, 1, 0, 1, 2, 3, 2, 1, 1, 1, 2, 4, 3, 4, 2, 3, 3, 1, 2, 2, 1, 1, 0, 3, 3, 1, 3, 2, 2, 0, 1, 1, 0, 2, 1, 2, 2, 1, 2, 1, 0, 1, 1, 0, 1, 2, 3]|[0, 1, 2, 1, 1, 1, 2, 0, 0, 3, 1, 2, 0, 2, 2, 0, 1, 2, 0, 0, 3, 0, 1, 1, 0, 0, 0, 2, 0, 2, 1, 0, 1, 1, 0, 0, 2, 0, 2, 1, 3, 1, 2, 1, 2, 1, 0, 1, 2, 0, 1, 0, 1, 2, 0, 2, 0, 2, 2, 0, 2, 1, 0, 0, 0, 2, 1, 2, 1, 0, 0, 1, 0, 0, 1, 2, 2, 1, 2, 1, 2, 0, 3, 2, 2, 1, 0, 0, 0, 0, 2, 0, 2, 3, 0, 2, 3, 1, 0, 0],1034.644836770965;119512.936186037030;328845.579125207270,false,0
78,2,34976,G3_TWC,[63, 30, 89, 27, 96, 75, 26, 76, 58, 1, 12, 18, 78, 16, 80, 84, 49, 11, 85, 15, 83, 47, 0, 14, 64, 25, 66, 65, 81, 44, 29, 82, 13, 4, 86, 7, 54, 52, 56, 21, 32, 48, 38, 74, 39, 33, 60, 71, 69, 31, 90, 3, 34, 99, 43, 67, 35, 53, 20, 10, 87, 22, 91, 41, 19, 79, 57, 61, 70, 88, 45, 37, 51, 94, 2, 59, 55, 28, 62, 36, 92, 23, 42, 9, 73, 8, 6, 93, 5, 17, 24, 98, 46, 95, 77, 50, 97, 40, 72, 68]|[2, 0, 1, 2, 1, 0, 0, 0, 2, 2, 1, 1, 1, 2, 2, 1, 2, 2, 1, 1, 2, 0, 1, 0, 2, 2, 1, 1, 1, 2, 2, 2, 2, 1, 0, 2, 1, 2, 1, 1, 2, 2, 2, 0, 2, 2, 1, 1, 1, 2, 1, 1, 1, 2, 1, 1, 1, 1, 2, 1, 2, 1, 1, 0, 2, 1, 2, 1, 1, 1, 1, 1, 1, 2, 1, 2, 2, 2, 2, 1, 1, 1, 2, 1, 2, 2, 0, 1, 0, 1, 2, 1, 2, 2, 2, 1, 2, 1, 0, 2]|[4, 2, 0, 3, 1, 2, 1, 2, 4, 2, 3, 0, 1, 1, 2, 2, 3, 1, 1, 2, 2, 2, 2, 0, 1, 3, 0, 1, 3, 2, 1, 0, 4, 0, 2, 1, 2, 0, 2, 1, 3, 4, 3, 1, 1, 4, 3, 1, 3, 1, 3, 2, 2, 1, 1, 0, 1, 2, 4, 2, 1, 1, 1, 2, 4, 3, 4, 1, 3, 3, 1, 2, 2, 4, 1, 0, 3, 3, 1, 3, 2, 2, 0, 1, 1, 0, 2, 1, 2, 2, 1, 2, 1, 0, 1, 1, 3, 1, 2, 3]|[0, 1, 2, 1, 1, 1, 1, 0, 0, 3, 1, 2, 0, 2, 2, 0, 1, 2, 0, 0, 3, 0, 1, 1, 0, 0, 0, 2, 0, 2, 1, 0, 1, 1, 0, 0, 0, 0, 2, 1, 3, 1, 2, 1, 2, 1, 0, 1, 2, 2, 1, 0, 1, 2, 0, 2, 0, 2, 0, 0, 2, 1, 0, 0, 0, 2, 1, 2, 0, 0, 0, 1, 0, 1, 1, 2, 2, 1, 2, 1, 2, 0, 3, 2, 0, 1, 0, 0, 0, 0, 2, 0, 1, 3, 2, 0, 0, 2, 0, 0],994.519788492617;120304.544202276160;331719.196737191400,false,0
79,2,35076,G1_CMAX,[63, 30, 89, 27, 96, 38, 26, 22, 58, 1, 12, 18, 78, 16, 80, 84, 49, 11, 85, 15, 83, 0, 14, 64, 25, 66, 65, 81, 44, 29, 82, 13, 4, 86, 7, 54, 52, 56, 21, 32, 48, 75, 74, 39, 33, 60, 71, 69, 31, 90, 35, 37, 99, 24, 67, 53, 43, 20, 10, 87, 76, 91, 41, 19, 79, 57, 61, 70, 88, 45, 34, 51, 47, 94, 2, 97, 55, 28, 62, 36, 92, 23, 42, 8, 50, 9, 6, 68, 93, 5, 72, 17, 73, 40, 46, 98, 3, 77, 95, 59]|[2, 0, 0, 0, 0, 2, 0, 0, 2, 2, 2, 1, 0, 0, 2, 1, 1, 2, 1, 0, 2, 0, 0, 0, 1, 1, 1, 1, 2, 2, 2, 2, 0, 0, 0, 1, 0, 1, 2, 2, 1, 2, 2, 0, 2, 1, 1, 1, 2, 0, 1, 1, 2, 1, 1, 2, 1, 0, 1, 2, 0, 1, 0, 2, 1, 0, 0, 1, 0, 2, 1, 0, 0, 2, 1, 2, 1, 1, 1, 2, 1, 2, 2, 0, 1, 0, 0, 1, 0, 1, 0, 0, 1, 2, 2, 1, 2, 2, 2, 2]|[4, 2, 0, 0, 2, 2, 1, 2, 4, 2, 2, 0, 1, 0, 4, 2, 1, 1, 1, 2, 2, 1, 0, 2, 1, 0, 1, 3, 2, 4, 0, 3, 0, 2, 2, 2, 2, 2, 0, 3, 0, 4, 2, 1, 4, 0, 1, 1, 0, 2, 2, 1, 1, 3, 0, 1, 1, 0, 1, 1, 2, 2, 2, 4, 3, 2, 0, 0, 1, 3, 1, 0, 1, 4, 1, 1, 0, 2, 0, 4, 2, 3, 0, 0, 1, 0, 1, 2, 2, 1, 0, 1, 1, 0, 1, 2, 2, 0, 0, 0]|[0, 0, 1, 0, 1, 3, 1, 0, 0, 3, 3, 2, 0, 0, 0, 0, 0, 2, 0, 0, 3, 1, 1, 0, 2, 0, 0, 0, 2, 1, 0, 3, 1, 0, 1, 2, 1, 2, 1, 3, 1, 3, 1, 1, 0, 1, 0, 1, 0, 1, 2, 1, 2, 0, 2, 2, 0, 0, 0, 2, 0, 0, 0, 0, 2, 0, 1, 1, 0, 1, 0, 1, 1, 1, 1, 2, 2, 0, 1, 2, 2, 1, 3, 0, 0, 1, 0, 0, 0, 0, 0, 1, 2, 3, 1, 0, 2, 1, 3, 2],797.540291221851;129008.676280931000;358250.977860813500,false,0
79,2,35076,G4_BALANCED,[63, 30, 89, 27, 96, 75, 26, 76, 58, 1, 12, 18, 78, 16, 80, 84, 49, 11, 85, 15, 83, 47, 0, 14, 64, 25, 66, 65, 81, 44, 29, 82, 13, 4, 86, 7, 54, 52, 56, 21, 32, 48, 38, 74, 39, 33, 60, 71, 69, 31, 90, 3, 34, 99, 43, 67, 35, 20, 53, 10, 87, 22, 91, 41, 19, 79, 57, 61, 70, 88, 45, 68, 51, 94, 2, 59, 55, 28, 62, 36, 92, 23, 42, 9, 73, 8, 6, 93, 5, 98, 24, 17, 77, 95, 46, 50, 97, 40, 72, 37]|[2, 0, 1, 2, 1, 0, 1, 0, 2, 2, 1, 1, 0, 2, 2, 1, 1, 2, 1, 1, 2, 0, 1, 0, 2, 2, 1, 1, 1, 2, 2, 2, 2, 1, 0, 2, 1, 2, 1, 1, 2, 2, 2, 0, 2, 2, 1, 1, 1, 2, 0, 1, 1, 2, 1, 1, 1, 2, 1, 1, 2, 1, 1, 0, 2, 1, 2, 1, 2, 1, 1, 1, 1, 2, 1, 2, 1, 2, 1, 1, 1, 1, 2, 1, 2, 1, 0, 1, 0, 1, 1, 1, 2, 2, 1, 1, 2, 1, 0, 1]|[4, 2, 0, 3, 1, 2, 3, 2, 4, 2, 3, 0, 1, 1, 2, 2, 1, 1, 1, 2, 2, 2, 2, 0, 1, 3, 0, 1, 3, 2, 1, 0, 4, 0, 2, 1, 2, 0, 2, 1, 3, 4, 3, 1, 1, 4, 3, 1, 3, 1, 2, 2, 2, 1, 1, 0, 1, 4, 2, 2, 1, 1, 2, 2, 1, 3, 4, 1, 3, 3, 1, 2, 2, 1, 1, 0, 3, 3, 3, 3, 2, 2, 0, 1, 1, 2, 2, 1, 2, 2, 1, 1, 1, 0, 1, 1, 1, 1, 2, 2]|[0, 1, 2, 1, 1, 1, 2, 0, 0, 3, 1, 2, 0, 2, 2, 0, 0, 2, 0, 0, 3, 0, 1, 1, 0, 0, 0, 2, 0, 2, 1, 0, 1, 1, 0, 0, 2, 0, 2, 1, 3, 1, 2, 1, 2, 1, 0, 1, 2, 2, 1, 0, 1, 2, 0, 2, 0, 0, 2, 0, 2, 1, 0, 0, 2, 2, 1, 2, 1, 0, 0, 1, 0, 0, 1, 2, 2, 1, 1, 1, 2, 0, 3, 2, 0, 0, 0, 0, 0, 0, 0, 2, 1, 3, 0, 0, 2, 0, 0, 1],1068.897623778920;119365.889535546930;323708.144699195600,false,0
79,2,35076,G2_TEC,[63, 30, 89, 27, 96, 75, 26, 76, 58, 1, 12, 18, 78, 16, 80, 84, 49, 11, 85, 15, 83, 47, 0, 14, 64, 25, 66, 65, 31, 44, 29, 82, 13, 4, 86, 7, 54, 52, 56, 21, 32, 48, 38, 74, 39, 33, 60, 71, 69, 81, 90, 3, 34, 99, 43, 67, 35, 53, 20, 10, 87, 22, 91, 41, 19, 79, 57, 61, 70, 88, 45, 37, 51, 94, 2, 59, 55, 28, 62, 36, 92, 23, 42, 9, 73, 8, 6, 93, 5, 17, 24, 98, 77, 95, 50, 40, 97, 46, 72, 68]|[2, 0, 1, 2, 1, 0, 1, 0, 2, 2, 1, 1, 0, 2, 2, 1, 2, 2, 1, 1, 2, 0, 1, 0, 2, 2, 1, 1, 1, 2, 2, 2, 2, 1, 0, 2, 1, 2, 1, 1, 2, 2, 2, 0, 2, 2, 1, 1, 1, 1, 1, 1, 0, 2, 1, 1, 1, 1, 1, 1, 2, 1, 1, 0, 2, 1, 2, 1, 2, 1, 1, 1, 1, 2, 1, 2, 2, 2, 2, 1, 1, 1, 2, 1, 1, 2, 0, 1, 0, 1, 2, 1, 1, 2, 1, 1, 2, 2, 0, 2]|[4, 2, 0, 3, 1, 2, 3, 2, 4, 2, 3, 0, 1, 1, 2, 2, 3, 1, 1, 2, 2, 2, 2, 0, 1, 3, 0, 1, 3, 2, 1, 0, 4, 0, 2, 1, 2, 0, 2, 1, 3, 4, 3, 1, 1, 4, 3, 1, 3, 3, 1, 2, 1, 1, 1, 0, 1, 2, 3, 2, 1, 1, 1, 2, 4, 3, 4, 2, 3, 3, 1, 2, 2, 1, 1, 0, 3, 3, 1, 3, 2, 2, 0, 1, 1, 0, 2, 1, 2, 2, 1, 2, 1, 0, 1, 1, 0, 1, 2, 3]|[0, 1, 2, 1, 1, 1, 2, 0, 0, 3, 1, 2, 0, 2, 2, 0, 1, 2, 0, 0, 3, 0, 1, 1, 0, 0, 0, 2, 0, 2, 1, 0, 1, 1, 0, 0, 2, 0, 2, 1, 3, 1, 2, 1, 2, 1, 0, 1, 2, 0, 1, 0, 1, 2, 0, 2, 0, 2, 2, 0, 2, 1, 0, 0, 0, 2, 1, 2, 1, 0, 0, 1, 0, 0, 1, 2, 2, 1, 2, 1, 2, 0, 3, 2, 2, 1, 0, 0, 0, 0, 2, 0, 2, 3, 0, 2, 3, 1, 0, 0],1034.644836770965;119512.936186037030;328845.579125207270,false,0
79,2,35076,G3_TWC,[63, 30, 89, 27, 96, 75, 26, 76, 58, 1, 12, 18, 78, 16, 80, 84, 49, 11, 85, 15, 83, 47, 0, 14, 64, 25, 66, 65, 81, 44, 29, 82, 13, 4, 86, 7, 54, 52, 56, 21, 32, 48, 38, 74, 39, 33, 60, 71, 69, 31, 90, 3, 34, 99, 43, 67, 35, 53, 20, 10, 87, 22, 91, 41, 19, 79, 57, 61, 70, 88, 45, 37, 51, 94, 2, 59, 55, 28, 62, 36, 92, 23, 42, 9, 73, 8, 6, 93, 5, 17, 24, 98, 46, 95, 77, 50, 97, 40, 72, 68]|[2, 0, 1, 2, 1, 0, 0, 0, 2, 2, 1, 1, 1, 2, 2, 1, 2, 2, 1, 1, 2, 0, 1, 0, 2, 2, 1, 1, 1, 2, 2, 2, 2, 1, 0, 2, 1, 2, 1, 1, 2, 2, 2, 0, 2, 2, 1, 1, 1, 2, 1, 1, 1, 2, 1, 1, 1, 1, 2, 1, 2, 1, 1, 0, 2, 1, 2, 1, 1, 1, 1, 1, 1, 2, 1, 2, 2, 2, 2, 1, 1, 1, 2, 1, 2, 2, 0, 1, 0, 1, 2, 1, 2, 2, 2, 1, 2, 1, 0, 2]|[4, 2, 0, 3, 1, 2, 1, 2, 4, 2, 3, 0, 1, 1, 2, 2, 3, 1, 1, 2, 2, 2, 2, 0, 1, 3, 0, 1, 3, 2, 1, 0, 4, 0, 2, 1, 2, 0, 2, 1, 3, 4, 3, 1, 1, 4, 3, 1, 3, 1, 3, 2, 2, 1, 1, 0, 1, 2, 4, 2, 1, 1, 1, 2, 4, 3, 4, 1, 3, 3, 1, 2, 2, 4, 1, 0, 3, 3, 1, 3, 2, 2, 0, 1, 1, 0, 2, 1, 2, 2, 1, 2, 1, 0, 1, 1, 3, 1, 2, 3]|[0, 1, 2, 1, 1, 1, 1, 0, 0, 3, 1, 2, 0, 2, 2, 0, 1, 2, 0, 0, 3, 0, 1, 1, 0, 0, 0, 2, 0, 2, 1, 0, 1, 1, 0, 0, 0, 0, 2, 1, 3, 1, 2, 1, 2, 1, 0, 1, 2, 2, 1, 0, 1, 2, 0, 2, 0, 2, 0, 0, 2, 1, 0, 0, 0, 2, 1, 2, 0, 0, 0, 1, 0, 1, 1, 2, 2, 1, 2, 1, 2, 0, 3, 2, 0, 1, 0, 0, 0, 0, 2, 0, 1, 3, 2, 0, 0, 2, 0, 0],994.519788492617;120304.544202276160;331719.196737191400,false,0
80,2,35176,G1_CMAX,[63, 30, 89, 27, 96, 38, 26, 22, 58, 1, 12, 18, 78, 16, 80, 84, 49, 11, 85, 15, 83, 0, 14, 64, 25, 66, 65, 81, 44, 29, 82, 13, 4, 86, 7, 54, 52, 56, 21, 32, 48, 75, 74, 39, 33, 60, 71, 69, 31, 90, 35, 37, 99, 24, 67, 53, 43, 20, 10, 87, 76, 91, 41, 19, 79, 57, 61, 70, 88, 45, 34, 51, 47, 94, 2, 97, 55, 28, 62, 36, 92, 23, 42, 8, 50, 9, 6, 68, 93, 5, 72, 17, 73, 40, 46, 98, 3, 77, 95, 59]|[2, 0, 0, 0, 0, 2, 0, 0, 2, 2, 2, 1, 0, 0, 2, 1, 1, 2, 1, 0, 2, 0, 0, 0, 1, 1, 1, 1, 2, 2, 2, 2, 0, 0, 0, 1, 0, 1, 2, 2, 1, 2, 2, 0, 2, 1, 1, 1, 2, 0, 1, 1, 2, 1, 1, 2, 1, 0, 1, 2, 0, 1, 0, 2, 1, 0, 0, 1, 0, 2, 1, 0, 0, 2, 1, 2, 1, 1, 1, 2, 1, 2, 2, 0, 1, 0, 0, 1, 0, 1, 0, 0, 1, 2, 2, 1, 2, 2, 2, 2]|[4, 2, 0, 0, 2, 2, 1, 2, 4, 2, 2, 0, 1, 0, 4, 2, 1, 1, 1, 2, 2, 1, 0, 2, 1, 0, 1, 3, 2, 4, 0, 3, 0, 2, 2, 2, 2, 2, 0, 3, 0, 4, 2, 1, 4, 0, 1, 1, 0, 2, 2, 1, 1, 3, 0, 1, 1, 0, 1, 1, 2, 2, 2, 4, 3, 2, 0, 0, 1, 3, 1, 0, 1, 4, 1, 1, 0, 2, 0, 4, 2, 3, 0, 0, 1, 0, 1, 2, 2, 1, 0, 1, 1, 0, 1, 2, 2, 0, 0, 0]|[0, 0, 1, 0, 1, 3, 1, 0, 0, 3, 3, 2, 0, 0, 0, 0, 0, 2, 0, 0, 3, 1, 1, 0, 2, 0, 0, 0, 2, 1, 0, 3, 1, 0, 1, 2, 1, 2, 1, 3, 1, 3, 1, 1, 0, 1, 0, 1, 0, 1, 2, 1, 2, 0, 2, 2, 0, 0, 0, 2, 0, 0, 0, 0, 2, 0, 1, 1, 0, 1, 0, 1, 1, 1, 1, 2, 2, 0, 1, 2, 2, 1, 3, 0, 0, 1, 0, 0, 0, 0, 0, 1, 2, 3, 1, 0, 2, 1, 3, 2],797.540291221851;129008.676280931000;358250.977860813500,false,0
80,2,35176,G4_BALANCED,[63, 30, 89, 27, 96, 75, 26, 76, 58, 1, 12, 18, 78, 16, 80, 84, 49, 11, 85, 15, 83, 47, 0, 14, 64, 25, 66, 65, 81, 44, 29, 82, 13, 4, 86, 7, 54, 52, 56, 21, 32, 48, 74, 39, 33, 60, 71, 69, 31, 90, 35, 37, 99, 24, 67, 53, 43, 20, 10, 87, 22, 91, 41, 19, 79, 57, 61, 70, 88, 45, 34, 51, 97, 94, 2, 38, 55, 28, 62, 36, 92, 23, 42, 9, 73, 8, 6, 93, 5, 17, 3, 77, 98, 46, 95, 72, 59, 68, 50, 40]|[2, 0, 1, 2, 1, 2, 0, 0, 2, 2, 2, 1, 1, 0, 2, 1, 1, 2, 1, 0, 2, 0, 1, 0, 1, 1, 0, 1, 1, 2, 2, 2, 2, 0, 0, 0, 0, 1, 2, 1, 2, 2, 2, 0, 2, 1, 0, 1, 2, 0, 1, 1, 2, 1, 1, 1, 1, 0, 0, 2, 1, 1, 0, 2, 1, 2, 0, 0, 1, 2, 1, 0, 2, 2, 1, 2, 0, 1, 1, 1, 1, 2, 2, 0, 1, 1, 0, 0, 0, 0, 2, 2, 1, 2, 2, 0, 2, 0, 1, 1]|[4, 2, 0, 3, 1, 2, 1, 2, 4, 2, 2, 0, 2, 0, 2, 2, 1, 1, 1, 2, 2, 2, 2, 0, 1, 0, 0, 3, 3, 4, 4, 0, 4, 2, 2, 2, 2, 2, 0, 1, 4, 4, 2, 1, 4, 0, 1, 1, 0, 2, 2, 2, 1, 3, 0, 2, 1, 0, 2, 1, 1, 2, 2, 4, 3, 4, 0, 0, 3, 3, 1, 0, 1, 1, 1, 3, 2, 2, 3, 3, 2, 3, 0, 0, 1, 2, 1, 2, 2, 1, 1, 0, 2, 0, 0, 0, 0, 2, 1, 1]|[0, 1, 2, 1, 1, 3, 1, 0, 0, 3, 3, 2, 0, 0, 2, 0, 0, 2, 0, 0, 3, 0, 1, 1, 2, 0, 0, 0, 0, 1, 1, 0, 1, 0, 1, 1, 1, 2, 1, 1, 1, 1, 1, 1, 1, 1, 1, 1, 0, 1, 2, 1, 2, 0, 2, 2, 0, 0, 0, 2, 1, 0, 0, 0, 2, 0, 1, 1, 0, 1, 1, 1, 2, 0, 1, 2, 0, 0, 1, 1, 2, 1, 3, 1, 2, 0, 0, 0, 0, 1, 2, 1, 0, 3, 3, 0, 2, 0, 0, 0],858.353455781131;127162.089485817390;347535.824317913600,false,0
80,2,35176,G2_TEC,[63, 30, 89, 27, 96, 75, 26, 76, 58, 1, 12, 18, 78, 16, 80, 84, 49, 11, 85, 15, 83, 47, 0, 14, 64, 25, 66, 65, 31, 44, 29, 82, 13, 4, 86, 7, 54, 52, 56, 21, 32, 48, 38, 74, 39, 33, 60, 71, 69, 81, 90, 3, 34, 99, 43, 67, 35, 53, 20, 10, 87, 22, 91, 41, 19, 79, 57, 61, 70, 88, 45, 37, 51, 94, 2, 59, 55, 28, 62, 36, 92, 23, 42, 9, 73, 8, 6, 93, 5, 17, 24, 98, 77, 95, 50, 40, 97, 46, 72, 68]|[2, 0, 1, 2, 1, 0, 1, 0, 2, 2, 1, 1, 0, 2, 2, 1, 2, 2, 1, 1, 2, 0, 1, 0, 2, 2, 1, 1, 1, 2, 2, 2, 2, 1, 0, 2, 1, 2, 1, 1, 2, 2, 2, 0, 2, 2, 1, 1, 1, 1, 1, 1, 0, 2, 1, 1, 1, 1, 1, 1, 2, 1, 1, 0, 2, 1, 2, 1, 2, 1, 1, 1, 1, 2, 1, 2, 2, 2, 2, 1, 1, 1, 2, 1, 1, 2, 0, 1, 0, 1, 2, 1, 1, 2, 1, 1, 2, 2, 0, 2]|[4, 2, 0, 3, 1, 2, 3, 2, 4, 2, 3, 0, 1, 1, 2, 2, 3, 1, 1, 2, 2, 2, 2, 0, 1, 3, 0, 1, 3, 2, 1, 0, 4, 0, 2, 1, 2, 0, 2, 1, 3, 4, 3, 1, 1, 4, 3, 1, 3, 3, 1, 2, 1, 1, 1, 0, 1, 2, 3, 2, 1, 1, 1, 2, 4, 3, 4, 2, 3, 3, 1, 2, 2, 1, 1, 0, 3, 3, 1, 3, 2, 2, 0, 1, 1, 0, 2, 1, 2, 2, 1, 2, 1, 0, 1, 1, 0, 1, 2, 3]|[0, 1, 2, 1, 1, 1, 2, 0, 0, 3, 1, 2, 0, 2, 2, 0, 1, 2, 0, 0, 3, 0, 1, 1, 0, 0, 0, 2, 0, 2, 1, 0, 1, 1, 0, 0, 2, 0, 2, 1, 3, 1, 2, 1, 2, 1, 0, 1, 2, 0, 1, 0, 1, 2, 0, 2, 0, 2, 2, 0, 2, 1, 0, 0, 0, 2, 1, 2, 1, 0, 0, 1, 0, 0, 1, 2, 2, 1, 2, 1, 2, 0, 3, 2, 2, 1, 0, 0, 0, 0, 2, 0, 2, 3, 0, 2, 3, 1, 0, 0],1034.644836770965;119512.936186037030;328845.579125207270,false,0
80,2,35176,G3_TWC,[63, 30, 89, 27, 96, 75, 26, 76, 58, 1, 12, 18, 78, 16, 80, 84, 49, 11, 85, 15, 83, 47, 0, 14, 64, 25, 66, 65, 81, 44, 29, 82, 13, 4, 86, 7, 54, 52, 56, 21, 32, 48, 38, 74, 39, 33, 60, 71, 69, 31, 90, 3, 34, 99, 43, 67, 35, 53, 20, 10, 87, 22, 91, 41, 19, 79, 57, 61, 70, 88, 45, 37, 51, 94, 2, 59, 55, 28, 62, 36, 92, 23, 42, 9, 73, 8, 6, 93, 5, 17, 24, 98, 46, 95, 77, 50, 97, 40, 72, 68]|[2, 0, 1, 2, 1, 0, 0, 0, 2, 2, 1, 1, 1, 2, 2, 1, 2, 2, 1, 1, 2, 0, 1, 0, 2, 2, 1, 1, 1, 2, 2, 2, 2, 1, 0, 2, 1, 2, 1, 1, 2, 2, 2, 0, 2, 2, 1, 1, 1, 2, 1, 1, 1, 2, 1, 1, 1, 1, 2, 1, 2, 1, 1, 0, 2, 1, 2, 1, 1, 1, 1, 1, 1, 2, 1, 2, 2, 2, 2, 1, 1, 1, 2, 1, 2, 2, 0, 1, 0, 1, 2, 1, 2, 2, 2, 1, 2, 1, 0, 2]|[4, 2, 0, 3, 1, 2, 1, 2, 4, 2, 3, 0, 1, 1, 2, 2, 3, 1, 1, 2, 2, 2, 2, 0, 1, 3, 0, 1, 3, 2, 1, 0, 4, 0, 2, 1, 2, 0, 2, 1, 3, 4, 3, 1, 1, 4, 3, 1, 3, 1, 3, 2, 2, 1, 1, 0, 1, 2, 4, 2, 1, 1, 1, 2, 4, 3, 4, 1, 3, 3, 1, 2, 2, 4, 1, 0, 3, 3, 1, 3, 2, 2, 0, 1, 1, 0, 2, 1, 2, 2, 1, 2, 1, 0, 1, 1, 3, 1, 2, 3]|[0, 1, 2, 1, 1, 1, 1, 0, 0, 3, 1, 2, 0, 2, 2, 0, 1, 2, 0, 0, 3, 0, 1, 1, 0, 0, 0, 2, 0, 2, 1, 0, 1, 1, 0, 0, 0, 0, 2, 1, 3, 1, 2, 1, 2, 1, 0, 1, 2, 2, 1, 0, 1, 2, 0, 2, 0, 2, 0, 0, 2, 1, 0, 0, 0, 2, 1, 2, 0, 0, 0, 1, 0, 1, 1, 2, 2, 1, 2, 1, 2, 0, 3, 2, 0, 1, 0, 0, 0, 0, 2, 0, 1, 3, 2, 0, 0, 2, 0, 0],994.519788492617;120304.544202276160;331719.196737191400,false,0
81,2,35276,G1_CMAX,[63, 30, 89, 27, 96, 38, 26, 22, 58, 1, 12, 18, 78, 16, 80, 84, 49, 11, 85, 15, 83, 0, 14, 64, 25, 66, 65, 81, 44, 29, 82, 13, 4, 86, 7, 54, 52, 56, 21, 32, 48, 75, 74, 39, 33, 60, 71, 69, 31, 90, 35, 37, 99, 24, 67, 53, 43, 20, 10, 87, 76, 91, 41, 19, 79, 57, 61, 70, 88, 45, 34, 51, 47, 94, 2, 97, 55, 28, 62, 36, 92, 23, 42, 8, 50, 9, 6, 68, 93, 5, 72, 17, 73, 40, 46, 98, 3, 77, 95, 59]|[2, 0, 0, 0, 0, 2, 0, 0, 2, 2, 2, 1, 0, 0, 2, 1, 1, 2, 1, 0, 2, 0, 0, 0, 1, 1, 1, 1, 2, 2, 2, 2, 0, 0, 0, 1, 0, 1, 2, 2, 1, 2, 2, 0, 2, 1, 1, 1, 2, 0, 1, 1, 2, 1, 1, 2, 1, 0, 1, 2, 0, 1, 0, 2, 1, 0, 0, 1, 0, 2, 1, 0, 0, 2, 1, 2, 1, 1, 1, 2, 1, 2, 2, 0, 1, 0, 0, 1, 0, 1, 0, 0, 1, 2, 2, 1, 2, 2, 2, 2]|[4, 2, 0, 0, 2, 2, 1, 2, 4, 2, 2, 0, 1, 0, 4, 2, 1, 1, 1, 2, 2, 1, 0, 2, 1, 0, 1, 3, 2, 4, 0, 3, 0, 2, 2, 2, 2, 2, 0, 3, 0, 4, 2, 1, 4, 0, 1, 1, 0, 2, 2, 1, 1, 3, 0, 1, 1, 0, 1, 1, 2, 2, 2, 4, 3, 2, 0, 0, 1, 3, 1, 0, 1, 4, 1, 1, 0, 2, 0, 4, 2, 3, 0, 0, 1, 0, 1, 2, 2, 1, 0, 1, 1, 0, 1, 2, 2, 0, 0, 0]|[0, 0, 1, 0, 1, 3, 1, 0, 0, 3, 3, 2, 0, 0, 0, 0, 0, 2, 0, 0, 3, 1, 1, 0, 2, 0, 0, 0, 2, 1, 0, 3, 1, 0, 1, 2, 1, 2, 1, 3, 1, 3, 1, 1, 0, 1, 0, 1, 0, 1, 2, 1, 2, 0, 2, 2, 0, 0, 0, 2, 0, 0, 0, 0, 2, 0, 1, 1, 0, 1, 0, 1, 1, 1, 1, 2, 2, 0, 1, 2, 2, 1, 3, 0, 0, 1, 0, 0, 0, 0, 0, 1, 2, 3, 1, 0, 2, 1, 3, 2],797.540291221851;129008.676280931000;358250.977860813500,false,0
81,2,35276,G4_BALANCED,[63, 30, 89, 27, 96, 75, 26, 76, 58, 1, 12, 18, 78, 16, 80, 84, 49, 11, 85, 15, 83, 47, 0, 14, 64, 25, 66, 65, 81, 44, 29, 82, 13, 4, 86, 7, 54, 52, 56, 21, 32, 48, 38, 74, 39, 33, 60, 71, 69, 31, 90, 3, 34, 99, 43, 67, 35, 53, 20, 10, 87, 22, 91, 41, 19, 79, 57, 61, 70, 88, 45, 37, 51, 8, 2, 59, 55, 28, 62, 36, 92, 23, 42, 9, 73, 94, 6, 93, 5, 17, 24, 98, 77, 95, 40, 50, 97, 46, 72, 68]|[2, 0, 1, 2, 1, 0, 1, 0, 2, 2, 1, 1, 0, 2, 2, 1, 1, 2, 1, 1, 2, 0, 1, 0, 2, 2, 1, 1, 1, 2, 2, 2, 2, 1, 2, 2, 1, 2, 1, 1, 2, 2, 2, 0, 2, 2, 1, 1, 1, 2, 1, 1, 0, 2, 1, 1, 1, 1, 2, 2, 2, 1, 1, 0, 2, 1, 2, 1, 2, 1, 1, 1, 1, 2, 1, 2, 1, 2, 1, 1, 1, 1, 2, 1, 2, 2, 0, 1, 2, 1, 1, 1, 1, 2, 1, 1, 2, 2, 1, 2]|[4, 2, 0, 3, 1, 2, 3, 2, 4, 2, 3, 0, 1, 1, 2, 2, 1, 1, 1, 2, 2, 2, 2, 0, 1, 3, 0, 1, 3, 2, 1, 0, 4, 0, 4, 1, 2, 0, 2, 1, 3, 4, 3, 1, 1, 4, 3, 1, 3, 1, 3, 2, 1, 1, 1, 0, 1, 2, 4, 1, 1, 1, 1, 2, 1, 3, 4, 1, 3, 3, 1, 2, 2, 0, 1, 0, 1, 3, 3, 3, 2, 2, 0, 1, 1, 0, 2, 1, 1, 1, 1, 2, 1, 0, 1, 1, 1, 1, 3, 3]|[0, 1, 2, 1, 1, 1, 2, 0, 0, 3, 1, 2, 0, 2, 2, 0, 0, 2, 0, 0, 3, 0, 1, 1, 0, 0, 0, 2, 0, 2, 1, 0, 1, 1, 1, 0, 2, 0, 2, 1, 3, 1, 2, 1, 2, 1, 0, 1, 2, 2, 1, 0, 1, 2, 0, 2, 0, 2, 0, 2, 2, 1, 0, 0, 2, 2, 1, 2, 1, 0, 0, 1, 0, 1, 1, 2, 0, 1, 1, 1, 2, 0, 3, 2, 0, 1, 0, 0, 2, 1, 0, 0, 2, 3, 0, 0, 2, 1, 1, 0],1052.661759725973;120314.900865937030;321619.732912461800,false,0
81,2,35276,G2_TEC,[63, 30, 89, 27, 96, 75, 26, 76, 58, 1, 12, 18, 78, 16, 80, 84, 49, 11, 85, 15, 83, 47, 0, 14, 64, 25, 66, 65, 31, 44, 29, 82, 13, 4, 86, 7, 54, 52, 56, 21, 32, 48, 38, 74, 39, 33, 60, 71, 69, 81, 90, 3, 34, 99, 43, 67, 35, 53, 20, 10, 87, 22, 91, 41, 19, 79, 57, 61, 70, 88, 45, 37, 51, 94, 2, 59, 55, 28, 62, 36, 92, 23, 42, 9, 73, 8, 6, 93, 5, 17, 24, 98, 77, 95, 50, 40, 97, 46, 72, 68]|[2, 0, 1, 2, 1, 0, 1, 0, 2, 2, 1, 1, 0, 2, 2, 1, 2, 2, 1, 1, 2, 0, 1, 0, 2, 2, 1, 1, 1, 2, 2, 2, 2, 1, 0, 2, 1, 2, 1, 1, 2, 2, 2, 0, 2, 2, 1, 1, 1, 1, 1, 1, 0, 2, 1, 1, 1, 1, 1, 1, 2, 1, 1, 0, 2, 1, 2, 1, 2, 1, 1, 1, 1, 2, 1, 2, 2, 2, 2, 1, 1, 1, 2, 1, 1, 2, 0, 1, 0, 1, 2, 1, 1, 2, 1, 1, 2, 2, 0, 2]|[4, 2, 0, 3, 1, 2, 3, 2, 4, 2, 3, 0, 1, 1, 2, 2, 3, 1, 1, 2, 2, 2, 2, 0, 1, 3, 0, 1, 3, 2, 1, 0, 4, 0, 2, 1, 2, 0, 2, 1, 3, 4, 3, 1, 1, 4, 3, 1, 3, 3, 1, 2, 1, 1, 1, 0, 1, 2, 3, 2, 1, 1, 1, 2, 4, 3, 4, 2, 3, 3, 1, 2, 2, 1, 1, 0, 3, 3, 1, 3, 2, 2, 0, 1, 1, 0, 2, 1, 2, 2, 1, 2, 1, 0, 1, 1, 0, 1, 2, 3]|[0, 1, 2, 1, 1, 1, 2, 0, 0, 3, 1, 2, 0, 2, 2, 0, 1, 2, 0, 0, 3, 0, 1, 1, 0, 0, 0, 2, 0, 2, 1, 0, 1, 1, 0, 0, 2, 0, 2, 1, 3, 1, 2, 1, 2, 1, 0, 1, 2, 0, 1, 0, 1, 2, 0, 2, 0, 2, 2, 0, 2, 1, 0, 0, 0, 2, 1, 2, 1, 0, 0, 1, 0, 0, 1, 2, 2, 1, 2, 1, 2, 0, 3, 2, 2, 1, 0, 0, 0, 0, 2, 0, 2, 3, 0, 2, 3, 1, 0, 0],1034.644836770965;119512.936186037030;328845.579125207270,false,0
81,2,35276,G3_TWC,[63, 30, 89, 27, 96, 75, 26, 76, 58, 1, 12, 18, 78, 16, 80, 84, 49, 11, 85, 15, 83, 47, 0, 14, 64, 25, 66, 65, 81, 44, 29, 82, 13, 4, 86, 7, 54, 52, 56, 21, 32, 48, 38, 74, 39, 33, 60, 71, 69, 31, 90, 3, 34, 99, 43, 67, 35, 53, 20, 10, 87, 22, 91, 41, 19, 79, 57, 61, 70, 88, 45, 37, 51, 94, 2, 59, 55, 28, 62, 36, 92, 23, 42, 9, 73, 8, 6, 93, 5, 17, 24, 98, 46, 95, 77, 50, 97, 40, 72, 68]|[2, 0, 1, 2, 1, 0, 0, 0, 2, 2, 1, 1, 1, 2, 2, 1, 2, 2, 1, 1, 2, 0, 1, 0, 2, 2, 1, 1, 1, 2, 2, 2, 2, 1, 0, 2, 1, 2, 1, 1, 2, 2, 2, 0, 2, 2, 1, 1, 1, 2, 1, 1, 1, 2, 1, 1, 1, 1, 2, 1, 2, 1, 1, 0, 2, 1, 2, 1, 1, 1, 1, 1, 1, 2, 1, 2, 2, 2, 2, 1, 1, 1, 2, 1, 2, 2, 0, 1, 0, 1, 2, 1, 2, 2, 2, 1, 2, 1, 0, 2]|[4, 2, 0, 3, 1, 2, 1, 2, 4, 2, 3, 0, 1, 1, 2, 2, 3, 1, 1, 2, 2, 2, 2, 0, 1, 3, 0, 1, 3, 2, 1, 0, 4, 0, 2, 1, 2, 0, 2, 1, 3, 4, 3, 1, 1, 4, 3, 1, 3, 1, 3, 2, 2, 1, 1, 0, 1, 2, 4, 2, 1, 1, 1, 2, 4, 3, 4, 1, 3, 3, 1, 2, 2, 4, 1, 0, 3, 3, 1, 3, 2, 2, 0, 1, 1, 0, 2, 1, 2, 2, 1, 2, 1, 0, 1, 1, 3, 1, 2, 3]|[0, 1, 2, 1, 1, 1, 1, 0, 0, 3, 1, 2, 0, 2, 2, 0, 1, 2, 0, 0, 3, 0, 1, 1, 0, 0, 0, 2, 0, 2, 1, 0, 1, 1, 0, 0, 0, 0, 2, 1, 3, 1, 2, 1, 2, 1, 0, 1, 2, 2, 1, 0, 1, 2, 0, 2, 0, 2, 0, 0, 2, 1, 0, 0, 0, 2, 1, 2, 0, 0, 0, 1, 0, 1, 1, 2, 2, 1, 2, 1, 2, 0, 3, 2, 0, 1, 0, 0, 0, 0, 2, 0, 1, 3, 2, 0, 0, 2, 0, 0],994.519788492617;120304.544202276160;331719.196737191400,false,0
82,2,35376,G1_CMAX,[63, 30, 89, 27, 96, 38, 26, 22, 58, 1, 12, 18, 78, 16, 80, 84, 49, 11, 85, 15, 83, 0, 14, 64, 25, 66, 65, 81, 44, 29, 82, 13, 4, 86, 7, 54, 52, 56, 21, 32, 48, 75, 74, 39, 33, 60, 71, 69, 31, 90, 35, 37, 99, 24, 67, 53, 43, 20, 10, 87, 76, 91, 41, 19, 79, 57, 61, 70, 88, 45, 34, 51, 47, 94, 2, 97, 55, 28, 62, 36, 92, 23, 42, 8, 50, 9, 6, 68, 93, 5, 72, 17, 73, 40, 46, 98, 3, 77, 95, 59]|[2, 0, 0, 0, 0, 2, 0, 0, 2, 2, 2, 1, 0, 0, 2, 1, 1, 2, 1, 0, 2, 0, 0, 0, 1, 1, 1, 1, 2, 2, 2, 2, 0, 0, 0, 1, 0, 1, 2, 2, 1, 2, 2, 0, 2, 1, 1, 1, 2, 0, 1, 1, 2, 1, 1, 2, 1, 0, 1, 2, 0, 1, 0, 2, 1, 0, 0, 1, 0, 2, 1, 0, 0, 2, 1, 2, 1, 1, 1, 2, 1, 2, 2, 0, 1, 0, 0, 1, 0, 1, 0, 0, 1, 2, 2, 1, 2, 2, 2, 2]|[4, 2, 0, 0, 2, 2, 1, 2, 4, 2, 2, 0, 1, 0, 4, 2, 1, 1, 1, 2, 2, 1, 0, 2, 1, 0, 1, 3, 2, 4, 0, 3, 0, 2, 2, 2, 2, 2, 0, 3, 0, 4, 2, 1, 4, 0, 1, 1, 0, 2, 2, 1, 1, 3, 0, 1, 1, 0, 1, 1, 2, 2, 2, 4, 3, 2, 0, 0, 1, 3, 1, 0, 1, 4, 1, 1, 0, 2, 0, 4, 2, 3, 0, 0, 1, 0, 1, 2, 2, 1, 0, 1, 1, 0, 1, 2, 2, 0, 0, 0]|[0, 0, 1, 0, 1, 3, 1, 0, 0, 3, 3, 2, 0, 0, 0, 0, 0, 2, 0, 0, 3, 1, 1, 0, 2, 0, 0, 0, 2, 1, 0, 3, 1, 0, 1, 2, 1, 2, 1, 3, 1, 3, 1, 1, 0, 1, 0, 1, 0, 1, 2, 1, 2, 0, 2, 2, 0, 0, 0, 2, 0, 0, 0, 0, 2, 0, 1, 1, 0, 1, 0, 1, 1, 1, 1, 2, 2, 0, 1, 2, 2, 1, 3, 0, 0, 1, 0, 0, 0, 0, 0, 1, 2, 3, 1, 0, 2, 1, 3, 2],797.540291221851;129008.676280931000;358250.977860813500,false,0
82,2,35376,G4_BALANCED,[63, 30, 89, 27, 96, 75, 26, 76, 58, 1, 12, 18, 78, 16, 80, 84, 49, 11, 85, 15, 83, 47, 0, 14, 64, 25, 66, 65, 31, 44, 29, 82, 13, 4, 86, 7, 54, 52, 56, 21, 32, 48, 38, 74, 39, 33, 60, 71, 69, 81, 90, 3, 34, 99, 43, 67, 35, 53, 20, 10, 87, 22, 91, 41, 19, 79, 57, 61, 70, 88, 94, 37, 51, 45, 2, 59, 55, 28, 62, 36, 92, 23, 42, 9, 73, 8, 6, 93, 5, 17, 24, 98, 77, 95, 97, 68, 72, 50, 46, 40]|[2, 0, 1, 2, 1, 0, 1, 0, 2, 2, 1, 1, 0, 2, 2, 1, 2, 2, 1, 1, 2, 0, 1, 0, 2, 2, 1, 1, 1, 2, 2, 2, 2, 1, 0, 2, 1, 2, 1, 1, 2, 2, 2, 0, 2, 2, 1, 1, 1, 1, 1, 1, 0, 2, 1, 1, 1, 1, 1, 1, 2, 1, 1, 0, 2, 1, 2, 1, 2, 1, 2, 1, 1, 2, 1, 2, 2, 2, 1, 1, 1, 1, 2, 1, 2, 1, 0, 1, 0, 1, 2, 1, 2, 1, 2, 2, 0, 1, 2, 1]|[4, 2, 0, 3, 1, 2, 3, 2, 4, 2, 3, 0, 1, 1, 2, 2, 3, 1, 1, 2, 2, 2, 2, 0, 1, 3, 0, 1, 3, 2, 1, 0, 4, 0, 2, 1, 2, 0, 2, 1, 3, 4, 3, 1, 1, 4, 3, 1, 3, 3, 1, 2, 1, 1, 1, 0, 1, 2, 3, 2, 1, 1, 1, 2, 4, 3, 4, 2, 3, 3, 1, 2, 2, 1, 1, 0, 3, 3, 3, 3, 2, 2, 0, 1, 1, 2, 2, 1, 2, 2, 1, 3, 1, 1, 0, 3, 2, 1, 1, 3]|[0, 1, 2, 1, 1, 1, 2, 0, 0, 3, 1, 2, 0, 2, 2, 0, 1, 2, 0, 0, 3, 0, 1, 1, 0, 0, 0, 2, 0, 2, 1, 0, 1, 1, 0, 0, 0, 0, 2, 1, 3, 1, 2, 1, 2, 1, 0, 1, 2, 0, 1, 0, 1, 2, 0, 2, 0, 2, 2, 0, 2, 1, 0, 0, 0, 2, 1, 2, 1, 0, 0, 1, 0, 0, 1, 2, 2, 1, 1, 1, 2, 0, 3, 2, 0, 0, 0, 0, 0, 0, 2, 1, 2, 0, 3, 0, 0, 0, 1, 2],1034.568414738085;119734.390809051810;329131.558958831600,false,0
82,2,35376,G2_TEC,[63, 30, 89, 27, 96, 75, 26, 76, 58, 1, 12, 18, 78, 16, 80, 84, 49, 11, 85, 15, 83, 47, 0, 14, 64, 25, 66, 65, 31, 44, 29, 82, 13, 4, 86, 7, 54, 52, 56, 21, 32, 48, 38, 74, 39, 33, 60, 71, 69, 81, 90, 3, 34, 99, 43, 67, 35, 53, 20, 10, 87, 22, 91, 41, 19, 79, 57, 61, 70, 88, 45, 37, 51, 94, 2, 59, 55, 28, 62, 36, 92, 23, 42, 9, 73, 8, 6, 93, 5, 17, 24, 98, 77, 95, 50, 40, 97, 46, 72, 68]|[2, 0, 1, 2, 1, 0, 1, 0, 2, 2, 1, 1, 0, 2, 2, 1, 2, 2, 1, 1, 2, 0, 1, 0, 2, 2, 1, 1, 1, 2, 2, 2, 2, 1, 0, 2, 1, 2, 1, 1, 2, 2, 2, 0, 2, 2, 1, 1, 1, 1, 1, 1, 0, 2, 1, 1, 1, 1, 1, 1, 2, 1, 1, 0, 2, 1, 2, 1, 2, 1, 1, 1, 1, 2, 1, 2, 2, 2, 2, 1, 1, 1, 2, 1, 1, 2, 0, 1, 0, 1, 2, 1, 1, 2, 1, 1, 2, 2, 0, 2]|[4, 2, 0, 3, 1, 2, 3, 2, 4, 2, 3, 0, 1, 1, 2, 2, 3, 1, 1, 2, 2, 2, 2, 0, 1, 3, 0, 1, 3, 2, 1, 0, 4, 0, 2, 1, 2, 0, 2, 1, 3, 4, 3, 1, 1, 4, 3, 1, 3, 3, 1, 2, 1, 1, 1, 0, 1, 2, 3, 2, 1, 1, 1, 2, 4, 3, 4, 2, 3, 3, 1, 2, 2, 1, 1, 0, 3, 3, 1, 3, 2, 2, 0, 1, 1, 0, 2, 1, 2, 2, 1, 2, 1, 0, 1, 1, 0, 1, 2, 3]|[0, 1, 2, 1, 1, 1, 2, 0, 0, 3, 1, 2, 0, 2, 2, 0, 1, 2, 0, 0, 3, 0, 1, 1, 0, 0, 0, 2, 0, 2, 1, 0, 1, 1, 0, 0, 2, 0, 2, 1, 3, 1, 2, 1, 2, 1, 0, 1, 2, 0, 1, 0, 1, 2, 0, 2, 0, 2, 2, 0, 2, 1, 0, 0, 0, 2, 1, 2, 1, 0, 0, 1, 0, 0, 1, 2, 2, 1, 2, 1, 2, 0, 3, 2, 2, 1, 0, 0, 0, 0, 2, 0, 2, 3, 0, 2, 3, 1, 0, 0],1034.644836770965;119512.936186037030;328845.579125207270,false,0
82,2,35376,G3_TWC,[63, 30, 89, 27, 96, 75, 26, 76, 58, 1, 12, 18, 78, 16, 80, 84, 49, 11, 85, 15, 83, 47, 0, 14, 64, 25, 66, 65, 81, 44, 29, 82, 13, 4, 86, 7, 54, 52, 56, 21, 32, 48, 38, 74, 39, 33, 60, 71, 69, 31, 90, 3, 34, 99, 43, 67, 35, 53, 20, 10, 87, 22, 91, 41, 19, 79, 57, 61, 70, 88, 45, 37, 51, 94, 2, 59, 55, 28, 62, 36, 92, 23, 42, 9, 73, 8, 6, 93, 5, 17, 24, 98, 46, 95, 77, 50, 97, 40, 72, 68]|[2, 0, 1, 2, 1, 0, 0, 0, 2, 2, 1, 1, 1, 2, 2, 1, 2, 2, 1, 1, 2, 0, 1, 0, 2, 2, 1, 1, 1, 2, 2, 2, 2, 1, 0, 2, 1, 2, 1, 1, 2, 2, 2, 0, 2, 2, 1, 1, 1, 2, 1, 1, 1, 2, 1, 1, 1, 1, 2, 1, 2, 1, 1, 0, 2, 1, 2, 1, 1, 1, 1, 1, 1, 2, 1, 2, 2, 2, 2, 1, 1, 1, 2, 1, 2, 2, 0, 1, 0, 1, 2, 1, 2, 2, 2, 1, 2, 1, 0, 2]|[4, 2, 0, 3, 1, 2, 1, 2, 4, 2, 3, 0, 1, 1, 2, 2, 3, 1, 1, 2, 2, 2, 2, 0, 1, 3, 0, 1, 3, 2, 1, 0, 4, 0, 2, 1, 2, 0, 2, 1, 3, 4, 3, 1, 1, 4, 3, 1, 3, 1, 3, 2, 2, 1, 1, 0, 1, 2, 4, 2, 1, 1, 1, 2, 4, 3, 4, 1, 3, 3, 1, 2, 2, 4, 1, 0, 3, 3, 1, 3, 2, 2, 0, 1, 1, 0, 2, 1, 2, 2, 1, 2, 1, 0, 1, 1, 3, 1, 2, 3]|[0, 1, 2, 1, 1, 1, 1, 0, 0, 3, 1, 2, 0, 2, 2, 0, 1, 2, 0, 0, 3, 0, 1, 1, 0, 0, 0, 2, 0, 2, 1, 0, 1, 1, 0, 0, 0, 0, 2, 1, 3, 1, 2, 1, 2, 1, 0, 1, 2, 2, 1, 0, 1, 2, 0, 2, 0, 2, 0, 0, 2, 1, 0, 0, 0, 2, 1, 2, 0, 0, 0, 1, 0, 1, 1, 2, 2, 1, 2, 1, 2, 0, 3, 2, 0, 1, 0, 0, 0, 0, 2, 0, 1, 3, 2, 0, 0, 2, 0, 0],994.519788492617;120304.544202276160;331719.196737191400,false,0
83,2,35476,G1_CMAX,[63, 30, 89, 27, 96, 38, 26, 22, 58, 1, 12, 18, 78, 16, 80, 84, 49, 11, 85, 15, 83, 0, 14, 64, 25, 66, 65, 81, 44, 29, 82, 13, 4, 86, 7, 54, 52, 56, 21, 32, 48, 75, 74, 39, 33, 60, 71, 69, 31, 90, 35, 37, 99, 24, 67, 53, 43, 20, 10, 87, 76, 91, 41, 19, 79, 57, 61, 70, 88, 45, 34, 51, 47, 94, 2, 97, 55, 28, 62, 36, 92, 23, 42, 8, 50, 9, 6, 68, 93, 5, 72, 17, 73, 40, 46, 98, 3, 77, 95, 59]|[2, 0, 0, 0, 0, 2, 0, 0, 2, 2, 2, 1, 0, 0, 2, 1, 1, 2, 1, 0, 2, 0, 0, 0, 1, 1, 1, 1, 2, 2, 2, 2, 0, 0, 0, 1, 0, 1, 2, 2, 1, 2, 2, 0, 2, 1, 1, 1, 2, 0, 1, 1, 2, 1, 1, 2, 1, 0, 1, 2, 0, 1, 0, 2, 1, 0, 0, 1, 0, 2, 1, 0, 0, 2, 1, 2, 1, 1, 1, 2, 1, 2, 2, 0, 1, 0, 0, 1, 0, 1, 0, 0, 1, 2, 2, 1, 2, 2, 2, 2]|[4, 2, 0, 0, 2, 2, 1, 2, 4, 2, 2, 0, 1, 0, 4, 2, 1, 1, 1, 2, 2, 1, 0, 2, 1, 0, 1, 3, 2, 4, 0, 3, 0, 2, 2, 2, 2, 2, 0, 3, 0, 4, 2, 1, 4, 0, 1, 1, 0, 2, 2, 1, 1, 3, 0, 1, 1, 0, 1, 1, 2, 2, 2, 4, 3, 2, 0, 0, 1, 3, 1, 0, 1, 4, 1, 1, 0, 2, 0, 4, 2, 3, 0, 0, 1, 0, 1, 2, 2, 1, 0, 1, 1, 0, 1, 2, 2, 0, 0, 0]|[0, 0, 1, 0, 1, 3, 1, 0, 0, 3, 3, 2, 0, 0, 0, 0, 0, 2, 0, 0, 3, 1, 1, 0, 2, 0, 0, 0, 2, 1, 0, 3, 1, 0, 1, 2, 1, 2, 1, 3, 1, 3, 1, 1, 0, 1, 0, 1, 0, 1, 2, 1, 2, 0, 2, 2, 0, 0, 0, 2, 0, 0, 0, 0, 2, 0, 1, 1, 0, 1, 0, 1, 1, 1, 1, 2, 2, 0, 1, 2, 2, 1, 3, 0, 0, 1, 0, 0, 0, 0, 0, 1, 2, 3, 1, 0, 2, 1, 3, 2],797.540291221851;129008.676280931000;358250.977860813500,false,0
83,2,35476,G4_BALANCED,[63, 30, 89, 27, 96, 75, 26, 76, 58, 1, 12, 18, 78, 16, 19, 41, 91, 22, 87, 10, 20, 53, 35, 67, 43, 99, 34, 3, 90, 33, 60, 71, 69, 31, 39, 38, 48, 32, 21, 56, 70, 54, 7, 86, 4, 13, 82, 29, 44, 74, 81, 65, 66, 25, 64, 14, 0, 47, 83, 15, 85, 11, 49, 84, 80, 79, 42, 23, 92, 36, 62, 68, 55, 59, 2, 94, 51, 37, 45, 88, 52, 61, 57, 9, 73, 8, 6, 93, 5, 17, 97, 77, 98, 95, 46, 50, 24, 40, 28, 72]|[2, 0, 1, 2, 1, 0, 0, 0, 2, 2, 1, 1, 0, 2, 2, 0, 1, 1, 2, 0, 2, 1, 1, 1, 1, 2, 0, 1, 1, 2, 0, 1, 0, 2, 2, 2, 2, 2, 1, 1, 2, 1, 2, 0, 1, 2, 2, 2, 2, 2, 1, 1, 1, 1, 2, 0, 1, 0, 2, 1, 1, 2, 1, 1, 2, 1, 2, 1, 1, 1, 0, 2, 1, 2, 1, 0, 1, 1, 1, 1, 2, 1, 2, 1, 2, 2, 0, 1, 2, 1, 2, 1, 1, 2, 2, 1, 2, 1, 2, 1]|[4, 2, 0, 3, 1, 2, 1, 2, 4, 2, 3, 0, 1, 1, 1, 2, 2, 1, 1, 2, 4, 2, 1, 0, 1, 1, 1, 2, 3, 4, 0, 2, 1, 1, 1, 3, 4, 3, 1, 2, 3, 2, 1, 2, 0, 4, 0, 1, 2, 3, 3, 1, 3, 1, 1, 0, 2, 2, 2, 2, 1, 4, 1, 2, 2, 3, 0, 2, 2, 3, 2, 3, 1, 0, 1, 2, 2, 2, 1, 3, 0, 1, 4, 1, 1, 0, 2, 1, 1, 2, 0, 1, 2, 0, 1, 1, 1, 1, 3, 1]|[0, 1, 2, 1, 1, 1, 1, 0, 0, 3, 1, 2, 0, 2, 2, 0, 0, 0, 2, 0, 0, 2, 0, 2, 0, 2, 1, 0, 1, 1, 0, 2, 0, 2, 2, 2, 1, 3, 1, 2, 1, 0, 0, 0, 1, 1, 0, 1, 2, 0, 0, 2, 0, 2, 0, 1, 1, 0, 3, 0, 0, 1, 0, 0, 2, 2, 3, 0, 2, 1, 1, 0, 0, 2, 1, 1, 0, 1, 0, 0, 0, 2, 1, 2, 0, 1, 0, 0, 2, 0, 3, 1, 0, 3, 1, 0, 2, 0, 1, 2],986.287580794343;120708.845042246800;347846.527995156360,false,0
83,2,35476,G2_TEC,[63, 30, 89, 27, 96, 75, 26, 76, 58, 1, 12, 18, 78, 16, 80, 84, 49, 11, 85, 15, 83, 47, 0, 14, 64, 25, 66, 65, 31, 44, 29, 82, 13, 4, 86, 7, 54, 52, 56, 21, 32, 48, 38, 74, 39, 33, 60, 71, 69, 81, 90, 3, 34, 99, 43, 67, 35, 53, 20, 10, 87, 22, 91, 41, 19, 79, 57, 61, 70, 88, 45, 37, 51, 94, 2, 59, 55, 28, 62, 36, 92, 23, 42, 9, 73, 8, 6, 93, 5, 17, 24, 98, 77, 95, 50, 40, 97, 46, 72, 68]|[2, 0, 1, 2, 1, 0, 1, 0, 2, 2, 1, 1, 0, 2, 2, 1, 2, 2, 1, 1, 2, 0, 1, 0, 2, 2, 1, 1, 1, 2, 2, 2, 2, 1, 0, 2, 1, 2, 1, 1, 2, 2, 2, 0, 2, 2, 1, 1, 1, 1, 1, 1, 0, 2, 1, 1, 1, 1, 1, 1, 2, 1, 1, 0, 2, 1, 2, 1, 2, 1, 1, 1, 1, 2, 1, 2, 2, 2, 2, 1, 1, 1, 2, 1, 1, 2, 0, 1, 0, 1, 2, 1, 1, 2, 1, 1, 2, 2, 0, 2]|[4, 2, 0, 3, 1, 2, 3, 2, 4, 2, 3, 0, 1, 1, 2, 2, 3, 1, 1, 2, 2, 2, 2, 0, 1, 3, 0, 1, 3, 2, 1, 0, 4, 0, 2, 1, 2, 0, 2, 1, 3, 4, 3, 1, 1, 4, 3, 1, 3, 3, 1, 2, 1, 1, 1, 0, 1, 2, 3, 2, 1, 1, 1, 2, 4, 3, 4, 2, 3, 3, 1, 2, 2, 1, 1, 0, 3, 3, 1, 3, 2, 2, 0, 1, 1, 0, 2, 1, 2, 2, 1, 2, 1, 0, 1, 1, 0, 1, 2, 3]|[0, 1, 2, 1, 1, 1, 2, 0, 0, 3, 1, 2, 0, 2, 2, 0, 1, 2, 0, 0, 3, 0, 1, 1, 0, 0, 0, 2, 0, 2, 1, 0, 1, 1, 0, 0, 2, 0, 2, 1, 3, 1, 2, 1, 2, 1, 0, 1, 2, 0, 1, 0, 1, 2, 0, 2, 0, 2, 2, 0, 2, 1, 0, 0, 0, 2, 1, 2, 1, 0, 0, 1, 0, 0, 1, 2, 2, 1, 2, 1, 2, 0, 3, 2, 2, 1, 0, 0, 0, 0, 2, 0, 2, 3, 0, 2, 3, 1, 0, 0],1034.644836770965;119512.936186037030;328845.579125207270,false,0
83,2,35476,G3_TWC,[63, 30, 89, 27, 96, 75, 26, 76, 58, 1, 12, 18, 78, 16, 80, 84, 49, 11, 85, 15, 83, 47, 0, 14, 64, 25, 66, 65, 81, 44, 29, 82, 13, 4, 86, 7, 54, 52, 56, 21, 32, 48, 38, 74, 39, 33, 60, 71, 69, 31, 90, 3, 34, 99, 43, 67, 35, 53, 20, 10, 87, 22, 91, 41, 19, 79, 57, 61, 70, 88, 45, 37, 51, 94, 2, 59, 55, 28, 62, 36, 92, 23, 42, 9, 73, 8, 6, 93, 5, 17, 24, 98, 46, 95, 77, 50, 97, 40, 72, 68]|[2, 0, 1, 2, 1, 0, 0, 0, 2, 2, 1, 1, 1, 2, 2, 1, 2, 2, 1, 1, 2, 0, 1, 0, 2, 2, 1, 1, 1, 2, 2, 2, 2, 1, 0, 2, 1, 2, 1, 1, 2, 2, 2, 0, 2, 2, 1, 1, 1, 2, 1, 1, 1, 2, 1, 1, 1, 1, 2, 1, 2, 1, 1, 0, 2, 1, 2, 1, 1, 1, 1, 1, 1, 2, 1, 2, 2, 2, 2, 1, 1, 1, 2, 1, 2, 2, 0, 1, 0, 1, 2, 1, 2, 2, 2, 1, 2, 1, 0, 2]|[4, 2, 0, 3, 1, 2, 1, 2, 4, 2, 3, 0, 1, 1, 2, 2, 3, 1, 1, 2, 2, 2, 2, 0, 1, 3, 0, 1, 3, 2, 1, 0, 4, 0, 2, 1, 2, 0, 2, 1, 3, 4, 3, 1, 1, 4, 3, 1, 3, 1, 3, 2, 2, 1, 1, 0, 1, 2, 4, 2, 1, 1, 1, 2, 4, 3, 4, 1, 3, 3, 1, 2, 2, 4, 1, 0, 3, 3, 1, 3, 2, 2, 0, 1, 1, 0, 2, 1, 2, 2, 1, 2, 1, 0, 1, 1, 3, 1, 2, 3]|[0, 1, 2, 1, 1, 1, 1, 0, 0, 3, 1, 2, 0, 2, 2, 0, 1, 2, 0, 0, 3, 0, 1, 1, 0, 0, 0, 2, 0, 2, 1, 0, 1, 1, 0, 0, 0, 0, 2, 1, 3, 1, 2, 1, 2, 1, 0, 1, 2, 2, 1, 0, 1, 2, 0, 2, 0, 2, 0, 0, 2, 1, 0, 0, 0, 2, 1, 2, 0, 0, 0, 1, 0, 1, 1, 2, 2, 1, 2, 1, 2, 0, 3, 2, 0, 1, 0, 0, 0, 0, 2, 0, 1, 3, 2, 0, 0, 2, 0, 0],994.519788492617;120304.544202276160;331719.196737191400,false,0
84,2,35576,G1_CMAX,[63, 30, 89, 27, 96, 38, 26, 22, 58, 1, 12, 18, 78, 16, 80, 84, 49, 11, 85, 15, 83, 0, 14, 64, 25, 66, 65, 81, 44, 29, 82, 13, 4, 86, 7, 54, 52, 56, 21, 32, 48, 75, 74, 39, 33, 60, 71, 69, 31, 90, 35, 37, 99, 24, 67, 53, 43, 20, 10, 87, 76, 91, 41, 19, 79, 57, 61, 70, 88, 45, 34, 51, 47, 94, 2, 97, 55, 28, 62, 36, 92, 23, 42, 8, 50, 9, 6, 68, 93, 5, 72, 17, 73, 40, 46, 98, 3, 77, 95, 59]|[2, 0, 0, 0, 0, 2, 0, 0, 2, 2, 2, 1, 0, 0, 2, 1, 1, 2, 1, 0, 2, 0, 0, 0, 1, 1, 1, 1, 2, 2, 2, 2, 0, 0, 0, 1, 0, 1, 2, 2, 1, 2, 2, 0, 2, 1, 1, 1, 2, 0, 1, 1, 2, 1, 1, 2, 1, 0, 1, 2, 0, 1, 0, 2, 1, 0, 0, 1, 0, 2, 1, 0, 0, 2, 1, 2, 1, 1, 1, 2, 1, 2, 2, 0, 1, 0, 0, 1, 0, 1, 0, 0, 1, 2, 2, 1, 2, 2, 2, 2]|[4, 2, 0, 0, 2, 2, 1, 2, 4, 2, 2, 0, 1, 0, 4, 2, 1, 1, 1, 2, 2, 1, 0, 2, 1, 0, 1, 3, 2, 4, 0, 3, 0, 2, 2, 2, 2, 2, 0, 3, 0, 4, 2, 1, 4, 0, 1, 1, 0, 2, 2, 1, 1, 3, 0, 1, 1, 0, 1, 1, 2, 2, 2, 4, 3, 2, 0, 0, 1, 3, 1, 0, 1, 4, 1, 1, 0, 2, 0, 4, 2, 3, 0, 0, 1, 0, 1, 2, 2, 1, 0, 1, 1, 0, 1, 2, 2, 0, 0, 0]|[0, 0, 1, 0, 1, 3, 1, 0, 0, 3, 3, 2, 0, 0, 0, 0, 0, 2, 0, 0, 3, 1, 1, 0, 2, 0, 0, 0, 2, 1, 0, 3, 1, 0, 1, 2, 1, 2, 1, 3, 1, 3, 1, 1, 0, 1, 0, 1, 0, 1, 2, 1, 2, 0, 2, 2, 0, 0, 0, 2, 0, 0, 0, 0, 2, 0, 1, 1, 0, 1, 0, 1, 1, 1, 1, 2, 2, 0, 1, 2, 2, 1, 3, 0, 0, 1, 0, 0, 0, 0, 0, 1, 2, 3, 1, 0, 2, 1, 3, 2],797.540291221851;129008.676280931000;358250.977860813500,false,0
84,2,35576,G4_BALANCED,[63, 30, 89, 27, 96, 75, 26, 76, 58, 1, 12, 18, 78, 16, 19, 41, 91, 22, 87, 10, 20, 53, 35, 67, 43, 99, 34, 3, 90, 33, 60, 71, 69, 31, 39, 38, 48, 32, 21, 56, 70, 54, 7, 86, 4, 13, 82, 29, 44, 74, 81, 65, 66, 25, 64, 14, 0, 47, 83, 15, 85, 11, 49, 84, 80, 79, 42, 23, 92, 36, 62, 68, 55, 59, 2, 94, 51, 37, 45, 88, 52, 61, 57, 9, 73, 8, 6, 93, 5, 17, 97, 77, 98, 95, 46, 50, 24, 40, 28, 72]|[2, 0, 1, 2, 1, 0, 0, 0, 2, 2, 1, 1, 0, 2, 2, 0, 1, 1, 2, 0, 2, 1, 1, 1, 1, 2, 0, 1, 1, 2, 0, 1, 0, 2, 2, 2, 2, 2, 1, 1, 2, 1, 2, 0, 1, 2, 2, 2, 2, 2, 1, 1, 1, 1, 2, 0, 1, 0, 2, 1, 1, 2, 1, 1, 2, 1, 2, 1, 1, 1, 0, 2, 1, 2, 1, 0, 1, 1, 1, 1, 2, 1, 2, 1, 2, 2, 0, 1, 2, 1, 2, 1, 1, 2, 2, 1, 2, 1, 2, 1]|[4, 2, 0, 3, 1, 2, 1, 2, 4, 2, 3, 0, 1, 1, 1, 2, 2, 1, 1, 2, 4, 2, 1, 0, 1, 1, 1, 2, 3, 4, 0, 2, 1, 1, 1, 3, 4, 3, 1, 2, 3, 2, 1, 2, 0, 4, 0, 1, 2, 3, 3, 1, 3, 1, 1, 0, 2, 2, 2, 2, 1, 4, 1, 2, 2, 3, 0, 2, 2, 3, 2, 3, 1, 0, 1, 2, 2, 2, 1, 3, 0, 1, 4, 1, 1, 0, 2, 1, 1, 2, 0, 1, 2, 0, 1, 1, 1, 1, 3, 1]|[0, 1, 2, 1, 1, 1, 1, 0, 0, 3, 1, 2, 0, 2, 2, 0, 0, 0, 2, 0, 0, 2, 0, 2, 0, 2, 1, 0, 1, 1, 0, 2, 0, 2, 2, 2, 1, 3, 1, 2, 1, 0, 0, 0, 1, 1, 0, 1, 2, 0, 0, 2, 0, 2, 0, 1, 1, 0, 3, 0, 0, 1, 0, 0, 2, 2, 3, 0, 2, 1, 1, 0, 0, 2, 1, 1, 0, 1, 0, 0, 0, 2, 1, 2, 0, 1, 0, 0, 2, 0, 3, 1, 0, 3, 1, 0, 2, 0, 1, 2],986.287580794343;120708.845042246800;347846.527995156360,false,0
84,2,35576,G2_TEC,[63, 30, 89, 27, 96, 75, 26, 76, 58, 1, 12, 18, 78, 16, 80, 84, 49, 11, 85, 15, 83, 47, 0, 14, 64, 25, 66, 65, 31, 44, 29, 82, 13, 4, 86, 7, 54, 52, 56, 21, 32, 48, 38, 74, 39, 33, 60, 71, 69, 81, 90, 3, 34, 99, 43, 67, 35, 53, 20, 10, 87, 22, 91, 41, 19, 79, 57, 61, 70, 88, 45, 37, 51, 94, 2, 59, 55, 28, 62, 36, 92, 23, 42, 9, 73, 8, 6, 93, 5, 17, 24, 98, 77, 95, 50, 40, 97, 46, 72, 68]|[2, 0, 1, 2, 1, 0, 1, 0, 2, 2, 1, 1, 0, 2, 2, 1, 2, 2, 1, 1, 2, 0, 1, 0, 2, 2, 1, 1, 1, 2, 2, 2, 2, 1, 0, 2, 1, 2, 1, 1, 2, 2, 2, 0, 2, 2, 1, 1, 1, 1, 1, 1, 0, 2, 1, 1, 1, 1, 1, 1, 2, 1, 1, 0, 2, 1, 2, 1, 2, 1, 1, 1, 1, 2, 1, 2, 2, 2, 2, 1, 1, 1, 2, 1, 1, 2, 0, 1, 0, 1, 2, 1, 1, 2, 1, 1, 2, 2, 0, 2]|[4, 2, 0, 3, 1, 2, 3, 2, 4, 2, 3, 0, 1, 1, 2, 2, 3, 1, 1, 2, 2, 2, 2, 0, 1, 3, 0, 1, 3, 2, 1, 0, 4, 0, 2, 1, 2, 0, 2, 1, 3, 4, 3, 1, 1, 4, 3, 1, 3, 3, 1, 2, 1, 1, 1, 0, 1, 2, 3, 2, 1, 1, 1, 2, 4, 3, 4, 2, 3, 3, 1, 2, 2, 1, 1, 0, 3, 3, 1, 3, 2, 2, 0, 1, 1, 0, 2, 1, 2, 2, 1, 2, 1, 0, 1, 1, 0, 1, 2, 3]|[0, 1, 2, 1, 1, 1, 2, 0, 0, 3, 1, 2, 0, 2, 2, 0, 1, 2, 0, 0, 3, 0, 1, 1, 0, 0, 0, 2, 0, 2, 1, 0, 1, 1, 0, 0, 2, 0, 2, 1, 3, 1, 2, 1, 2, 1, 0, 1, 2, 0, 1, 0, 1, 2, 0, 2, 0, 2, 2, 0, 2, 1, 0, 0, 0, 2, 1, 2, 1, 0, 0, 1, 0, 0, 1, 2, 2, 1, 2, 1, 2, 0, 3, 2, 2, 1, 0, 0, 0, 0, 2, 0, 2, 3, 0, 2, 3, 1, 0, 0],1034.644836770965;119512.936186037030;328845.579125207270,false,0
84,2,35576,G3_TWC,[63, 30, 89, 27, 96, 75, 26, 76, 58, 1, 12, 18, 78, 16, 80, 84, 49, 11, 85, 15, 83, 47, 0, 14, 64, 25, 66, 65, 81, 44, 29, 82, 13, 4, 86, 7, 54, 52, 56, 21, 32, 48, 38, 74, 39, 33, 60, 71, 69, 31, 90, 3, 34, 99, 43, 67, 35, 53, 20, 10, 87, 22, 91, 41, 19, 79, 57, 61, 70, 88, 45, 37, 51, 94, 2, 59, 55, 28, 62, 36, 92, 23, 42, 9, 73, 8, 6, 93, 5, 17, 24, 98, 46, 95, 77, 50, 97, 40, 72, 68]|[2, 0, 1, 2, 1, 0, 0, 0, 2, 2, 1, 1, 1, 2, 2, 1, 2, 2, 1, 1, 2, 0, 1, 0, 2, 2, 1, 1, 1, 2, 2, 2, 2, 1, 0, 2, 1, 2, 1, 1, 2, 2, 2, 0, 2, 2, 1, 1, 1, 2, 1, 1, 1, 2, 1, 1, 1, 1, 2, 1, 2, 1, 1, 0, 2, 1, 2, 1, 1, 1, 1, 1, 1, 2, 1, 2, 2, 2, 2, 1, 1, 1, 2, 1, 2, 2, 0, 1, 0, 1, 2, 1, 2, 2, 2, 1, 2, 1, 0, 2]|[4, 2, 0, 3, 1, 2, 1, 2, 4, 2, 3, 0, 1, 1, 2, 2, 3, 1, 1, 2, 2, 2, 2, 0, 1, 3, 0, 1, 3, 2, 1, 0, 4, 0, 2, 1, 2, 0, 2, 1, 3, 4, 3, 1, 1, 4, 3, 1, 3, 1, 3, 2, 2, 1, 1, 0, 1, 2, 4, 2, 1, 1, 1, 2, 4, 3, 4, 1, 3, 3, 1, 2, 2, 4, 1, 0, 3, 3, 1, 3, 2, 2, 0, 1, 1, 0, 2, 1, 2, 2, 1, 2, 1, 0, 1, 1, 3, 1, 2, 3]|[0, 1, 2, 1, 1, 1, 1, 0, 0, 3, 1, 2, 0, 2, 2, 0, 1, 2, 0, 0, 3, 0, 1, 1, 0, 0, 0, 2, 0, 2, 1, 0, 1, 1, 0, 0, 0, 0, 2, 1, 3, 1, 2, 1, 2, 1, 0, 1, 2, 2, 1, 0, 1, 2, 0, 2, 0, 2, 0, 0, 2, 1, 0, 0, 0, 2, 1, 2, 0, 0, 0, 1, 0, 1, 1, 2, 2, 1, 2, 1, 2, 0, 3, 2, 0, 1, 0, 0, 0, 0, 2, 0, 1, 3, 2, 0, 0, 2, 0, 0],994.519788492617;120304.544202276160;331719.196737191400,false,0
85,2,35676,G1_CMAX,[63, 30, 89, 27, 96, 38, 26, 22, 58, 1, 12, 18, 78, 16, 80, 84, 49, 11, 85, 15, 83, 0, 14, 64, 25, 66, 65, 81, 44, 29, 82, 13, 4, 86, 7, 54, 52, 56, 21, 32, 48, 75, 74, 39, 33, 60, 71, 69, 31, 90, 35, 37, 99, 24, 67, 53, 43, 20, 10, 87, 76, 91, 41, 19, 79, 57, 61, 70, 88, 45, 34, 51, 47, 94, 2, 97, 55, 28, 62, 36, 92, 23, 42, 8, 50, 9, 6, 68, 93, 5, 72, 17, 73, 40, 46, 98, 3, 77, 95, 59]|[2, 0, 0, 0, 0, 2, 0, 0, 2, 2, 2, 1, 0, 0, 2, 1, 1, 2, 1, 0, 2, 0, 0, 0, 1, 1, 1, 1, 2, 2, 2, 2, 0, 0, 0, 1, 0, 1, 2, 2, 1, 2, 2, 0, 2, 1, 1, 1, 2, 0, 1, 1, 2, 1, 1, 2, 1, 0, 1, 2, 0, 1, 0, 2, 1, 0, 0, 1, 0, 2, 1, 0, 0, 2, 1, 2, 1, 1, 1, 2, 1, 2, 2, 0, 1, 0, 0, 1, 0, 1, 0, 0, 1, 2, 2, 1, 2, 2, 2, 2]|[4, 2, 0, 0, 2, 2, 1, 2, 4, 2, 2, 0, 1, 0, 4, 2, 1, 1, 1, 2, 2, 1, 0, 2, 1, 0, 1, 3, 2, 4, 0, 3, 0, 2, 2, 2, 2, 2, 0, 3, 0, 4, 2, 1, 4, 0, 1, 1, 0, 2, 2, 1, 1, 3, 0, 1, 1, 0, 1, 1, 2, 2, 2, 4, 3, 2, 0, 0, 1, 3, 1, 0, 1, 4, 1, 1, 0, 2, 0, 4, 2, 3, 0, 0, 1, 0, 1, 2, 2, 1, 0, 1, 1, 0, 1, 2, 2, 0, 0, 0]|[0, 0, 1, 0, 1, 3, 1, 0, 0, 3, 3, 2, 0, 0, 0, 0, 0, 2, 0, 0, 3, 1, 1, 0, 2, 0, 0, 0, 2, 1, 0, 3, 1, 0, 1, 2, 1, 2, 1, 3, 1, 3, 1, 1, 0, 1, 0, 1, 0, 1, 2, 1, 2, 0, 2, 2, 0, 0, 0, 2, 0, 0, 0, 0, 2, 0, 1, 1, 0, 1, 0, 1, 1, 1, 1, 2, 2, 0, 1, 2, 2, 1, 3, 0, 0, 1, 0, 0, 0, 0, 0, 1, 2, 3, 1, 0, 2, 1, 3, 2],797.540291221851;129008.676280931000;358250.977860813500,false,0
85,2,35676,G4_BALANCED,[63, 30, 89, 27, 96, 75, 26, 76, 58, 1, 12, 18, 78, 16, 80, 84, 49, 11, 85, 15, 83, 47, 0, 14, 64, 25, 66, 65, 81, 44, 29, 82, 13, 4, 86, 7, 54, 52, 56, 21, 32, 48, 38, 74, 39, 33, 60, 71, 69, 31, 90, 3, 34, 99, 43, 67, 35, 53, 20, 10, 17, 22, 91, 41, 19, 79, 57, 61, 70, 88, 6, 37, 51, 94, 2, 59, 55, 28, 62, 36, 92, 23, 42, 9, 73, 8, 45, 93, 5, 87, 24, 98, 77, 95, 46, 50, 97, 40, 72, 68]|[2, 0, 1, 2, 1, 0, 1, 0, 2, 2, 1, 1, 0, 2, 2, 1, 1, 2, 1, 1, 2, 0, 1, 0, 2, 2, 1, 1, 1, 2, 2, 2, 2, 1, 0, 2, 1, 2, 1, 1, 2, 2, 2, 0, 2, 2, 1, 1, 1, 2, 1, 1, 1, 2, 1, 1, 1, 1, 2, 1, 2, 1, 1, 0, 2, 1, 0, 1, 2, 1, 1, 1, 1, 2, 1, 2, 1, 2, 1, 1, 1, 1, 2, 1, 1, 1, 1, 1, 2, 1, 1, 1, 1, 2, 2, 1, 2, 1, 0, 2]|[4, 2, 0, 3, 1, 2, 3, 2, 4, 2, 3, 0, 1, 1, 2, 2, 1, 1, 1, 2, 2, 2, 2, 0, 1, 3, 0, 1, 3, 2, 1, 0, 4, 0, 2, 1, 2, 0, 2, 1, 3, 4, 3, 1, 1, 4, 3, 1, 3, 1, 3, 2, 2, 1, 1, 0, 1, 2, 4, 2, 1, 1, 2, 2, 4, 3, 2, 2, 3, 3, 1, 2, 2, 1, 1, 0, 3, 3, 3, 3, 2, 2, 0, 1, 1, 2, 1, 1, 1, 1, 1, 2, 1, 0, 1, 1, 0, 1, 2, 3]|[0, 1, 2, 1, 1, 1, 2, 0, 0, 3, 1, 2, 0, 2, 2, 0, 0, 2, 0, 0, 3, 0, 1, 1, 0, 0, 0, 2, 0, 2, 1, 0, 1, 1, 0, 0, 0, 0, 2, 1, 3, 1, 2, 1, 2, 1, 0, 1, 2, 2, 1, 0, 1, 2, 0, 2, 0, 2, 0, 0, 2, 1, 0, 0, 0, 2, 0, 2, 1, 0, 0, 1, 0, 0, 1, 2, 2, 1, 1, 1, 2, 0, 3, 2, 2, 0, 0, 0, 2, 2, 0, 0, 2, 3, 1, 0, 3, 0, 1, 0],1157.296744051337;118504.832804164790;318816.205189058150,false,0
85,2,35676,G2_TEC,[63, 30, 89, 27, 96, 75, 26, 76, 58, 1, 12, 18, 78, 16, 80, 84, 49, 11, 85, 15, 83, 47, 0, 14, 64, 25, 66, 65, 31, 44, 29, 82, 13, 4, 86, 7, 54, 52, 56, 21, 32, 48, 38, 74, 39, 33, 60, 71, 69, 81, 90, 3, 34, 99, 43, 67, 35, 53, 20, 10, 87, 22, 91, 41, 19, 79, 57, 61, 70, 88, 45, 37, 51, 94, 2, 59, 55, 28, 62, 36, 92, 23, 42, 9, 73, 8, 6, 93, 5, 17, 24, 98, 77, 95, 50, 40, 97, 46, 72, 68]|[2, 0, 1, 2, 1, 0, 1, 0, 2, 2, 1, 1, 0, 2, 2, 1, 2, 2, 1, 1, 2, 0, 1, 0, 2, 2, 1, 1, 1, 2, 2, 2, 2, 1, 0, 2, 1, 2, 1, 1, 2, 2, 2, 0, 2, 2, 1, 1, 1, 1, 1, 1, 0, 2, 1, 1, 1, 1, 1, 1, 2, 1, 1, 0, 2, 1, 2, 1, 2, 1, 1, 1, 1, 2, 1, 2, 2, 2, 2, 1, 1, 1, 2, 1, 1, 2, 0, 1, 0, 1, 2, 1, 1, 2, 1, 1, 2, 2, 0, 2]|[4, 2, 0, 3, 1, 2, 3, 2, 4, 2, 3, 0, 1, 1, 2, 2, 3, 1, 1, 2, 2, 2, 2, 0, 1, 3, 0, 1, 3, 2, 1, 0, 4, 0, 2, 1, 2, 0, 2, 1, 3, 4, 3, 1, 1, 4, 3, 1, 3, 3, 1, 2, 1, 1, 1, 0, 1, 2, 3, 2, 1, 1, 1, 2, 4, 3, 4, 2, 3, 3, 1, 2, 2, 1, 1, 0, 3, 3, 1, 3, 2, 2, 0, 1, 1, 0, 2, 1, 2, 2, 1, 2, 1, 0, 1, 1, 0, 1, 2, 3]|[0, 1, 2, 1, 1, 1, 2, 0, 0, 3, 1, 2, 0, 2, 2, 0, 1, 2, 0, 0, 3, 0, 1, 1, 0, 0, 0, 2, 0, 2, 1, 0, 1, 1, 0, 0, 2, 0, 2, 1, 3, 1, 2, 1, 2, 1, 0, 1, 2, 0, 1, 0, 1, 2, 0, 2, 0, 2, 2, 0, 2, 1, 0, 0, 0, 2, 1, 2, 1, 0, 0, 1, 0, 0, 1, 2, 2, 1, 2, 1, 2, 0, 3, 2, 2, 1, 0, 0, 0, 0, 2, 0, 2, 3, 0, 2, 3, 1, 0, 0],1034.644836770965;119512.936186037030;328845.579125207270,false,0
85,2,35676,G3_TWC,[63, 30, 89, 27, 96, 75, 26, 76, 58, 1, 12, 18, 78, 16, 80, 84, 49, 11, 85, 15, 83, 47, 0, 14, 64, 25, 66, 65, 81, 44, 29, 82, 13, 4, 86, 7, 54, 52, 56, 21, 32, 48, 38, 74, 39, 33, 60, 71, 69, 31, 90, 3, 34, 99, 43, 67, 35, 53, 20, 10, 87, 22, 91, 41, 19, 79, 57, 61, 70, 88, 45, 37, 51, 94, 2, 59, 55, 28, 62, 36, 92, 23, 42, 9, 73, 8, 6, 93, 5, 17, 24, 98, 46, 95, 77, 50, 97, 40, 72, 68]|[2, 0, 1, 2, 1, 0, 0, 0, 2, 2, 1, 1, 1, 2, 2, 1, 2, 2, 1, 1, 2, 0, 1, 0, 2, 2, 1, 1, 1, 2, 2, 2, 2, 1, 0, 2, 1, 2, 1, 1, 2, 2, 2, 0, 2, 2, 1, 1, 1, 2, 1, 1, 1, 2, 1, 1, 1, 1, 2, 1, 2, 1, 1, 0, 2, 1, 2, 1, 1, 1, 1, 1, 1, 2, 1, 2, 2, 2, 2, 1, 1, 1, 2, 1, 2, 2, 0, 1, 0, 1, 2, 1, 2, 2, 2, 1, 2, 1, 0, 2]|[4, 2, 0, 3, 1, 2, 1, 2, 4, 2, 3, 0, 1, 1, 2, 2, 3, 1, 1, 2, 2, 2, 2, 0, 1, 3, 0, 1, 3, 2, 1, 0, 4, 0, 2, 1, 2, 0, 2, 1, 3, 4, 3, 1, 1, 4, 3, 1, 3, 1, 3, 2, 2, 1, 1, 0, 1, 2, 4, 2, 1, 1, 1, 2, 4, 3, 4, 1, 3, 3, 1, 2, 2, 4, 1, 0, 3, 3, 1, 3, 2, 2, 0, 1, 1, 0, 2, 1, 2, 2, 1, 2, 1, 0, 1, 1, 3, 1, 2, 3]|[0, 1, 2, 1, 1, 1, 1, 0, 0, 3, 1, 2, 0, 2, 2, 0, 1, 2, 0, 0, 3, 0, 1, 1, 0, 0, 0, 2, 0, 2, 1, 0, 1, 1, 0, 0, 0, 0, 2, 1, 3, 1, 2, 1, 2, 1, 0, 1, 2, 2, 1, 0, 1, 2, 0, 2, 0, 2, 0, 0, 2, 1, 0, 0, 0, 2, 1, 2, 0, 0, 0, 1, 0, 1, 1, 2, 2, 1, 2, 1, 2, 0, 3, 2, 0, 1, 0, 0, 0, 0, 2, 0, 1, 3, 2, 0, 0, 2, 0, 0],994.519788492617;120304.544202276160;331719.196737191400,false,0
86,2,35776,G1_CMAX,[63, 30, 89, 27, 96, 38, 26, 22, 58, 1, 12, 18, 78, 16, 80, 84, 49, 11, 85, 15, 83, 0, 14, 64, 25, 66, 65, 81, 44, 29, 82, 13, 4, 86, 7, 54, 52, 56, 21, 32, 48, 75, 74, 39, 33, 60, 71, 69, 31, 90, 35, 37, 99, 24, 67, 53, 43, 20, 10, 87, 76, 91, 41, 19, 79, 57, 61, 70, 88, 45, 34, 51, 47, 94, 2, 97, 55, 28, 62, 36, 92, 23, 42, 8, 50, 9, 6, 68, 93, 5, 72, 17, 73, 40, 46, 98, 3, 77, 95, 59]|[2, 0, 0, 0, 0, 2, 0, 0, 2, 2, 2, 1, 0, 0, 2, 1, 1, 2, 1, 0, 2, 0, 0, 0, 1, 1, 1, 1, 2, 2, 2, 2, 0, 0, 0, 1, 0, 1, 2, 2, 1, 2, 2, 0, 2, 1, 1, 1, 2, 0, 1, 1, 2, 1, 1, 2, 1, 0, 1, 2, 0, 1, 0, 2, 1, 0, 0, 1, 0, 2, 1, 0, 0, 2, 1, 2, 1, 1, 1, 2, 1, 2, 2, 0, 1, 0, 0, 1, 0, 1, 0, 0, 1, 2, 2, 1, 2, 2, 2, 2]|[4, 2, 0, 0, 2, 2, 1, 2, 4, 2, 2, 0, 1, 0, 4, 2, 1, 1, 1, 2, 2, 1, 0, 2, 1, 0, 1, 3, 2, 4, 0, 3, 0, 2, 2, 2, 2, 2, 0, 3, 0, 4, 2, 1, 4, 0, 1, 1, 0, 2, 2, 1, 1, 3, 0, 1, 1, 0, 1, 1, 2, 2, 2, 4, 3, 2, 0, 0, 1, 3, 1, 0, 1, 4, 1, 1, 0, 2, 0, 4, 2, 3, 0, 0, 1, 0, 1, 2, 2, 1, 0, 1, 1, 0, 1, 2, 2, 0, 0, 0]|[0, 0, 1, 0, 1, 3, 1, 0, 0, 3, 3, 2, 0, 0, 0, 0, 0, 2, 0, 0, 3, 1, 1, 0, 2, 0, 0, 0, 2, 1, 0, 3, 1, 0, 1, 2, 1, 2, 1, 3, 1, 3, 1, 1, 0, 1, 0, 1, 0, 1, 2, 1, 2, 0, 2, 2, 0, 0, 0, 2, 0, 0, 0, 0, 2, 0, 1, 1, 0, 1, 0, 1, 1, 1, 1, 2, 2, 0, 1, 2, 2, 1, 3, 0, 0, 1, 0, 0, 0, 0, 0, 1, 2, 3, 1, 0, 2, 1, 3, 2],797.540291221851;129008.676280931000;358250.977860813500,false,0
86,2,35776,G4_BALANCED,[63, 30, 89, 27, 96, 75, 26, 76, 58, 1, 12, 18, 78, 16, 80, 84, 49, 11, 85, 15, 83, 47, 0, 14, 64, 25, 66, 65, 81, 44, 29, 82, 13, 4, 86, 7, 54, 52, 56, 21, 32, 48, 38, 39, 33, 37, 40, 69, 31, 90, 35, 60, 99, 24, 67, 53, 74, 43, 20, 10, 87, 22, 91, 41, 19, 79, 57, 61, 70, 45, 3, 95, 51, 94, 2, 59, 55, 28, 62, 36, 92, 23, 42, 9, 73, 8, 6, 93, 5, 17, 34, 77, 71, 88, 68, 97, 50, 46, 72, 98]|[2, 0, 1, 2, 1, 2, 1, 0, 2, 2, 2, 1, 0, 2, 2, 1, 1, 2, 1, 0, 2, 0, 0, 0, 1, 1, 1, 1, 2, 2, 2, 2, 2, 0, 0, 1, 0, 1, 1, 2, 2, 0, 0, 2, 2, 1, 1, 0, 2, 0, 1, 1, 2, 1, 1, 1, 0, 1, 2, 1, 2, 0, 1, 0, 2, 1, 2, 0, 2, 0, 1, 0, 0, 2, 1, 2, 2, 2, 2, 1, 1, 1, 2, 1, 1, 1, 0, 1, 1, 1, 0, 2, 1, 1, 2, 2, 1, 2, 1, 1]|[4, 2, 0, 3, 1, 3, 3, 2, 4, 2, 2, 0, 1, 1, 2, 2, 1, 1, 1, 2, 2, 2, 0, 0, 1, 1, 0, 3, 2, 1, 0, 3, 4, 2, 2, 2, 2, 2, 2, 3, 4, 2, 1, 1, 4, 0, 1, 1, 0, 0, 1, 1, 1, 1, 1, 2, 1, 1, 4, 2, 1, 2, 2, 2, 4, 3, 4, 0, 3, 2, 2, 0, 0, 1, 1, 0, 3, 3, 1, 3, 2, 2, 0, 1, 1, 2, 1, 1, 1, 1, 1, 0, 1, 3, 3, 1, 1, 1, 1, 2]|[0, 1, 0, 1, 1, 2, 2, 0, 0, 3, 3, 2, 0, 2, 2, 0, 0, 2, 0, 0, 3, 0, 1, 1, 2, 2, 0, 0, 2, 1, 0, 3, 1, 0, 0, 0, 1, 2, 2, 3, 1, 1, 1, 2, 1, 1, 1, 0, 0, 0, 0, 1, 2, 0, 0, 2, 1, 0, 0, 0, 2, 0, 0, 0, 0, 2, 1, 1, 1, 0, 0, 1, 1, 0, 1, 2, 2, 1, 2, 1, 2, 0, 3, 2, 2, 0, 0, 0, 0, 1, 1, 1, 1, 0, 0, 2, 0, 1, 2, 0],908.515618110190;124713.992660217900;342395.702490725850,false,0
86,2,35776,G2_TEC,[63, 30, 89, 27, 96, 75, 26, 76, 58, 1, 12, 18, 78, 16, 80, 84, 49, 11, 85, 15, 83, 47, 0, 14, 64, 25, 66, 65, 31, 44, 29, 82, 13, 4, 86, 7, 54, 52, 56, 21, 32, 48, 38, 74, 39, 33, 60, 71, 69, 81, 90, 3, 34, 99, 43, 67, 35, 53, 20, 10, 87, 22, 91, 41, 19, 79, 57, 61, 70, 88, 45, 37, 51, 94, 2, 59, 55, 28, 62, 36, 92, 23, 42, 9, 73, 8, 6, 93, 5, 17, 24, 98, 77, 95, 50, 40, 97, 46, 72, 68]|[2, 0, 1, 2, 1, 0, 1, 0, 2, 2, 1, 1, 0, 2, 2, 1, 2, 2, 1, 1, 2, 0, 1, 0, 2, 2, 1, 1, 1, 2, 2, 2, 2, 1, 0, 2, 1, 2, 1, 1, 2, 2, 2, 0, 2, 2, 1, 1, 1, 1, 1, 1, 0, 2, 1, 1, 1, 1, 1, 1, 2, 1, 1, 0, 2, 1, 2, 1, 2, 1, 1, 1, 1, 2, 1, 2, 2, 2, 2, 1, 1, 1, 2, 1, 1, 2, 0, 1, 0, 1, 2, 1, 1, 2, 1, 1, 2, 2, 0, 2]|[4, 2, 0, 3, 1, 2, 3, 2, 4, 2, 3, 0, 1, 1, 2, 2, 3, 1, 1, 2, 2, 2, 2, 0, 1, 3, 0, 1, 3, 2, 1, 0, 4, 0, 2, 1, 2, 0, 2, 1, 3, 4, 3, 1, 1, 4, 3, 1, 3, 3, 1, 2, 1, 1, 1, 0, 1, 2, 3, 2, 1, 1, 1, 2, 4, 3, 4, 2, 3, 3, 1, 2, 2, 1, 1, 0, 3, 3, 1, 3, 2, 2, 0, 1, 1, 0, 2, 1, 2, 2, 1, 2, 1, 0, 1, 1, 0, 1, 2, 3]|[0, 1, 2, 1, 1, 1, 2, 0, 0, 3, 1, 2, 0, 2, 2, 0, 1, 2, 0, 0, 3, 0, 1, 1, 0, 0, 0, 2, 0, 2, 1, 0, 1, 1, 0, 0, 2, 0, 2, 1, 3, 1, 2, 1, 2, 1, 0, 1, 2, 0, 1, 0, 1, 2, 0, 2, 0, 2, 2, 0, 2, 1, 0, 0, 0, 2, 1, 2, 1, 0, 0, 1, 0, 0, 1, 2, 2, 1, 2, 1, 2, 0, 3, 2, 2, 1, 0, 0, 0, 0, 2, 0, 2, 3, 0, 2, 3, 1, 0, 0],1034.644836770965;119512.936186037030;328845.579125207270,false,0
86,2,35776,G3_TWC,[63, 30, 89, 27, 96, 75, 26, 76, 58, 1, 12, 18, 78, 16, 80, 84, 49, 11, 85, 15, 83, 47, 0, 14, 64, 25, 66, 65, 81, 44, 29, 82, 13, 4, 86, 7, 54, 52, 56, 21, 32, 48, 38, 74, 39, 33, 60, 71, 69, 31, 90, 3, 34, 99, 43, 67, 35, 53, 20, 10, 87, 22, 91, 41, 19, 79, 57, 61, 70, 88, 45, 37, 51, 94, 2, 59, 55, 28, 62, 36, 92, 23, 42, 9, 73, 8, 6, 93, 5, 17, 24, 98, 46, 95, 77, 50, 97, 40, 72, 68]|[2, 0, 1, 2, 1, 0, 0, 0, 2, 2, 1, 1, 1, 2, 2, 1, 2, 2, 1, 1, 2, 0, 1, 0, 2, 2, 1, 1, 1, 2, 2, 2, 2, 1, 0, 2, 1, 2, 1, 1, 2, 2, 2, 0, 2, 2, 1, 1, 1, 2, 1, 1, 1, 2, 1, 1, 1, 1, 2, 1, 2, 1, 1, 0, 2, 1, 2, 1, 1, 1, 1, 1, 1, 2, 1, 2, 2, 2, 2, 1, 1, 1, 2, 1, 2, 2, 0, 1, 0, 1, 2, 1, 2, 2, 2, 1, 2, 1, 0, 2]|[4, 2, 0, 3, 1, 2, 1, 2, 4, 2, 3, 0, 1, 1, 2, 2, 3, 1, 1, 2, 2, 2, 2, 0, 1, 3, 0, 1, 3, 2, 1, 0, 4, 0, 2, 1, 2, 0, 2, 1, 3, 4, 3, 1, 1, 4, 3, 1, 3, 1, 3, 2, 2, 1, 1, 0, 1, 2, 4, 2, 1, 1, 1, 2, 4, 3, 4, 1, 3, 3, 1, 2, 2, 4, 1, 0, 3, 3, 1, 3, 2, 2, 0, 1, 1, 0, 2, 1, 2, 2, 1, 2, 1, 0, 1, 1, 3, 1, 2, 3]|[0, 1, 2, 1, 1, 1, 1, 0, 0, 3, 1, 2, 0, 2, 2, 0, 1, 2, 0, 0, 3, 0, 1, 1, 0, 0, 0, 2, 0, 2, 1, 0, 1, 1, 0, 0, 0, 0, 2, 1, 3, 1, 2, 1, 2, 1, 0, 1, 2, 2, 1, 0, 1, 2, 0, 2, 0, 2, 0, 0, 2, 1, 0, 0, 0, 2, 1, 2, 0, 0, 0, 1, 0, 1, 1, 2, 2, 1, 2, 1, 2, 0, 3, 2, 0, 1, 0, 0, 0, 0, 2, 0, 1, 3, 2, 0, 0, 2, 0, 0],994.519788492617;120304.544202276160;331719.196737191400,false,0
87,2,35876,G1_CMAX,[63, 30, 89, 27, 96, 38, 26, 22, 58, 1, 12, 18, 78, 16, 80, 84, 49, 11, 85, 15, 83, 0, 14, 64, 25, 66, 65, 81, 44, 29, 82, 13, 4, 86, 7, 54, 52, 56, 21, 32, 48, 75, 74, 39, 33, 60, 71, 69, 31, 90, 35, 37, 99, 24, 67, 53, 43, 20, 10, 87, 76, 91, 41, 19, 79, 57, 61, 70, 88, 45, 34, 51, 47, 94, 2, 97, 55, 28, 62, 36, 92, 23, 42, 8, 50, 9, 6, 68, 93, 5, 72, 17, 73, 40, 46, 98, 3, 77, 95, 59]|[2, 0, 0, 0, 0, 2, 0, 0, 2, 2, 2, 1, 0, 0, 2, 1, 1, 2, 1, 0, 2, 0, 0, 0, 1, 1, 1, 1, 2, 2, 2, 2, 0, 0, 0, 1, 0, 1, 2, 2, 1, 2, 2, 0, 2, 1, 1, 1, 2, 0, 1, 1, 2, 1, 1, 2, 1, 0, 1, 2, 0, 1, 0, 2, 1, 0, 0, 1, 0, 2, 1, 0, 0, 2, 1, 2, 1, 1, 1, 2, 1, 2, 2, 0, 1, 0, 0, 1, 0, 1, 0, 0, 1, 2, 2, 1, 2, 2, 2, 2]|[4, 2, 0, 0, 2, 2, 1, 2, 4, 2, 2, 0, 1, 0, 4, 2, 1, 1, 1, 2, 2, 1, 0, 2, 1, 0, 1, 3, 2, 4, 0, 3, 0, 2, 2, 2, 2, 2, 0, 3, 0, 4, 2, 1, 4, 0, 1, 1, 0, 2, 2, 1, 1, 3, 0, 1, 1, 0, 1, 1, 2, 2, 2, 4, 3, 2, 0, 0, 1, 3, 1, 0, 1, 4, 1, 1, 0, 2, 0, 4, 2, 3, 0, 0, 1, 0, 1, 2, 2, 1, 0, 1, 1, 0, 1, 2, 2, 0, 0, 0]|[0, 0, 1, 0, 1, 3, 1, 0, 0, 3, 3, 2, 0, 0, 0, 0, 0, 2, 0, 0, 3, 1, 1, 0, 2, 0, 0, 0, 2, 1, 0, 3, 1, 0, 1, 2, 1, 2, 1, 3, 1, 3, 1, 1, 0, 1, 0, 1, 0, 1, 2, 1, 2, 0, 2, 2, 0, 0, 0, 2, 0, 0, 0, 0, 2, 0, 1, 1, 0, 1, 0, 1, 1, 1, 1, 2, 2, 0, 1, 2, 2, 1, 3, 0, 0, 1, 0, 0, 0, 0, 0, 1, 2, 3, 1, 0, 2, 1, 3, 2],797.540291221851;129008.676280931000;358250.977860813500,false,0
87,2,35876,G4_BALANCED,[63, 30, 89, 27, 96, 38, 26, 22, 58, 1, 12, 18, 78, 16, 80, 84, 49, 11, 85, 15, 83, 0, 14, 64, 25, 66, 65, 81, 44, 29, 82, 13, 4, 86, 7, 54, 52, 56, 21, 32, 48, 75, 74, 39, 33, 60, 71, 69, 31, 90, 35, 37, 99, 24, 67, 53, 43, 47, 10, 17, 87, 76, 6, 41, 57, 79, 34, 61, 70, 88, 45, 3, 51, 94, 2, 59, 55, 28, 62, 36, 20, 23, 42, 9, 73, 8, 91, 93, 5, 19, 92, 98, 97, 95, 46, 72, 77, 68, 50, 40]|[2, 0, 1, 0, 0, 2, 2, 0, 2, 2, 2, 1, 0, 2, 2, 1, 1, 2, 1, 1, 2, 0, 0, 0, 1, 1, 1, 1, 1, 2, 2, 2, 2, 0, 0, 1, 2, 1, 1, 2, 2, 2, 0, 2, 2, 1, 1, 1, 2, 0, 1, 1, 2, 1, 1, 2, 1, 1, 1, 0, 2, 0, 0, 0, 0, 1, 0, 0, 0, 0, 2, 2, 0, 2, 1, 2, 2, 1, 1, 2, 0, 1, 2, 0, 1, 0, 1, 0, 2, 2, 1, 1, 2, 2, 2, 0, 1, 1, 1, 2]|[4, 2, 0, 0, 2, 3, 4, 2, 4, 2, 2, 0, 1, 1, 2, 2, 1, 4, 1, 2, 2, 2, 0, 2, 1, 0, 0, 3, 3, 2, 2, 3, 4, 2, 2, 2, 0, 2, 1, 3, 2, 4, 1, 1, 4, 0, 1, 1, 0, 2, 2, 2, 1, 1, 0, 1, 1, 3, 1, 1, 1, 2, 2, 2, 2, 3, 1, 0, 2, 1, 3, 2, 0, 4, 1, 0, 3, 2, 3, 4, 0, 2, 0, 0, 1, 0, 1, 2, 0, 4, 2, 2, 1, 0, 1, 2, 1, 2, 1, 0]|[0, 0, 2, 0, 1, 2, 1, 0, 0, 3, 3, 2, 0, 2, 2, 0, 0, 1, 0, 0, 3, 0, 1, 0, 2, 0, 0, 0, 0, 2, 1, 3, 1, 0, 0, 2, 0, 2, 1, 3, 3, 3, 1, 2, 1, 1, 0, 1, 0, 1, 2, 1, 2, 0, 2, 2, 0, 2, 0, 1, 2, 1, 0, 0, 0, 2, 1, 1, 0, 0, 1, 2, 1, 1, 1, 2, 2, 0, 1, 2, 0, 0, 3, 1, 2, 0, 1, 0, 3, 0, 2, 0, 2, 3, 1, 0, 1, 0, 0, 3],859.340319346263;126298.731272979350;353103.692728681140,false,0
87,2,35876,G2_TEC,[63, 30, 89, 27, 96, 75, 26, 76, 58, 1, 12, 18, 78, 16, 80, 84, 49, 11, 85, 15, 83, 47, 0, 14, 64, 25, 66, 65, 31, 44, 29, 82, 13, 4, 86, 7, 54, 52, 56, 21, 32, 48, 38, 74, 39, 33, 60, 71, 69, 81, 90, 3, 34, 99, 43, 67, 35, 53, 20, 10, 87, 22, 91, 41, 19, 79, 57, 61, 70, 88, 45, 37, 51, 94, 2, 59, 55, 28, 62, 36, 92, 23, 42, 9, 73, 8, 6, 93, 5, 17, 24, 98, 77, 95, 50, 40, 97, 46, 72, 68]|[2, 0, 1, 2, 1, 0, 1, 0, 2, 2, 1, 1, 0, 2, 2, 1, 2, 2, 1, 1, 2, 0, 1, 0, 2, 2, 1, 1, 1, 2, 2, 2, 2, 1, 0, 2, 1, 2, 1, 1, 2, 2, 2, 0, 2, 2, 1, 1, 1, 1, 1, 1, 0, 2, 1, 1, 1, 1, 1, 1, 2, 1, 1, 0, 2, 1, 2, 1, 2, 1, 1, 1, 1, 2, 1, 2, 2, 2, 2, 1, 1, 1, 2, 1, 1, 2, 0, 1, 0, 1, 2, 1, 1, 2, 1, 1, 2, 2, 0, 2]|[4, 2, 0, 3, 1, 2, 3, 2, 4, 2, 3, 0, 1, 1, 2, 2, 3, 1, 1, 2, 2, 2, 2, 0, 1, 3, 0, 1, 3, 2, 1, 0, 4, 0, 2, 1, 2, 0, 2, 1, 3, 4, 3, 1, 1, 4, 3, 1, 3, 3, 1, 2, 1, 1, 1, 0, 1, 2, 3, 2, 1, 1, 1, 2, 4, 3, 4, 2, 3, 3, 1, 2, 2, 1, 1, 0, 3, 3, 1, 3, 2, 2, 0, 1, 1, 0, 2, 1, 2, 2, 1, 2, 1, 0, 1, 1, 0, 1, 2, 3]|[0, 1, 2, 1, 1, 1, 2, 0, 0, 3, 1, 2, 0, 2, 2, 0, 1, 2, 0, 0, 3, 0, 1, 1, 0, 0, 0, 2, 0, 2, 1, 0, 1, 1, 0, 0, 2, 0, 2, 1, 3, 1, 2, 1, 2, 1, 0, 1, 2, 0, 1, 0, 1, 2, 0, 2, 0, 2, 2, 0, 2, 1, 0, 0, 0, 2, 1, 2, 1, 0, 0, 1, 0, 0, 1, 2, 2, 1, 2, 1, 2, 0, 3, 2, 2, 1, 0, 0, 0, 0, 2, 0, 2, 3, 0, 2, 3, 1, 0, 0],1034.644836770965;119512.936186037030;328845.579125207270,false,0
87,2,35876,G3_TWC,[63, 30, 89, 27, 96, 75, 26, 76, 58, 1, 12, 18, 78, 16, 80, 84, 49, 11, 85, 15, 83, 47, 0, 14, 64, 25, 66, 65, 81, 44, 29, 82, 13, 4, 86, 7, 54, 52, 56, 21, 32, 48, 38, 74, 39, 33, 60, 71, 69, 31, 90, 3, 34, 99, 43, 67, 35, 53, 20, 10, 87, 22, 91, 41, 19, 79, 57, 61, 70, 88, 45, 37, 51, 94, 2, 59, 55, 28, 62, 36, 92, 23, 42, 9, 73, 8, 6, 93, 5, 17, 24, 98, 46, 95, 77, 50, 97, 40, 72, 68]|[2, 0, 1, 2, 1, 0, 0, 0, 2, 2, 1, 1, 1, 2, 2, 1, 2, 2, 1, 1, 2, 0, 1, 0, 2, 2, 1, 1, 1, 2, 2, 2, 2, 1, 0, 2, 1, 2, 1, 1, 2, 2, 2, 0, 2, 2, 1, 1, 1, 2, 1, 1, 1, 2, 1, 1, 1, 1, 2, 1, 2, 1, 1, 0, 2, 1, 2, 1, 1, 1, 1, 1, 1, 2, 1, 2, 2, 2, 2, 1, 1, 1, 2, 1, 2, 2, 0, 1, 0, 1, 2, 1, 2, 2, 2, 1, 2, 1, 0, 2]|[4, 2, 0, 3, 1, 2, 1, 2, 4, 2, 3, 0, 1, 1, 2, 2, 3, 1, 1, 2, 2, 2, 2, 0, 1, 3, 0, 1, 3, 2, 1, 0, 4, 0, 2, 1, 2, 0, 2, 1, 3, 4, 3, 1, 1, 4, 3, 1, 3, 1, 3, 2, 2, 1, 1, 0, 1, 2, 4, 2, 1, 1, 1, 2, 4, 3, 4, 1, 3, 3, 1, 2, 2, 4, 1, 0, 3, 3, 1, 3, 2, 2, 0, 1, 1, 0, 2, 1, 2, 2, 1, 2, 1, 0, 1, 1, 3, 1, 2, 3]|[0, 1, 2, 1, 1, 1, 1, 0, 0, 3, 1, 2, 0, 2, 2, 0, 1, 2, 0, 0, 3, 0, 1, 1, 0, 0, 0, 2, 0, 2, 1, 0, 1, 1, 0, 0, 0, 0, 2, 1, 3, 1, 2, 1, 2, 1, 0, 1, 2, 2, 1, 0, 1, 2, 0, 2, 0, 2, 0, 0, 2, 1, 0, 0, 0, 2, 1, 2, 0, 0, 0, 1, 0, 1, 1, 2, 2, 1, 2, 1, 2, 0, 3, 2, 0, 1, 0, 0, 0, 0, 2, 0, 1, 3, 2, 0, 0, 2, 0, 0],994.519788492617;120304.544202276160;331719.196737191400,false,0
88,2,35976,G1_CMAX,[63, 30, 89, 27, 96, 75, 26, 76, 58, 1, 12, 18, 78, 16, 80, 84, 49, 11, 85, 15, 83, 47, 0, 14, 64, 25, 66, 65, 31, 44, 29, 82, 13, 4, 86, 7, 54, 52, 56, 21, 32, 48, 38, 74, 39, 33, 60, 71, 69, 81, 90, 3, 34, 99, 43, 67, 35, 53, 20, 10, 87, 22, 91, 41, 19, 79, 57, 61, 70, 88, 45, 37, 51, 94, 2, 59, 55, 28, 62, 36, 92, 23, 42, 9, 73, 8, 6, 93, 5, 17, 24, 98, 77, 95, 50, 40, 97, 46, 72, 68]|[2, 0, 1, 2, 1, 0, 1, 0, 2, 2, 1, 1, 0, 2, 2, 1, 2, 2, 1, 1, 2, 0, 1, 0, 2, 2, 1, 1, 1, 2, 2, 2, 2, 1, 0, 2, 1, 2, 1, 1, 2, 2, 2, 0, 2, 2, 1, 1, 1, 1, 1, 1, 0, 2, 1, 1, 1, 1, 1, 1, 2, 1, 1, 0, 2, 1, 2, 1, 2, 1, 1, 1, 1, 2, 1, 2, 2, 2, 2, 1, 1, 1, 2, 1, 1, 2, 0, 1, 0, 1, 2, 1, 1, 2, 1, 1, 2, 2, 0, 2]|[4, 2, 0, 3, 1, 2, 3, 2, 4, 2, 3, 0, 1, 1, 2, 2, 3, 1, 1, 2, 2, 2, 2, 0, 1, 3, 0, 1, 3, 2, 1, 0, 4, 0, 2, 1, 2, 0, 2, 1, 3, 4, 3, 1, 1, 4, 3, 1, 3, 3, 1, 2, 1, 1, 1, 0, 1, 2, 3, 2, 1, 1, 1, 2, 4, 3, 4, 2, 3, 3, 1, 2, 2, 1, 1, 0, 3, 3, 1, 3, 2, 2, 0, 1, 1, 0, 2, 1, 2, 2, 1, 2, 1, 0, 1, 1, 0, 1, 2, 3]|[0, 1, 2, 1, 1, 1, 2, 0, 0, 3, 1, 2, 0, 2, 2, 0, 1, 2, 0, 0, 3, 0, 1, 1, 0, 0, 0, 2, 0, 2, 1, 0, 1, 1, 0, 0, 2, 0, 2, 1, 3, 1, 2, 1, 2, 1, 0, 1, 2, 0, 1, 0, 1, 2, 0, 2, 0, 2, 2, 0, 2, 1, 0, 0, 0, 2, 1, 2, 1, 0, 0, 1, 0, 0, 1, 2, 2, 1, 2, 1, 2, 0, 3, 2, 2, 1, 0, 0, 0, 0, 2, 0, 2, 3, 0, 2, 3, 1, 0, 0],1034.644836770965;119512.936186037030;328845.579125207270,false,0
88,2,35976,G4_BALANCED,[63, 30, 89, 27, 96, 75, 26, 76, 58, 1, 12, 18, 78, 16, 80, 84, 49, 11, 85, 15, 83, 47, 0, 14, 64, 25, 66, 65, 81, 44, 29, 82, 13, 4, 86, 7, 54, 52, 56, 21, 32, 48, 38, 74, 39, 33, 60, 71, 69, 31, 90, 3, 34, 99, 43, 67, 35, 53, 20, 10, 87, 22, 91, 41, 19, 79, 57, 61, 70, 88, 45, 37, 51, 94, 2, 59, 55, 28, 62, 36, 92, 23, 42, 9, 73, 8, 6, 93, 5, 17, 24, 98, 77, 95, 40, 97, 72, 50, 68, 46]|[2, 1, 1, 2, 1, 0, 1, 0, 2, 2, 1, 1, 0, 2, 2, 1, 2, 2, 1, 1, 2, 0, 1, 0, 2, 1, 1, 1, 1, 2, 2, 2, 2, 1, 1, 2, 1, 2, 1, 1, 2, 2, 2, 0, 2, 2, 1, 1, 1, 2, 1, 1, 1, 2, 1, 1, 1, 1, 2, 1, 2, 1, 1, 0, 2, 1, 2, 1, 2, 1, 1, 1, 1, 2, 1, 2, 2, 2, 1, 1, 1, 1, 2, 1, 2, 2, 0, 1, 1, 1, 2, 1, 1, 2, 1, 2, 1, 1, 2, 1]|[4, 1, 0, 3, 1, 2, 3, 2, 4, 2, 3, 0, 1, 1, 2, 2, 3, 1, 1, 2, 2, 2, 2, 0, 1, 1, 0, 1, 3, 2, 1, 0, 4, 0, 3, 1, 2, 0, 2, 1, 3, 4, 3, 1, 1, 4, 3, 1, 3, 1, 3, 2, 2, 1, 1, 0, 1, 2, 4, 2, 1, 1, 2, 2, 4, 3, 4, 1, 3, 3, 1, 2, 2, 1, 1, 0, 3, 3, 3, 3, 2, 2, 0, 1, 1, 0, 2, 1, 1, 2, 1, 1, 1, 0, 1, 1, 3, 1, 3, 1]|[0, 0, 2, 1, 1, 1, 2, 0, 0, 3, 1, 2, 0, 2, 2, 0, 1, 2, 0, 0, 3, 0, 1, 1, 0, 2, 0, 2, 0, 2, 1, 0, 1, 1, 0, 0, 0, 0, 2, 1, 3, 1, 2, 1, 2, 1, 0, 1, 2, 2, 1, 0, 1, 2, 0, 2, 0, 2, 0, 0, 2, 1, 0, 0, 0, 2, 1, 2, 1, 0, 0, 1, 0, 0, 1, 2, 2, 1, 1, 1, 2, 0, 3, 2, 0, 1, 0, 0, 0, 0, 2, 2, 0, 3, 0, 2, 1, 0, 0, 0],1142.410235399634;118715.794847566230;314225.183345665340,false,0
88,2,35976,G2_TEC,[63, 30, 89, 27, 96, 75, 26, 76, 58, 1, 12, 18, 78, 16, 80, 84, 49, 11, 85, 15, 83, 47, 0, 14, 64, 25, 66, 65, 31, 44, 29, 82, 13, 4, 86, 7, 54, 52, 56, 21, 32, 48, 38, 74, 39, 33, 60, 71, 69, 81, 90, 3, 34, 99, 43, 67, 35, 53, 20, 10, 87, 22, 91, 41, 19, 79, 57, 61, 70, 88, 45, 37, 51, 94, 2, 59, 55, 28, 62, 36, 92, 23, 42, 9, 73, 8, 6, 93, 5, 17, 24, 98, 77, 95, 50, 40, 97, 46, 72, 68]|[2, 0, 1, 2, 1, 0, 1, 0, 2, 2, 1, 1, 0, 2, 2, 1, 2, 2, 1, 1, 2, 0, 1, 0, 2, 2, 1, 1, 1, 2, 2, 2, 2, 1, 0, 2, 1, 2, 1, 1, 2, 2, 2, 0, 2, 2, 1, 1, 1, 1, 1, 1, 0, 2, 1, 1, 1, 1, 1, 1, 2, 1, 1, 0, 2, 1, 2, 1, 2, 1, 1, 1, 1, 2, 1, 2, 2, 2, 2, 1, 1, 1, 2, 1, 1, 2, 0, 1, 0, 1, 2, 1, 1, 2, 1, 1, 2, 2, 0, 2]|[4, 2, 0, 3, 1, 2, 3, 2, 4, 2, 3, 0, 1, 1, 2, 2, 3, 1, 1, 2, 2, 2, 2, 0, 1, 3, 0, 1, 3, 2, 1, 0, 4, 0, 2, 1, 2, 0, 2, 1, 3, 4, 3, 1, 1, 4, 3, 1, 3, 3, 1, 2, 1, 1, 1, 0, 1, 2, 3, 2, 1, 1, 1, 2, 4, 3, 4, 2, 3, 3, 1, 2, 2, 1, 1, 0, 3, 3, 1, 3, 2, 2, 0, 1, 1, 0, 2, 1, 2, 2, 1, 2, 1, 0, 1, 1, 0, 1, 2, 3]|[0, 1, 2, 1, 1, 1, 2, 0, 0, 3, 1, 2, 0, 2, 2, 0, 1, 2, 0, 0, 3, 0, 1, 1, 0, 0, 0, 2, 0, 2, 1, 0, 1, 1, 0, 0, 2, 0, 2, 1, 3, 1, 2, 1, 2, 1, 0, 1, 2, 0, 1, 0, 1, 2, 0, 2, 0, 2, 2, 0, 2, 1, 0, 0, 0, 2, 1, 2, 1, 0, 0, 1, 0, 0, 1, 2, 2, 1, 2, 1, 2, 0, 3, 2, 2, 1, 0, 0, 0, 0, 2, 0, 2, 3, 0, 2, 3, 1, 0, 0],1034.644836770965;119512.936186037030;328845.579125207270,false,0
88,2,35976,G3_TWC,[63, 30, 89, 27, 96, 75, 26, 76, 58, 1, 12, 18, 78, 16, 80, 84, 49, 11, 85, 15, 83, 47, 0, 14, 64, 25, 66, 65, 81, 44, 29, 82, 13, 4, 86, 7, 54, 52, 56, 21, 32, 48, 38, 74, 39, 33, 60, 71, 69, 31, 90, 3, 34, 99, 43, 67, 35, 53, 20, 10, 87, 22, 91, 41, 19, 79, 57, 61, 70, 88, 45, 37, 51, 94, 2, 59, 55, 28, 62, 36, 92, 23, 42, 9, 73, 8, 6, 93, 5, 17, 24, 98, 46, 95, 77, 50, 97, 40, 72, 68]|[2, 0, 1, 2, 1, 0, 0, 0, 2, 2, 1, 1, 1, 2, 2, 1, 2, 2, 1, 1, 2, 0, 1, 0, 2, 2, 1, 1, 1, 2, 2, 2, 2, 1, 0, 2, 1, 2, 1, 1, 2, 2, 2, 0, 2, 2, 1, 1, 1, 2, 1, 1, 1, 2, 1, 1, 1, 1, 2, 1, 2, 1, 1, 0, 2, 1, 2, 1, 1, 1, 1, 1, 1, 2, 1, 2, 2, 2, 2, 1, 1, 1, 2, 1, 2, 2, 0, 1, 0, 1, 2, 1, 2, 2, 2, 1, 2, 1, 0, 2]|[4, 2, 0, 3, 1, 2, 1, 2, 4, 2, 3, 0, 1, 1, 2, 2, 3, 1, 1, 2, 2, 2, 2, 0, 1, 3, 0, 1, 3, 2, 1, 0, 4, 0, 2, 1, 2, 0, 2, 1, 3, 4, 3, 1, 1, 4, 3, 1, 3, 1, 3, 2, 2, 1, 1, 0, 1, 2, 4, 2, 1, 1, 1, 2, 4, 3, 4, 1, 3, 3, 1, 2, 2, 4, 1, 0, 3, 3, 1, 3, 2, 2, 0, 1, 1, 0, 2, 1, 2, 2, 1, 2, 1, 0, 1, 1, 3, 1, 2, 3]|[0, 1, 2, 1, 1, 1, 1, 0, 0, 3, 1, 2, 0, 2, 2, 0, 1, 2, 0, 0, 3, 0, 1, 1, 0, 0, 0, 2, 0, 2, 1, 0, 1, 1, 0, 0, 0, 0, 2, 1, 3, 1, 2, 1, 2, 1, 0, 1, 2, 2, 1, 0, 1, 2, 0, 2, 0, 2, 0, 0, 2, 1, 0, 0, 0, 2, 1, 2, 0, 0, 0, 1, 0, 1, 1, 2, 2, 1, 2, 1, 2, 0, 3, 2, 0, 1, 0, 0, 0, 0, 2, 0, 1, 3, 2, 0, 0, 2, 0, 0],994.519788492617;120304.544202276160;331719.196737191400,false,0
89,2,36076,G1_CMAX,[63, 30, 89, 27, 96, 75, 26, 76, 58, 1, 12, 18, 78, 16, 80, 84, 49, 11, 85, 15, 83, 47, 0, 14, 64, 25, 66, 65, 31, 44, 29, 82, 13, 4, 86, 7, 54, 52, 56, 21, 32, 48, 38, 74, 39, 33, 60, 71, 69, 81, 90, 3, 34, 99, 43, 67, 35, 53, 20, 10, 87, 22, 91, 41, 19, 79, 57, 61, 70, 88, 45, 37, 51, 94, 2, 59, 55, 28, 62, 36, 92, 23, 42, 9, 73, 8, 6, 93, 5, 17, 24, 98, 77, 95, 50, 40, 97, 46, 72, 68]|[2, 0, 1, 2, 1, 0, 1, 0, 2, 2, 1, 1, 0, 2, 2, 1, 2, 2, 1, 1, 2, 0, 1, 0, 2, 2, 1, 1, 1, 2, 2, 2, 2, 1, 0, 2, 1, 2, 1, 1, 2, 2, 2, 0, 2, 2, 1, 1, 1, 1, 1, 1, 0, 2, 1, 1, 1, 1, 1, 1, 2, 1, 1, 0, 2, 1, 2, 1, 2, 1, 1, 1, 1, 2, 1, 2, 2, 2, 2, 1, 1, 1, 2, 1, 1, 2, 0, 1, 0, 1, 2, 1, 1, 2, 1, 1, 2, 2, 0, 2]|[4, 2, 0, 3, 1, 2, 3, 2, 4, 2, 3, 0, 1, 1, 2, 2, 3, 1, 1, 2, 2, 2, 2, 0, 1, 3, 0, 1, 3, 2, 1, 0, 4, 0, 2, 1, 2, 0, 2, 1, 3, 4, 3, 1, 1, 4, 3, 1, 3, 3, 1, 2, 1, 1, 1, 0, 1, 2, 3, 2, 1, 1, 1, 2, 4, 3, 4, 2, 3, 3, 1, 2, 2, 1, 1, 0, 3, 3, 1, 3, 2, 2, 0, 1, 1, 0, 2, 1, 2, 2, 1, 2, 1, 0, 1, 1, 0, 1, 2, 3]|[0, 1, 2, 1, 1, 1, 2, 0, 0, 3, 1, 2, 0, 2, 2, 0, 1, 2, 0, 0, 3, 0, 1, 1, 0, 0, 0, 2, 0, 2, 1, 0, 1, 1, 0, 0, 2, 0, 2, 1, 3, 1, 2, 1, 2, 1, 0, 1, 2, 0, 1, 0, 1, 2, 0, 2, 0, 2, 2, 0, 2, 1, 0, 0, 0, 2, 1, 2, 1, 0, 0, 1, 0, 0, 1, 2, 2, 1, 2, 1, 2, 0, 3, 2, 2, 1, 0, 0, 0, 0, 2, 0, 2, 3, 0, 2, 3, 1, 0, 0],1034.644836770965;119512.936186037030;328845.579125207270,false,0
89,2,36076,G4_BALANCED,[63, 30, 27, 96, 75, 26, 76, 19, 48, 66, 53, 16, 80, 49, 11, 0, 6, 93, 5, 68, 97, 47, 83, 89, 15, 57, 61, 36, 81, 40, 46, 72, 77, 88, 24, 51, 94, 59, 55, 28, 62, 98, 23, 67, 71, 44, 29, 82, 13, 4, 86, 7, 92, 87, 20, 2, 35, 9, 43, 99, 34, 3, 90, 69, 60, 33, 39, 74, 38, 1, 32, 21, 73, 52, 54, 22, 91, 41, 58, 85, 50, 37, 42, 56, 25, 12, 14, 78, 8, 84, 65, 70, 79, 18, 45, 64, 10, 31, 17, 95]|[2, 0, 2, 0, 0, 0, 0, 2, 2, 1, 1, 2, 2, 0, 2, 1, 0, 1, 0, 2, 1, 0, 2, 1, 1, 2, 1, 1, 1, 0, 2, 0, 2, 1, 1, 0, 2, 2, 2, 2, 2, 1, 1, 1, 1, 2, 2, 2, 2, 0, 0, 0, 1, 1, 0, 1, 1, 1, 0, 2, 1, 2, 0, 0, 0, 2, 2, 0, 2, 2, 2, 2, 1, 2, 1, 0, 0, 0, 2, 1, 1, 1, 2, 1, 2, 1, 0, 1, 1, 1, 1, 2, 1, 1, 2, 1, 1, 1, 0, 2]|[4, 2, 3, 2, 2, 1, 2, 4, 4, 2, 1, 1, 0, 0, 1, 2, 1, 1, 2, 1, 1, 2, 2, 1, 2, 4, 1, 1, 1, 1, 1, 0, 0, 1, 2, 0, 4, 0, 3, 3, 1, 2, 2, 1, 1, 2, 1, 0, 4, 0, 2, 2, 2, 1, 0, 1, 1, 2, 2, 1, 1, 3, 2, 1, 0, 4, 1, 1, 3, 4, 3, 0, 1, 0, 2, 2, 0, 2, 4, 1, 1, 1, 0, 2, 3, 1, 0, 2, 1, 1, 1, 3, 3, 1, 3, 1, 2, 3, 1, 0]|[0, 1, 1, 1, 1, 1, 0, 0, 1, 0, 1, 2, 0, 0, 2, 0, 0, 2, 0, 2, 0, 0, 3, 0, 0, 1, 2, 1, 0, 1, 1, 0, 1, 0, 0, 1, 1, 2, 2, 1, 2, 0, 0, 2, 1, 2, 1, 0, 1, 1, 0, 1, 2, 1, 0, 1, 0, 0, 0, 2, 1, 3, 1, 0, 0, 0, 2, 1, 2, 1, 3, 1, 0, 0, 2, 0, 0, 0, 0, 0, 0, 1, 3, 2, 0, 2, 1, 0, 0, 0, 0, 1, 2, 1, 1, 1, 0, 2, 1, 3],877.969799970251;124452.557019605620;365330.739130774800,false,0
89,2,36076,G2_TEC,[63, 30, 89, 27, 96, 75, 26, 76, 58, 1, 12, 18, 78, 16, 80, 84, 49, 11, 85, 15, 83, 47, 0, 14, 64, 25, 66, 65, 31, 44, 29, 82, 13, 4, 86, 7, 54, 52, 56, 21, 32, 48, 38, 74, 39, 33, 60, 71, 69, 81, 90, 3, 34, 99, 43, 67, 35, 53, 20, 10, 87, 22, 91, 41, 19, 79, 57, 61, 70, 88, 45, 37, 51, 94, 2, 59, 55, 28, 62, 36, 92, 23, 42, 9, 73, 8, 6, 93, 5, 17, 24, 98, 77, 95, 50, 40, 97, 46, 72, 68]|[2, 0, 1, 2, 1, 0, 1, 0, 2, 2, 1, 1, 0, 2, 2, 1, 2, 2, 1, 1, 2, 0, 1, 0, 2, 2, 1, 1, 1, 2, 2, 2, 2, 1, 0, 2, 1, 2, 1, 1, 2, 2, 2, 0, 2, 2, 1, 1, 1, 1, 1, 1, 0, 2, 1, 1, 1, 1, 1, 1, 2, 1, 1, 0, 2, 1, 2, 1, 2, 1, 1, 1, 1, 2, 1, 2, 2, 2, 2, 1, 1, 1, 2, 1, 1, 2, 0, 1, 0, 1, 2, 1, 1, 2, 1, 1, 2, 2, 0, 2]|[4, 2, 0, 3, 1, 2, 3, 2, 4, 2, 3, 0, 1, 1, 2, 2, 3, 1, 1, 2, 2, 2, 2, 0, 1, 3, 0, 1, 3, 2, 1, 0, 4, 0, 2, 1, 2, 0, 2, 1, 3, 4, 3, 1, 1, 4, 3, 1, 3, 3, 1, 2, 1, 1, 1, 0, 1, 2, 3, 2, 1, 1, 1, 2, 4, 3, 4, 2, 3, 3, 1, 2, 2, 1, 1, 0, 3, 3, 1, 3, 2, 2, 0, 1, 1, 0, 2, 1, 2, 2, 1, 2, 1, 0, 1, 1, 0, 1, 2, 3]|[0, 1, 2, 1, 1, 1, 2, 0, 0, 3, 1, 2, 0, 2, 2, 0, 1, 2, 0, 0, 3, 0, 1, 1, 0, 0, 0, 2, 0, 2, 1, 0, 1, 1, 0, 0, 2, 0, 2, 1, 3, 1, 2, 1, 2, 1, 0, 1, 2, 0, 1, 0, 1, 2, 0, 2, 0, 2, 2, 0, 2, 1, 0, 0, 0, 2, 1, 2, 1, 0, 0, 1, 0, 0, 1, 2, 2, 1, 2, 1, 2, 0, 3, 2, 2, 1, 0, 0, 0, 0, 2, 0, 2, 3, 0, 2, 3, 1, 0, 0],1034.644836770965;119512.936186037030;328845.579125207270,false,0
89,2,36076,G3_TWC,[63, 30, 89, 27, 96, 75, 26, 76, 58, 1, 12, 18, 78, 16, 80, 84, 49, 11, 85, 15, 83, 47, 0, 14, 64, 25, 66, 65, 81, 44, 29, 82, 13, 4, 86, 7, 54, 52, 56, 21, 32, 48, 38, 74, 39, 33, 60, 71, 69, 31, 90, 3, 34, 99, 43, 67, 35, 53, 20, 10, 87, 22, 91, 41, 19, 79, 57, 61, 70, 88, 45, 37, 51, 94, 2, 59, 55, 28, 62, 36, 92, 23, 42, 9, 73, 8, 6, 93, 5, 17, 24, 98, 46, 95, 77, 50, 97, 40, 72, 68]|[2, 0, 1, 2, 1, 0, 0, 0, 2, 2, 1, 1, 1, 2, 2, 1, 2, 2, 1, 1, 2, 0, 1, 0, 2, 2, 1, 1, 1, 2, 2, 2, 2, 1, 0, 2, 1, 2, 1, 1, 2, 2, 2, 0, 2, 2, 1, 1, 1, 2, 1, 1, 1, 2, 1, 1, 1, 1, 2, 1, 2, 1, 1, 0, 2, 1, 2, 1, 1, 1, 1, 1, 1, 2, 1, 2, 2, 2, 2, 1, 1, 1, 2, 1, 2, 2, 0, 1, 0, 1, 2, 1, 2, 2, 2, 1, 2, 1, 0, 2]|[4, 2, 0, 3, 1, 2, 1, 2, 4, 2, 3, 0, 1, 1, 2, 2, 3, 1, 1, 2, 2, 2, 2, 0, 1, 3, 0, 1, 3, 2, 1, 0, 4, 0, 2, 1, 2, 0, 2, 1, 3, 4, 3, 1, 1, 4, 3, 1, 3, 1, 3, 2, 2, 1, 1, 0, 1, 2, 4, 2, 1, 1, 1, 2, 4, 3, 4, 1, 3, 3, 1, 2, 2, 4, 1, 0, 3, 3, 1, 3, 2, 2, 0, 1, 1, 0, 2, 1, 2, 2, 1, 2, 1, 0, 1, 1, 3, 1, 2, 3]|[0, 1, 2, 1, 1, 1, 1, 0, 0, 3, 1, 2, 0, 2, 2, 0, 1, 2, 0, 0, 3, 0, 1, 1, 0, 0, 0, 2, 0, 2, 1, 0, 1, 1, 0, 0, 0, 0, 2, 1, 3, 1, 2, 1, 2, 1, 0, 1, 2, 2, 1, 0, 1, 2, 0, 2, 0, 2, 0, 0, 2, 1, 0, 0, 0, 2, 1, 2, 0, 0, 0, 1, 0, 1, 1, 2, 2, 1, 2, 1, 2, 0, 3, 2, 0, 1, 0, 0, 0, 0, 2, 0, 1, 3, 2, 0, 0, 2, 0, 0],994.519788492617;120304.544202276160;331719.196737191400,false,0
90,2,36176,G1_CMAX,[63, 30, 89, 27, 96, 75, 26, 76, 58, 1, 12, 18, 78, 16, 80, 84, 49, 11, 85, 15, 83, 47, 0, 14, 64, 25, 66, 65, 31, 44, 29, 82, 13, 4, 86, 7, 54, 52, 56, 21, 32, 48, 38, 74, 39, 33, 60, 71, 69, 81, 90, 3, 34, 99, 43, 67, 35, 53, 20, 10, 87, 22, 91, 41, 19, 79, 57, 61, 70, 88, 45, 37, 51, 94, 2, 59, 55, 28, 62, 36, 92, 23, 42, 9, 73, 8, 6, 93, 5, 17, 24, 98, 77, 95, 50, 40, 97, 46, 72, 68]|[2, 0, 1, 2, 1, 0, 1, 0, 2, 2, 1, 1, 0, 2, 2, 1, 2, 2, 1, 1, 2, 0, 1, 0, 2, 2, 1, 1, 1, 2, 2, 2, 2, 1, 0, 2, 1, 2, 1, 1, 2, 2, 2, 0, 2, 2, 1, 1, 1, 1, 1, 1, 0, 2, 1, 1, 1, 1, 1, 1, 2, 1, 1, 0, 2, 1, 2, 1, 2, 1, 1, 1, 1, 2, 1, 2, 2, 2, 2, 1, 1, 1, 2, 1, 1, 2, 0, 1, 0, 1, 2, 1, 1, 2, 1, 1, 2, 2, 0, 2]|[4, 2, 0, 3, 1, 2, 3, 2, 4, 2, 3, 0, 1, 1, 2, 2, 3, 1, 1, 2, 2, 2, 2, 0, 1, 3, 0, 1, 3, 2, 1, 0, 4, 0, 2, 1, 2, 0, 2, 1, 3, 4, 3, 1, 1, 4, 3, 1, 3, 3, 1, 2, 1, 1, 1, 0, 1, 2, 3, 2, 1, 1, 1, 2, 4, 3, 4, 2, 3, 3, 1, 2, 2, 1, 1, 0, 3, 3, 1, 3, 2, 2, 0, 1, 1, 0, 2, 1, 2, 2, 1, 2, 1, 0, 1, 1, 0, 1, 2, 3]|[0, 1, 2, 1, 1, 1, 2, 0, 0, 3, 1, 2, 0, 2, 2, 0, 1, 2, 0, 0, 3, 0, 1, 1, 0, 0, 0, 2, 0, 2, 1, 0, 1, 1, 0, 0, 2, 0, 2, 1, 3, 1, 2, 1, 2, 1, 0, 1, 2, 0, 1, 0, 1, 2, 0, 2, 0, 2, 2, 0, 2, 1, 0, 0, 0, 2, 1, 2, 1, 0, 0, 1, 0, 0, 1, 2, 2, 1, 2, 1, 2, 0, 3, 2, 2, 1, 0, 0, 0, 0, 2, 0, 2, 3, 0, 2, 3, 1, 0, 0],1034.644836770965;119512.936186037030;328845.579125207270,false,0
90,2,36176,G4_BALANCED,[63, 30, 89, 27, 96, 75, 26, 76, 58, 1, 12, 18, 78, 16, 80, 84, 49, 11, 85, 15, 83, 47, 0, 14, 64, 25, 66, 65, 31, 44, 29, 82, 13, 4, 86, 7, 54, 52, 56, 21, 32, 48, 38, 74, 39, 33, 60, 71, 69, 81, 90, 3, 34, 99, 43, 67, 35, 53, 20, 10, 87, 22, 91, 41, 19, 79, 57, 61, 70, 88, 45, 37, 51, 94, 2, 59, 55, 28, 62, 36, 92, 23, 42, 9, 73, 8, 6, 93, 5, 17, 24, 77, 46, 95, 98, 50, 72, 97, 68, 40]|[2, 0, 1, 2, 1, 0, 1, 0, 2, 2, 1, 1, 0, 2, 2, 1, 2, 2, 1, 1, 2, 0, 1, 0, 2, 1, 1, 1, 1, 2, 2, 2, 2, 1, 0, 2, 1, 2, 1, 1, 2, 2, 2, 0, 2, 2, 1, 1, 1, 1, 1, 1, 0, 2, 1, 1, 1, 1, 1, 1, 2, 1, 1, 0, 2, 1, 2, 1, 2, 1, 1, 1, 1, 2, 1, 2, 2, 2, 1, 1, 1, 1, 2, 1, 1, 1, 0, 1, 0, 1, 2, 1, 2, 2, 2, 1, 1, 2, 2, 1]|[4, 2, 0, 3, 1, 2, 3, 2, 4, 2, 3, 0, 1, 1, 2, 2, 3, 1, 1, 2, 2, 2, 2, 0, 1, 1, 0, 1, 3, 2, 1, 0, 4, 0, 2, 1, 2, 0, 2, 1, 3, 4, 3, 1, 1, 4, 3, 1, 1, 3, 3, 2, 1, 1, 1, 0, 1, 2, 3, 2, 1, 1, 2, 2, 4, 3, 4, 1, 3, 3, 1, 2, 2, 4, 1, 0, 3, 3, 3, 3, 2, 2, 0, 1, 1, 2, 2, 1, 2, 2, 1, 1, 1, 0, 1, 1, 3, 0, 3, 1]|[0, 1, 2, 1, 1, 1, 2, 0, 0, 3, 1, 2, 0, 2, 2, 0, 1, 2, 0, 0, 3, 0, 1, 1, 0, 2, 0, 2, 0, 2, 1, 0, 1, 1, 0, 0, 2, 0, 2, 1, 3, 1, 2, 1, 2, 1, 0, 1, 1, 0, 1, 0, 1, 2, 0, 2, 0, 2, 2, 0, 2, 1, 0, 0, 0, 2, 1, 2, 1, 0, 0, 1, 0, 1, 1, 2, 2, 1, 1, 1, 2, 0, 3, 2, 2, 0, 0, 0, 0, 0, 2, 2, 1, 3, 2, 0, 1, 3, 0, 2],1136.576556053558;118798.923243148410;316390.336825133200,false,0
90,2,36176,G2_TEC,[63, 30, 89, 27, 96, 75, 26, 76, 58, 1, 12, 18, 78, 16, 80, 84, 49, 11, 85, 15, 83, 47, 0, 14, 64, 25, 66, 65, 31, 44, 29, 82, 13, 4, 86, 7, 54, 52, 56, 21, 32, 48, 38, 74, 39, 33, 60, 71, 69, 81, 90, 3, 34, 99, 43, 67, 35, 53, 20, 10, 87, 22, 91, 41, 19, 79, 57, 61, 70, 88, 45, 37, 51, 94, 2, 59, 55, 28, 62, 36, 92, 23, 42, 9, 73, 8, 6, 93, 5, 17, 24, 98, 77, 95, 50, 40, 97, 46, 72, 68]|[2, 0, 1, 2, 1, 0, 1, 0, 2, 2, 1, 1, 0, 2, 2, 1, 2, 2, 1, 1, 2, 0, 1, 0, 2, 2, 1, 1, 1, 2, 2, 2, 2, 1, 0, 2, 1, 2, 1, 1, 2, 2, 2, 0, 2, 2, 1, 1, 1, 1, 1, 1, 0, 2, 1, 1, 1, 1, 1, 1, 2, 1, 1, 0, 2, 1, 2, 1, 2, 1, 1, 1, 1, 2, 1, 2, 2, 2, 2, 1, 1, 1, 2, 1, 1, 2, 0, 1, 0, 1, 2, 1, 1, 2, 1, 1, 2, 2, 0, 2]|[4, 2, 0, 3, 1, 2, 3, 2, 4, 2, 3, 0, 1, 1, 2, 2, 3, 1, 1, 2, 2, 2, 2, 0, 1, 3, 0, 1, 3, 2, 1, 0, 4, 0, 2, 1, 2, 0, 2, 1, 3, 4, 3, 1, 1, 4, 3, 1, 3, 3, 1, 2, 1, 1, 1, 0, 1, 2, 3, 2, 1, 1, 1, 2, 4, 3, 4, 2, 3, 3, 1, 2, 2, 1, 1, 0, 3, 3, 1, 3, 2, 2, 0, 1, 1, 0, 2, 1, 2, 2, 1, 2, 1, 0, 1, 1, 0, 1, 2, 3]|[0, 1, 2, 1, 1, 1, 2, 0, 0, 3, 1, 2, 0, 2, 2, 0, 1, 2, 0, 0, 3, 0, 1, 1, 0, 0, 0, 2, 0, 2, 1, 0, 1, 1, 0, 0, 2, 0, 2, 1, 3, 1, 2, 1, 2, 1, 0, 1, 2, 0, 1, 0, 1, 2, 0, 2, 0, 2, 2, 0, 2, 1, 0, 0, 0, 2, 1, 2, 1, 0, 0, 1, 0, 0, 1, 2, 2, 1, 2, 1, 2, 0, 3, 2, 2, 1, 0, 0, 0, 0, 2, 0, 2, 3, 0, 2, 3, 1, 0, 0],1034.644836770965;119512.936186037030;328845.579125207270,false,0
90,2,36176,G3_TWC,[63, 30, 89, 27, 96, 75, 26, 76, 58, 1, 12, 18, 78, 16, 80, 84, 49, 11, 85, 15, 83, 47, 0, 14, 64, 25, 66, 65, 81, 44, 29, 82, 13, 4, 86, 7, 54, 52, 56, 21, 32, 48, 38, 74, 39, 33, 60, 71, 69, 31, 90, 3, 34, 99, 43, 67, 35, 53, 20, 10, 87, 22, 91, 41, 19, 79, 57, 61, 70, 88, 45, 37, 51, 94, 2, 59, 55, 28, 62, 36, 92, 23, 42, 9, 73, 8, 6, 93, 5, 17, 24, 77, 98, 95, 46, 50, 40, 97, 72, 68]|[2, 0, 1, 2, 1, 0, 0, 0, 2, 2, 1, 1, 0, 2, 2, 1, 2, 2, 1, 1, 2, 0, 1, 0, 2, 1, 1, 1, 2, 2, 2, 2, 2, 1, 0, 2, 1, 2, 1, 1, 2, 2, 2, 0, 2, 2, 1, 1, 1, 2, 1, 1, 1, 2, 1, 1, 1, 1, 2, 1, 2, 1, 1, 0, 2, 1, 2, 1, 2, 1, 1, 1, 1, 2, 1, 2, 2, 2, 1, 1, 1, 1, 2, 1, 2, 2, 0, 1, 0, 1, 2, 2, 1, 2, 2, 1, 1, 2, 0, 2]|[4, 2, 0, 3, 1, 2, 1, 2, 4, 2, 3, 0, 1, 1, 2, 2, 3, 1, 1, 2, 2, 2, 2, 0, 1, 1, 0, 1, 1, 2, 1, 0, 4, 0, 2, 1, 2, 0, 2, 1, 3, 4, 3, 1, 1, 4, 3, 1, 3, 0, 3, 2, 2, 1, 1, 0, 1, 2, 4, 2, 1, 1, 1, 2, 4, 3, 4, 1, 3, 3, 1, 2, 2, 1, 1, 0, 3, 3, 3, 3, 2, 2, 0, 1, 1, 0, 2, 1, 2, 2, 1, 1, 1, 0, 1, 1, 1, 3, 2, 3]|[0, 1, 2, 1, 1, 1, 1, 0, 0, 3, 1, 2, 0, 2, 2, 0, 1, 2, 0, 0, 3, 0, 1, 1, 0, 2, 0, 2, 2, 2, 1, 0, 1, 1, 0, 0, 0, 0, 2, 1, 3, 1, 2, 1, 2, 1, 0, 1, 2, 0, 1, 0, 1, 2, 0, 2, 0, 2, 0, 0, 2, 1, 0, 0, 0, 2, 1, 2, 1, 0, 0, 1, 0, 0, 1, 2, 2, 1, 1, 1, 2, 0, 3, 2, 0, 1, 0, 0, 0, 0, 2, 2, 2, 3, 1, 0, 2, 0, 0, 0],988.176554563191;120291.350058928900;327046.243111576200,false,0
91,2,36276,G1_CMAX,[63, 30, 89, 27, 96, 75, 26, 76, 58, 1, 12, 18, 78, 16, 80, 84, 49, 11, 85, 15, 83, 47, 0, 14, 64, 25, 66, 65, 31, 44, 29, 82, 13, 4, 86, 7, 54, 52, 56, 21, 32, 48, 38, 74, 39, 33, 60, 71, 69, 81, 90, 3, 34, 99, 43, 67, 35, 53, 20, 10, 87, 22, 91, 41, 19, 79, 57, 61, 70, 88, 45, 37, 51, 94, 2, 59, 55, 28, 62, 36, 92, 23, 42, 9, 73, 8, 6, 93, 5, 17, 24, 98, 77, 95, 50, 40, 97, 46, 72, 68]|[2, 0, 1, 2, 1, 0, 1, 0, 2, 2, 1, 1, 0, 2, 2, 1, 2, 2, 1, 1, 2, 0, 1, 0, 2, 2, 1, 1, 1, 2, 2, 2, 2, 1, 0, 2, 1, 2, 1, 1, 2, 2, 2, 0, 2, 2, 1, 1, 1, 1, 1, 1, 0, 2, 1, 1, 1, 1, 1, 1, 2, 1, 1, 0, 2, 1, 2, 1, 2, 1, 1, 1, 1, 2, 1, 2, 2, 2, 2, 1, 1, 1, 2, 1, 1, 2, 0, 1, 0, 1, 2, 1, 1, 2, 1, 1, 2, 2, 0, 2]|[4, 2, 0, 3, 1, 2, 3, 2, 4, 2, 3, 0, 1, 1, 2, 2, 3, 1, 1, 2, 2, 2, 2, 0, 1, 3, 0, 1, 3, 2, 1, 0, 4, 0, 2, 1, 2, 0, 2, 1, 3, 4, 3, 1, 1, 4, 3, 1, 3, 3, 1, 2, 1, 1, 1, 0, 1, 2, 3, 2, 1, 1, 1, 2, 4, 3, 4, 2, 3, 3, 1, 2, 2, 1, 1, 0, 3, 3, 1, 3, 2, 2, 0, 1, 1, 0, 2, 1, 2, 2, 1, 2, 1, 0, 1, 1, 0, 1, 2, 3]|[0, 1, 2, 1, 1, 1, 2, 0, 0, 3, 1, 2, 0, 2, 2, 0, 1, 2, 0, 0, 3, 0, 1, 1, 0, 0, 0, 2, 0, 2, 1, 0, 1, 1, 0, 0, 2, 0, 2, 1, 3, 1, 2, 1, 2, 1, 0, 1, 2, 0, 1, 0, 1, 2, 0, 2, 0, 2, 2, 0, 2, 1, 0, 0, 0, 2, 1, 2, 1, 0, 0, 1, 0, 0, 1, 2, 2, 1, 2, 1, 2, 0, 3, 2, 2, 1, 0, 0, 0, 0, 2, 0, 2, 3, 0, 2, 3, 1, 0, 0],1034.644836770965;119512.936186037030;328845.579125207270,false,0
91,2,36276,G4_BALANCED,[63, 30, 89, 27, 96, 75, 26, 76, 58, 1, 12, 18, 78, 16, 80, 84, 49, 11, 85, 15, 83, 47, 0, 14, 64, 25, 66, 65, 31, 44, 29, 82, 13, 4, 86, 7, 54, 52, 56, 21, 32, 48, 38, 74, 39, 33, 60, 71, 69, 81, 90, 3, 34, 99, 43, 67, 35, 53, 20, 10, 87, 22, 91, 41, 19, 79, 57, 61, 70, 88, 45, 37, 51, 94, 2, 59, 55, 28, 62, 36, 92, 23, 42, 9, 73, 8, 6, 93, 5, 17, 24, 77, 46, 95, 98, 50, 72, 97, 68, 40]|[2, 0, 1, 2, 1, 0, 1, 0, 2, 2, 1, 1, 0, 2, 2, 1, 2, 2, 1, 1, 2, 0, 1, 0, 2, 1, 1, 1, 1, 2, 2, 2, 2, 1, 0, 2, 1, 2, 1, 1, 2, 2, 2, 0, 2, 2, 1, 1, 1, 1, 1, 1, 0, 2, 1, 1, 1, 1, 1, 1, 2, 1, 1, 0, 2, 1, 2, 1, 2, 1, 1, 1, 1, 2, 1, 2, 2, 2, 1, 1, 1, 1, 2, 1, 1, 1, 0, 1, 0, 1, 2, 1, 2, 2, 2, 1, 1, 2, 2, 1]|[4, 2, 0, 3, 1, 2, 3, 2, 4, 2, 3, 0, 1, 1, 2, 2, 3, 1, 1, 2, 2, 2, 2, 0, 1, 1, 0, 1, 3, 2, 1, 0, 4, 0, 2, 1, 2, 0, 2, 1, 3, 4, 3, 1, 1, 4, 3, 1, 1, 3, 3, 2, 1, 1, 1, 0, 1, 2, 3, 2, 1, 1, 2, 2, 4, 3, 4, 1, 3, 3, 1, 2, 2, 4, 1, 0, 3, 3, 3, 3, 2, 2, 0, 1, 1, 2, 2, 1, 2, 2, 1, 1, 1, 0, 1, 1, 3, 0, 3, 1]|[0, 1, 2, 1, 1, 1, 2, 0, 0, 3, 1, 2, 0, 2, 2, 0, 1, 2, 0, 0, 3, 0, 1, 1, 0, 2, 0, 2, 0, 2, 1, 0, 1, 1, 0, 0, 2, 0, 2, 1, 3, 1, 2, 1, 2, 1, 0, 1, 1, 0, 1, 0, 1, 2, 0, 2, 0, 2, 2, 0, 2, 1, 0, 0, 0, 2, 1, 2, 1, 0, 0, 1, 0, 1, 1, 2, 2, 1, 1, 1, 2, 0, 3, 2, 2, 0, 0, 0, 0, 0, 2, 2, 1, 3, 2, 0, 1, 3, 0, 2],1136.576556053558;118798.923243148410;316390.336825133200,false,0
91,2,36276,G2_TEC,[63, 30, 89, 27, 96, 75, 26, 76, 58, 1, 12, 18, 78, 16, 80, 84, 49, 11, 85, 15, 83, 47, 0, 14, 64, 25, 66, 65, 31, 44, 29, 82, 13, 4, 86, 7, 54, 52, 56, 21, 32, 48, 38, 74, 39, 33, 60, 71, 69, 81, 90, 3, 34, 99, 43, 67, 35, 53, 20, 10, 87, 22, 91, 41, 19, 79, 57, 61, 70, 88, 45, 37, 51, 94, 2, 59, 55, 28, 62, 36, 92, 23, 42, 9, 73, 8, 6, 93, 5, 17, 24, 98, 77, 95, 50, 40, 97, 46, 72, 68]|[2, 0, 1, 2, 1, 0, 1, 0, 2, 2, 1, 1, 0, 2, 2, 1, 2, 2, 1, 1, 2, 0, 1, 0, 2, 2, 1, 1, 1, 2, 2, 2, 2, 1, 0, 2, 1, 2, 1, 1, 2, 2, 2, 0, 2, 2, 1, 1, 1, 1, 1, 1, 0, 2, 1, 1, 1, 1, 1, 1, 2, 1, 1, 0, 2, 1, 2, 1, 2, 1, 1, 1, 1, 2, 1, 2, 2, 2, 2, 1, 1, 1, 2, 1, 1, 2, 0, 1, 0, 1, 2, 1, 1, 2, 1, 1, 2, 2, 0, 2]|[4, 2, 0, 3, 1, 2, 3, 2, 4, 2, 3, 0, 1, 1, 2, 2, 3, 1, 1, 2, 2, 2, 2, 0, 1, 3, 0, 1, 3, 2, 1, 0, 4, 0, 2, 1, 2, 0, 2, 1, 3, 4, 3, 1, 1, 4, 3, 1, 3, 3, 1, 2, 1, 1, 1, 0, 1, 2, 3, 2, 1, 1, 1, 2, 4, 3, 4, 2, 3, 3, 1, 2, 2, 1, 1, 0, 3, 3, 1, 3, 2, 2, 0, 1, 1, 0, 2, 1, 2, 2, 1, 2, 1, 0, 1, 1, 0, 1, 2, 3]|[0, 1, 2, 1, 1, 1, 2, 0, 0, 3, 1, 2, 0, 2, 2, 0, 1, 2, 0, 0, 3, 0, 1, 1, 0, 0, 0, 2, 0, 2, 1, 0, 1, 1, 0, 0, 2, 0, 2, 1, 3, 1, 2, 1, 2, 1, 0, 1, 2, 0, 1, 0, 1, 2, 0, 2, 0, 2, 2, 0, 2, 1, 0, 0, 0, 2, 1, 2, 1, 0, 0, 1, 0, 0, 1, 2, 2, 1, 2, 1, 2, 0, 3, 2, 2, 1, 0, 0, 0, 0, 2, 0, 2, 3, 0, 2, 3, 1, 0, 0],1034.644836770965;119512.936186037030;328845.579125207270,false,0
91,2,36276,G3_TWC,[63, 30, 89, 27, 96, 75, 26, 76, 58, 1, 12, 18, 78, 16, 80, 84, 49, 11, 85, 15, 83, 47, 0, 14, 64, 25, 66, 65, 81, 44, 29, 82, 13, 4, 86, 7, 54, 52, 56, 21, 32, 48, 38, 74, 39, 33, 60, 71, 69, 31, 90, 3, 34, 99, 43, 67, 35, 53, 20, 10, 87, 22, 91, 41, 19, 79, 57, 61, 70, 88, 45, 37, 51, 94, 2, 59, 55, 28, 62, 36, 92, 23, 42, 9, 73, 8, 6, 93, 5, 17, 24, 77, 46, 98, 95, 50, 97, 72, 68, 40]|[2, 0, 1, 2, 1, 0, 0, 0, 2, 2, 1, 1, 0, 2, 2, 1, 2, 2, 1, 1, 2, 0, 1, 0, 2, 2, 1, 1, 1, 2, 2, 2, 2, 1, 1, 2, 1, 2, 1, 1, 2, 2, 2, 0, 2, 2, 1, 1, 1, 2, 1, 1, 1, 2, 1, 1, 1, 1, 2, 1, 2, 1, 1, 0, 2, 1, 2, 1, 2, 1, 0, 1, 1, 2, 1, 2, 2, 2, 1, 1, 1, 1, 2, 1, 1, 2, 0, 1, 0, 1, 2, 2, 2, 1, 2, 1, 2, 0, 2, 1]|[4, 2, 0, 3, 1, 2, 1, 2, 4, 2, 3, 0, 1, 1, 2, 2, 3, 1, 1, 2, 2, 2, 2, 0, 1, 3, 0, 1, 3, 2, 1, 0, 4, 0, 3, 1, 2, 0, 2, 1, 3, 4, 3, 1, 1, 4, 3, 1, 3, 1, 3, 2, 2, 1, 1, 0, 1, 2, 4, 2, 1, 1, 1, 2, 4, 3, 4, 2, 3, 3, 1, 2, 2, 1, 1, 0, 3, 3, 3, 3, 2, 2, 0, 1, 3, 0, 2, 1, 2, 1, 1, 1, 1, 2, 1, 1, 3, 2, 3, 1]|[0, 1, 2, 1, 1, 1, 1, 0, 0, 3, 1, 2, 0, 2, 2, 0, 1, 2, 0, 0, 3, 0, 1, 1, 0, 0, 0, 2, 0, 2, 1, 0, 1, 1, 0, 0, 0, 0, 2, 1, 3, 1, 2, 1, 2, 1, 0, 1, 2, 2, 1, 0, 1, 2, 0, 2, 0, 2, 0, 0, 2, 1, 0, 0, 0, 2, 1, 2, 1, 0, 1, 1, 0, 0, 1, 2, 2, 1, 1, 1, 2, 0, 3, 2, 1, 1, 0, 0, 0, 1, 2, 2, 1, 0, 2, 0, 0, 0, 0, 2],987.800342502477;120001.510798467240;325366.778438784400,false,0
92,2,36376,G1_CMAX,[63, 30, 89, 27, 96, 38, 26, 22, 58, 1, 12, 18, 78, 16, 80, 84, 49, 11, 85, 15, 83, 0, 14, 64, 25, 66, 65, 81, 44, 29, 82, 13, 4, 86, 7, 54, 52, 56, 21, 32, 48, 75, 74, 39, 33, 60, 71, 69, 31, 90, 35, 37, 99, 24, 67, 53, 43, 20, 10, 87, 76, 91, 41, 19, 79, 57, 61, 70, 88, 45, 34, 51, 47, 94, 2, 97, 55, 28, 62, 36, 92, 23, 42, 8, 50, 9, 6, 68, 93, 5, 72, 17, 73, 40, 46, 98, 3, 77, 95, 59]|[2, 0, 0, 0, 0, 2, 0, 0, 2, 2, 2, 1, 0, 0, 2, 1, 1, 2, 1, 0, 2, 0, 0, 0, 1, 1, 1, 1, 2, 2, 2, 2, 0, 0, 0, 1, 0, 1, 2, 2, 1, 2, 2, 0, 2, 1, 1, 1, 2, 0, 1, 1, 2, 1, 1, 2, 1, 0, 1, 2, 0, 1, 0, 2, 1, 0, 0, 1, 0, 2, 1, 0, 0, 2, 1, 2, 1, 1, 1, 2, 1, 2, 2, 0, 1, 0, 0, 1, 0, 1, 0, 0, 1, 2, 2, 1, 2, 2, 2, 2]|[4, 2, 0, 0, 2, 2, 1, 2, 4, 2, 2, 0, 1, 0, 4, 2, 1, 1, 1, 2, 2, 1, 0, 2, 1, 0, 1, 3, 2, 4, 0, 3, 0, 2, 2, 2, 2, 2, 0, 3, 0, 4, 2, 1, 4, 0, 1, 1, 0, 2, 2, 1, 1, 3, 0, 1, 1, 0, 1, 1, 2, 2, 2, 4, 3, 2, 0, 0, 1, 3, 1, 0, 1, 4, 1, 1, 0, 2, 0, 4, 2, 3, 0, 0, 1, 0, 1, 2, 2, 1, 0, 1, 1, 0, 1, 2, 2, 0, 0, 0]|[0, 0, 1, 0, 1, 3, 1, 0, 0, 3, 3, 2, 0, 0, 0, 0, 0, 2, 0, 0, 3, 1, 1, 0, 2, 0, 0, 0, 2, 1, 0, 3, 1, 0, 1, 2, 1, 2, 1, 3, 1, 3, 1, 1, 0, 1, 0, 1, 0, 1, 2, 1, 2, 0, 2, 2, 0, 0, 0, 2, 0, 0, 0, 0, 2, 0, 1, 1, 0, 1, 0, 1, 1, 1, 1, 2, 2, 0, 1, 2, 2, 1, 3, 0, 0, 1, 0, 0, 0, 0, 0, 1, 2, 3, 1, 0, 2, 1, 3, 2],797.540291221851;129008.676280931000;358250.977860813500,false,0
92,2,36376,G4_BALANCED,[63, 30, 89, 27, 96, 75, 26, 76, 58, 1, 12, 18, 78, 16, 80, 84, 49, 11, 85, 15, 83, 47, 0, 14, 64, 25, 66, 65, 81, 44, 29, 82, 13, 4, 86, 7, 54, 52, 56, 21, 32, 48, 38, 74, 39, 33, 60, 71, 69, 31, 90, 3, 34, 99, 43, 67, 35, 53, 20, 10, 87, 22, 91, 41, 19, 79, 57, 61, 70, 88, 45, 37, 51, 94, 2, 59, 55, 40, 62, 36, 92, 23, 42, 9, 73, 8, 6, 93, 5, 17, 24, 98, 46, 95, 77, 50, 97, 72, 68, 28]|[2, 0, 1, 2, 1, 0, 1, 0, 2, 2, 1, 1, 1, 2, 2, 1, 2, 2, 1, 1, 2, 0, 1, 0, 2, 2, 1, 1, 1, 2, 2, 2, 2, 1, 1, 2, 1, 2, 1, 1, 2, 2, 2, 0, 2, 2, 1, 1, 1, 2, 1, 1, 1, 2, 1, 1, 1, 1, 2, 1, 2, 1, 1, 0, 2, 1, 2, 1, 2, 1, 1, 1, 1, 2, 1, 2, 2, 2, 1, 2, 1, 1, 2, 1, 1, 1, 0, 1, 0, 1, 1, 1, 2, 2, 2, 1, 2, 0, 2, 1]|[4, 2, 0, 3, 1, 2, 3, 2, 4, 2, 3, 0, 1, 1, 2, 2, 3, 1, 1, 2, 2, 2, 2, 0, 1, 3, 0, 1, 3, 2, 1, 0, 4, 0, 3, 1, 2, 0, 2, 1, 3, 4, 3, 1, 1, 4, 3, 1, 3, 1, 3, 2, 2, 1, 1, 0, 1, 2, 4, 2, 1, 1, 2, 2, 4, 3, 4, 1, 3, 3, 1, 2, 2, 1, 1, 0, 3, 3, 3, 1, 2, 2, 0, 1, 1, 2, 2, 1, 2, 2, 1, 3, 1, 0, 1, 1, 3, 2, 3, 1]|[0, 1, 2, 1, 1, 1, 2, 0, 0, 3, 1, 2, 0, 2, 2, 0, 1, 2, 0, 0, 3, 0, 1, 1, 0, 0, 0, 2, 0, 2, 1, 0, 1, 1, 0, 0, 2, 0, 2, 1, 3, 1, 2, 1, 2, 1, 0, 1, 2, 2, 1, 0, 1, 2, 0, 2, 0, 2, 0, 0, 2, 1, 0, 0, 0, 2, 1, 2, 1, 0, 0, 1, 0, 0, 1, 2, 2, 1, 1, 2, 2, 0, 3, 2, 2, 0, 0, 0, 0, 0, 0, 1, 1, 3, 2, 0, 0, 0, 0, 2],1119.574566396939;118538.101158643400;319784.598715961450,false,0
92,2,36376,G2_TEC,[63, 30, 89, 27, 96, 75, 26, 76, 58, 1, 12, 18, 78, 16, 80, 84, 49, 11, 85, 15, 83, 47, 0, 14, 64, 25, 66, 65, 81, 44, 29, 82, 13, 4, 86, 7, 54, 52, 56, 21, 32, 48, 38, 74, 39, 33, 60, 71, 69, 31, 90, 3, 34, 99, 43, 67, 35, 53, 20, 10, 87, 22, 91, 41, 19, 79, 57, 61, 70, 88, 45, 37, 51, 94, 2, 59, 55, 28, 62, 36, 92, 23, 42, 9, 73, 8, 6, 93, 5, 17, 24, 77, 46, 95, 98, 50, 72, 97, 68, 40]|[2, 0, 1, 2, 1, 0, 0, 0, 2, 2, 1, 1, 1, 2, 2, 1, 2, 2, 1, 1, 2, 0, 1, 0, 2, 2, 1, 1, 1, 2, 2, 2, 2, 1, 1, 2, 1, 2, 1, 1, 2, 2, 2, 0, 2, 2, 1, 1, 1, 2, 1, 1, 1, 2, 1, 1, 1, 1, 2, 1, 2, 1, 1, 0, 2, 1, 2, 1, 2, 1, 1, 1, 1, 2, 1, 2, 2, 2, 1, 1, 1, 1, 2, 1, 2, 2, 0, 1, 0, 1, 1, 2, 2, 2, 2, 1, 0, 2, 2, 1]|[4, 2, 0, 3, 1, 2, 1, 2, 4, 2, 3, 0, 1, 1, 2, 2, 3, 1, 1, 2, 2, 2, 2, 0, 1, 3, 0, 1, 3, 2, 1, 0, 4, 0, 3, 1, 2, 0, 2, 1, 3, 4, 3, 1, 1, 4, 3, 1, 3, 1, 3, 2, 2, 1, 1, 0, 1, 2, 4, 2, 1, 1, 1, 2, 4, 3, 4, 1, 3, 3, 1, 2, 2, 4, 1, 0, 3, 3, 3, 3, 2, 2, 0, 1, 1, 0, 2, 1, 2, 2, 1, 1, 1, 0, 1, 1, 2, 3, 3, 1]|[0, 1, 2, 1, 1, 1, 1, 0, 0, 3, 1, 2, 0, 2, 2, 0, 1, 2, 0, 0, 3, 0, 1, 1, 0, 0, 0, 2, 0, 2, 1, 0, 1, 1, 0, 0, 0, 0, 2, 1, 3, 1, 2, 1, 2, 1, 0, 1, 2, 2, 1, 0, 1, 2, 0, 2, 0, 2, 0, 0, 2, 1, 0, 0, 0, 2, 1, 2, 1, 0, 0, 1, 0, 1, 1, 2, 2, 1, 1, 1, 2, 0, 3, 2, 0, 1, 0, 0, 0, 0, 0, 2, 1, 3, 2, 0, 0, 0, 0, 2],1029.330016021037;119385.771304359630;327723.861712012560,false,0
92,2,36376,G3_TWC,[63, 30, 89, 27, 96, 75, 26, 76, 58, 1, 12, 18, 78, 16, 80, 84, 49, 11, 85, 15, 83, 47, 0, 14, 64, 25, 66, 65, 81, 44, 29, 82, 13, 4, 86, 7, 54, 52, 56, 21, 32, 48, 38, 74, 39, 33, 60, 71, 69, 31, 90, 3, 34, 99, 43, 67, 35, 53, 20, 10, 87, 22, 91, 41, 19, 79, 57, 61, 70, 88, 45, 37, 51, 94, 2, 59, 55, 28, 62, 36, 92, 23, 42, 9, 73, 8, 6, 93, 5, 17, 24, 77, 46, 98, 95, 50, 97, 72, 68, 40]|[2, 0, 1, 2, 1, 0, 0, 0, 2, 2, 1, 1, 0, 2, 2, 1, 2, 2, 1, 1, 2, 0, 1, 0, 2, 2, 1, 1, 1, 2, 2, 2, 2, 1, 1, 2, 1, 2, 1, 1, 2, 2, 2, 0, 2, 2, 1, 1, 1, 2, 1, 1, 1, 2, 1, 1, 1, 1, 2, 1, 2, 1, 1, 0, 2, 1, 2, 1, 2, 1, 0, 1, 1, 2, 1, 2, 2, 2, 1, 1, 1, 1, 2, 1, 1, 2, 0, 1, 0, 1, 2, 2, 2, 1, 2, 1, 2, 0, 2, 1]|[4, 2, 0, 3, 1, 2, 1, 2, 4, 2, 3, 0, 1, 1, 2, 2, 3, 1, 1, 2, 2, 2, 2, 0, 1, 3, 0, 1, 3, 2, 1, 0, 4, 0, 3, 1, 2, 0, 2, 1, 3, 4, 3, 1, 1, 4, 3, 1, 3, 1, 3, 2, 2, 1, 1, 0, 1, 2, 4, 2, 1, 1, 1, 2, 4, 3, 4, 2, 3, 3, 1, 2, 2, 1, 1, 0, 3, 3, 3, 3, 2, 2, 0, 1, 3, 0, 2, 1, 2, 1, 1, 1, 1, 2, 1, 1, 3, 2, 3, 1]|[0, 1, 2, 1, 1, 1, 1, 0, 0, 3, 1, 2, 0, 2, 2, 0, 1, 2, 0, 0, 3, 0, 1, 1, 0, 0, 0, 2, 0, 2, 1, 0, 1, 1, 0, 0, 0, 0, 2, 1, 3, 1, 2, 1, 2, 1, 0, 1, 2, 2, 1, 0, 1, 2, 0, 2, 0, 2, 0, 0, 2, 1, 0, 0, 0, 2, 1, 2, 1, 0, 1, 1, 0, 0, 1, 2, 2, 1, 1, 1, 2, 0, 3, 2, 1, 1, 0, 0, 0, 1, 2, 2, 1, 0, 2, 0, 0, 0, 0, 2],987.800342502477;120001.510798467240;325366.778438784400,false,0
93,2,36476,G1_CMAX,[63, 30, 89, 27, 96, 38, 26, 22, 58, 1, 12, 18, 78, 16, 80, 84, 49, 11, 85, 15, 83, 0, 14, 64, 25, 66, 65, 81, 44, 29, 82, 13, 4, 86, 7, 54, 52, 56, 21, 32, 48, 75, 74, 39, 33, 60, 71, 69, 31, 90, 35, 37, 99, 24, 67, 53, 43, 20, 10, 87, 76, 91, 41, 19, 79, 57, 61, 70, 88, 45, 34, 51, 47, 94, 2, 97, 55, 28, 62, 36, 92, 23, 42, 8, 50, 9, 6, 68, 93, 5, 72, 17, 73, 40, 46, 98, 3, 77, 95, 59]|[2, 0, 0, 0, 0, 2, 0, 0, 2, 2, 2, 1, 0, 0, 2, 1, 1, 2, 1, 0, 2, 0, 0, 0, 1, 1, 1, 1, 2, 2, 2, 2, 0, 0, 0, 1, 0, 1, 2, 2, 1, 2, 2, 0, 2, 1, 1, 1, 2, 0, 1, 1, 2, 1, 1, 2, 1, 0, 1, 2, 0, 1, 0, 2, 1, 0, 0, 1, 0, 2, 1, 0, 0, 2, 1, 2, 1, 1, 1, 2, 1, 2, 2, 0, 1, 0, 0, 1, 0, 1, 0, 0, 1, 2, 2, 1, 2, 2, 2, 2]|[4, 2, 0, 0, 2, 2, 1, 2, 4, 2, 2, 0, 1, 0, 4, 2, 1, 1, 1, 2, 2, 1, 0, 2, 1, 0, 1, 3, 2, 4, 0, 3, 0, 2, 2, 2, 2, 2, 0, 3, 0, 4, 2, 1, 4, 0, 1, 1, 0, 2, 2, 1, 1, 3, 0, 1, 1, 0, 1, 1, 2, 2, 2, 4, 3, 2, 0, 0, 1, 3, 1, 0, 1, 4, 1, 1, 0, 2, 0, 4, 2, 3, 0, 0, 1, 0, 1, 2, 2, 1, 0, 1, 1, 0, 1, 2, 2, 0, 0, 0]|[0, 0, 1, 0, 1, 3, 1, 0, 0, 3, 3, 2, 0, 0, 0, 0, 0, 2, 0, 0, 3, 1, 1, 0, 2, 0, 0, 0, 2, 1, 0, 3, 1, 0, 1, 2, 1, 2, 1, 3, 1, 3, 1, 1, 0, 1, 0, 1, 0, 1, 2, 1, 2, 0, 2, 2, 0, 0, 0, 2, 0, 0, 0, 0, 2, 0, 1, 1, 0, 1, 0, 1, 1, 1, 1, 2, 2, 0, 1, 2, 2, 1, 3, 0, 0, 1, 0, 0, 0, 0, 0, 1, 2, 3, 1, 0, 2, 1, 3, 2],797.540291221851;129008.676280931000;358250.977860813500,false,0
93,2,36476,G4_BALANCED,[63, 30, 89, 27, 96, 75, 26, 76, 58, 1, 12, 18, 78, 16, 80, 84, 49, 11, 85, 15, 83, 47, 0, 14, 64, 25, 66, 65, 81, 44, 29, 82, 13, 4, 86, 7, 54, 52, 56, 21, 32, 48, 38, 74, 39, 33, 60, 71, 69, 31, 90, 3, 34, 99, 43, 67, 35, 53, 20, 10, 87, 22, 91, 41, 19, 79, 57, 61, 70, 88, 45, 37, 51, 94, 2, 59, 55, 28, 62, 36, 92, 23, 42, 9, 73, 8, 6, 93, 5, 17, 24, 98, 77, 95, 50, 40, 97, 46, 72, 68]|[2, 0, 1, 2, 1, 0, 1, 0, 2, 2, 1, 1, 0, 2, 2, 0, 1, 2, 1, 1, 2, 0, 1, 0, 2, 1, 0, 0, 1, 2, 2, 2, 2, 1, 0, 2, 1, 2, 1, 1, 2, 2, 2, 0, 2, 2, 1, 1, 1, 2, 0, 1, 1, 2, 1, 1, 1, 1, 2, 1, 2, 1, 1, 0, 2, 1, 2, 1, 2, 1, 1, 1, 1, 2, 1, 2, 2, 2, 1, 1, 1, 1, 2, 1, 1, 2, 0, 1, 0, 1, 2, 1, 2, 2, 1, 1, 2, 2, 0, 2]|[4, 2, 0, 3, 1, 2, 3, 2, 4, 2, 3, 0, 1, 1, 2, 1, 1, 4, 1, 2, 2, 2, 2, 0, 1, 1, 0, 0, 3, 2, 1, 0, 4, 0, 2, 1, 2, 0, 2, 1, 3, 4, 3, 1, 1, 4, 3, 1, 1, 1, 2, 2, 2, 1, 1, 0, 1, 2, 4, 2, 1, 1, 2, 2, 1, 3, 4, 1, 3, 3, 1, 2, 2, 4, 1, 0, 3, 3, 3, 3, 2, 2, 0, 1, 3, 0, 2, 1, 2, 1, 1, 2, 0, 0, 1, 3, 1, 1, 2, 3]|[0, 1, 2, 1, 1, 1, 2, 0, 0, 3, 1, 2, 0, 2, 2, 0, 0, 1, 0, 0, 3, 0, 0, 1, 0, 2, 1, 1, 0, 2, 1, 0, 1, 1, 0, 0, 2, 0, 2, 1, 3, 1, 2, 1, 2, 1, 0, 1, 1, 2, 1, 0, 1, 2, 0, 2, 0, 2, 0, 0, 2, 1, 0, 0, 2, 2, 1, 2, 1, 0, 0, 1, 0, 1, 1, 2, 2, 1, 1, 1, 2, 0, 3, 2, 1, 1, 0, 0, 0, 1, 2, 0, 1, 3, 0, 2, 2, 1, 0, 0],965.044372072055;122006.557252514900;328651.956205192000,false,0
93,2,36476,G2_TEC,[63, 30, 89, 27, 96, 75, 26, 76, 58, 1, 12, 18, 78, 16, 80, 84, 49, 11, 85, 15, 83, 47, 0, 14, 64, 25, 66, 65, 81, 44, 29, 82, 13, 4, 86, 7, 54, 52, 56, 21, 32, 48, 38, 74, 39, 33, 60, 71, 69, 31, 90, 3, 34, 99, 43, 67, 35, 53, 20, 10, 87, 22, 91, 41, 19, 79, 57, 61, 70, 88, 45, 37, 51, 94, 2, 59, 55, 28, 62, 36, 92, 23, 42, 9, 73, 8, 6, 93, 5, 17, 24, 77, 46, 95, 98, 50, 72, 97, 68, 40]|[2, 0, 1, 2, 1, 0, 0, 0, 2, 2, 1, 1, 1, 2, 2, 1, 2, 2, 1, 1, 2, 0, 1, 0, 2, 2, 1, 1, 1, 2, 2, 2, 2, 1, 1, 2, 1, 2, 1, 1, 2, 2, 2, 0, 2, 2, 1, 1, 1, 2, 1, 1, 1, 2, 1, 1, 1, 1, 2, 1, 2, 1, 1, 0, 2, 1, 2, 1, 2, 1, 1, 1, 1, 2, 1, 2, 2, 2, 1, 1, 1, 1, 2, 1, 2, 2, 0, 1, 0, 1, 1, 2, 2, 2, 2, 1, 0, 2, 2, 1]|[4, 2, 0, 3, 1, 2, 1, 2, 4, 2, 3, 0, 1, 1, 2, 2, 3, 1, 1, 2, 2, 2, 2, 0, 1, 3, 0, 1, 3, 2, 1, 0, 4, 0, 3, 1, 2, 0, 2, 1, 3, 4, 3, 1, 1, 4, 3, 1, 3, 1, 3, 2, 2, 1, 1, 0, 1, 2, 4, 2, 1, 1, 1, 2, 4, 3, 4, 1, 3, 3, 1, 2, 2, 4, 1, 0, 3, 3, 3, 3, 2, 2, 0, 1, 1, 0, 2, 1, 2, 2, 1, 1, 1, 0, 1, 1, 2, 3, 3, 1]|[0, 1, 2, 1, 1, 1, 1, 0, 0, 3, 1, 2, 0, 2, 2, 0, 1, 2, 0, 0, 3, 0, 1, 1, 0, 0, 0, 2, 0, 2, 1, 0, 1, 1, 0, 0, 0, 0, 2, 1, 3, 1, 2, 1, 2, 1, 0, 1, 2, 2, 1, 0, 1, 2, 0, 2, 0, 2, 0, 0, 2, 1, 0, 0, 0, 2, 1, 2, 1, 0, 0, 1, 0, 1, 1, 2, 2, 1, 1, 1, 2, 0, 3, 2, 0, 1, 0, 0, 0, 0, 0, 2, 1, 3, 2, 0, 0, 0, 0, 2],1029.330016021037;119385.771304359630;327723.861712012560,false,0
93,2,36476,G3_TWC,[63, 30, 89, 27, 96, 75, 26, 76, 58, 1, 12, 18, 78, 16, 80, 84, 49, 11, 85, 15, 83, 47, 0, 14, 64, 25, 66, 65, 81, 44, 29, 82, 13, 4, 86, 7, 54, 52, 56, 21, 32, 48, 38, 74, 39, 33, 60, 71, 69, 31, 90, 3, 34, 99, 43, 67, 35, 53, 20, 10, 87, 22, 91, 41, 19, 79, 57, 61, 70, 88, 45, 37, 51, 94, 2, 59, 55, 28, 62, 36, 92, 23, 42, 9, 73, 8, 6, 93, 5, 17, 24, 77, 46, 98, 95, 50, 97, 72, 68, 40]|[2, 0, 1, 2, 1, 0, 0, 0, 2, 2, 1, 1, 0, 2, 2, 1, 2, 2, 1, 1, 2, 0, 1, 0, 2, 2, 1, 1, 1, 2, 2, 2, 2, 1, 1, 2, 1, 2, 1, 1, 2, 2, 2, 0, 2, 2, 1, 1, 1, 2, 1, 1, 1, 2, 1, 1, 1, 1, 2, 1, 2, 1, 1, 0, 2, 1, 2, 1, 2, 1, 0, 1, 1, 2, 1, 2, 2, 2, 1, 1, 1, 1, 2, 1, 1, 2, 0, 1, 0, 1, 2, 2, 2, 1, 2, 1, 2, 0, 2, 1]|[4, 2, 0, 3, 1, 2, 1, 2, 4, 2, 3, 0, 1, 1, 2, 2, 3, 1, 1, 2, 2, 2, 2, 0, 1, 3, 0, 1, 3, 2, 1, 0, 4, 0, 3, 1, 2, 0, 2, 1, 3, 4, 3, 1, 1, 4, 3, 1, 3, 1, 3, 2, 2, 1, 1, 0, 1, 2, 4, 2, 1, 1, 1, 2, 4, 3, 4, 2, 3, 3, 1, 2, 2, 1, 1, 0, 3, 3, 3, 3, 2, 2, 0, 1, 3, 0, 2, 1, 2, 1, 1, 1, 1, 2, 1, 1, 3, 2, 3, 1]|[0, 1, 2, 1, 1, 1, 1, 0, 0, 3, 1, 2, 0, 2, 2, 0, 1, 2, 0, 0, 3, 0, 1, 1, 0, 0, 0, 2, 0, 2, 1, 0, 1, 1, 0, 0, 0, 0, 2, 1, 3, 1, 2, 1, 2, 1, 0, 1, 2, 2, 1, 0, 1, 2, 0, 2, 0, 2, 0, 0, 2, 1, 0, 0, 0, 2, 1, 2, 1, 0, 1, 1, 0, 0, 1, 2, 2, 1, 1, 1, 2, 0, 3, 2, 1, 1, 0, 0, 0, 1, 2, 2, 1, 0, 2, 0, 0, 0, 0, 2],987.800342502477;120001.510798467240;325366.778438784400,false,0
94,2,36576,G1_CMAX,[63, 30, 89, 27, 96, 38, 26, 22, 58, 1, 12, 18, 78, 16, 80, 84, 49, 11, 85, 15, 83, 0, 14, 64, 25, 66, 65, 81, 44, 29, 82, 13, 4, 86, 7, 54, 52, 56, 21, 32, 48, 75, 74, 39, 33, 60, 71, 69, 31, 90, 35, 37, 99, 24, 67, 53, 43, 20, 10, 87, 76, 91, 41, 19, 79, 57, 61, 70, 88, 45, 34, 51, 47, 94, 2, 97, 55, 28, 62, 36, 92, 23, 42, 8, 50, 9, 6, 68, 93, 5, 72, 17, 73, 40, 46, 98, 3, 77, 95, 59]|[2, 0, 0, 0, 0, 2, 0, 0, 2, 2, 2, 1, 0, 0, 2, 1, 1, 2, 1, 0, 2, 0, 0, 0, 1, 1, 1, 1, 2, 2, 2, 2, 0, 0, 0, 1, 0, 1, 2, 2, 1, 2, 2, 0, 2, 1, 1, 1, 2, 0, 1, 1, 2, 1, 1, 2, 1, 0, 1, 2, 0, 1, 0, 2, 1, 0, 0, 1, 0, 2, 1, 0, 0, 2, 1, 2, 1, 1, 1, 2, 1, 2, 2, 0, 1, 0, 0, 1, 0, 1, 0, 0, 1, 2, 2, 1, 2, 2, 2, 2]|[4, 2, 0, 0, 2, 2, 1, 2, 4, 2, 2, 0, 1, 0, 4, 2, 1, 1, 1, 2, 2, 1, 0, 2, 1, 0, 1, 3, 2, 4, 0, 3, 0, 2, 2, 2, 2, 2, 0, 3, 0, 4, 2, 1, 4, 0, 1, 1, 0, 2, 2, 1, 1, 3, 0, 1, 1, 0, 1, 1, 2, 2, 2, 4, 3, 2, 0, 0, 1, 3, 1, 0, 1, 4, 1, 1, 0, 2, 0, 4, 2, 3, 0, 0, 1, 0, 1, 2, 2, 1, 0, 1, 1, 0, 1, 2, 2, 0, 0, 0]|[0, 0, 1, 0, 1, 3, 1, 0, 0, 3, 3, 2, 0, 0, 0, 0, 0, 2, 0, 0, 3, 1, 1, 0, 2, 0, 0, 0, 2, 1, 0, 3, 1, 0, 1, 2, 1, 2, 1, 3, 1, 3, 1, 1, 0, 1, 0, 1, 0, 1, 2, 1, 2, 0, 2, 2, 0, 0, 0, 2, 0, 0, 0, 0, 2, 0, 1, 1, 0, 1, 0, 1, 1, 1, 1, 2, 2, 0, 1, 2, 2, 1, 3, 0, 0, 1, 0, 0, 0, 0, 0, 1, 2, 3, 1, 0, 2, 1, 3, 2],797.540291221851;129008.676280931000;358250.977860813500,false,0
94,2,36576,G4_BALANCED,[63, 30, 89, 27, 96, 75, 26, 76, 58, 1, 12, 18, 78, 16, 80, 84, 49, 11, 85, 15, 83, 47, 0, 14, 64, 25, 66, 65, 81, 44, 29, 82, 13, 4, 86, 7, 54, 52, 56, 21, 32, 48, 38, 74, 39, 33, 60, 71, 69, 31, 90, 3, 34, 99, 43, 67, 35, 53, 20, 10, 87, 22, 91, 41, 19, 79, 57, 61, 70, 88, 45, 37, 51, 94, 2, 59, 55, 28, 62, 36, 92, 23, 42, 9, 73, 8, 6, 93, 5, 17, 24, 98, 77, 95, 50, 40, 97, 46, 72, 68]|[2, 0, 1, 2, 1, 0, 1, 0, 2, 2, 1, 1, 0, 2, 2, 0, 1, 2, 1, 1, 2, 0, 1, 0, 2, 1, 0, 0, 1, 2, 2, 2, 2, 1, 0, 2, 1, 2, 1, 1, 2, 2, 2, 0, 2, 2, 1, 1, 1, 2, 0, 1, 1, 2, 1, 1, 1, 1, 2, 1, 2, 1, 1, 0, 2, 1, 2, 1, 2, 1, 1, 1, 1, 2, 1, 2, 2, 2, 1, 1, 1, 1, 2, 1, 1, 2, 0, 1, 0, 1, 2, 1, 2, 2, 1, 1, 2, 2, 0, 2]|[4, 2, 0, 3, 1, 2, 3, 2, 4, 2, 3, 0, 1, 1, 2, 1, 1, 4, 1, 2, 2, 2, 2, 0, 1, 1, 0, 0, 3, 2, 1, 0, 4, 0, 2, 1, 2, 0, 2, 1, 3, 4, 3, 1, 1, 4, 3, 1, 1, 1, 2, 2, 2, 1, 1, 0, 1, 2, 4, 2, 1, 1, 2, 2, 1, 3, 4, 1, 3, 3, 1, 2, 2, 4, 1, 0, 3, 3, 3, 3, 2, 2, 0, 1, 3, 0, 2, 1, 2, 1, 1, 2, 0, 0, 1, 3, 1, 1, 2, 3]|[0, 1, 2, 1, 1, 1, 2, 0, 0, 3, 1, 2, 0, 2, 2, 0, 0, 1, 0, 0, 3, 0, 0, 1, 0, 2, 1, 1, 0, 2, 1, 0, 1, 1, 0, 0, 2, 0, 2, 1, 3, 1, 2, 1, 2, 1, 0, 1, 1, 2, 1, 0, 1, 2, 0, 2, 0, 2, 0, 0, 2, 1, 0, 0, 2, 2, 1, 2, 1, 0, 0, 1, 0, 1, 1, 2, 2, 1, 1, 1, 2, 0, 3, 2, 1, 1, 0, 0, 0, 1, 2, 0, 1, 3, 0, 2, 2, 1, 0, 0],965.044372072055;122006.557252514900;328651.956205192000,false,0
94,2,36576,G2_TEC,[63, 30, 89, 27, 96, 75, 26, 76, 58, 1, 12, 18, 78, 16, 80, 84, 49, 11, 85, 15, 83, 47, 0, 14, 64, 25, 66, 65, 81, 44, 29, 82, 13, 4, 86, 7, 54, 52, 56, 21, 32, 48, 38, 74, 39, 33, 60, 71, 69, 31, 90, 3, 34, 99, 43, 67, 35, 53, 20, 10, 87, 22, 91, 41, 19, 79, 57, 61, 70, 88, 45, 37, 51, 94, 2, 59, 55, 28, 62, 36, 92, 23, 42, 9, 73, 8, 6, 93, 5, 17, 24, 77, 46, 95, 98, 50, 72, 97, 68, 40]|[2, 0, 1, 2, 1, 0, 0, 0, 2, 2, 1, 1, 1, 2, 2, 1, 2, 2, 1, 1, 2, 0, 1, 0, 2, 2, 1, 1, 1, 2, 2, 2, 2, 1, 1, 2, 1, 2, 1, 1, 2, 2, 2, 0, 2, 2, 1, 1, 1, 2, 1, 1, 1, 2, 1, 1, 1, 1, 2, 1, 2, 1, 1, 0, 2, 1, 2, 1, 2, 1, 1, 1, 1, 2, 1, 2, 2, 2, 1, 1, 1, 1, 2, 1, 2, 2, 0, 1, 0, 1, 1, 2, 2, 2, 2, 1, 0, 2, 2, 1]|[4, 2, 0, 3, 1, 2, 1, 2, 4, 2, 3, 0, 1, 1, 2, 2, 3, 1, 1, 2, 2, 2, 2, 0, 1, 3, 0, 1, 3, 2, 1, 0, 4, 0, 3, 1, 2, 0, 2, 1, 3, 4, 3, 1, 1, 4, 3, 1, 3, 1, 3, 2, 2, 1, 1, 0, 1, 2, 4, 2, 1, 1, 1, 2, 4, 3, 4, 1, 3, 3, 1, 2, 2, 4, 1, 0, 3, 3, 3, 3, 2, 2, 0, 1, 1, 0, 2, 1, 2, 2, 1, 1, 1, 0, 1, 1, 2, 3, 3, 1]|[0, 1, 2, 1, 1, 1, 1, 0, 0, 3, 1, 2, 0, 2, 2, 0, 1, 2, 0, 0, 3, 0, 1, 1, 0, 0, 0, 2, 0, 2, 1, 0, 1, 1, 0, 0, 0, 0, 2, 1, 3, 1, 2, 1, 2, 1, 0, 1, 2, 2, 1, 0, 1, 2, 0, 2, 0, 2, 0, 0, 2, 1, 0, 0, 0, 2, 1, 2, 1, 0, 0, 1, 0, 1, 1, 2, 2, 1, 1, 1, 2, 0, 3, 2, 0, 1, 0, 0, 0, 0, 0, 2, 1, 3, 2, 0, 0, 0, 0, 2],1029.330016021037;119385.771304359630;327723.861712012560,false,0
94,2,36576,G3_TWC,[63, 30, 89, 27, 96, 75, 26, 76, 58, 1, 12, 18, 78, 16, 80, 84, 49, 11, 85, 15, 83, 47, 0, 14, 64, 25, 66, 65, 81, 44, 29, 82, 13, 4, 86, 7, 54, 52, 56, 21, 32, 48, 38, 74, 39, 33, 60, 71, 69, 31, 90, 3, 34, 99, 43, 67, 35, 53, 20, 10, 87, 22, 91, 41, 19, 79, 57, 61, 70, 88, 45, 37, 51, 94, 2, 59, 55, 28, 62, 36, 92, 23, 42, 9, 73, 8, 6, 93, 5, 17, 24, 77, 46, 98, 95, 50, 97, 72, 68, 40]|[2, 0, 1, 2, 1, 0, 0, 0, 2, 2, 1, 1, 0, 2, 2, 1, 2, 2, 1, 1, 2, 0, 1, 0, 2, 2, 1, 1, 1, 2, 2, 2, 2, 1, 1, 2, 1, 2, 1, 1, 2, 2, 2, 0, 2, 2, 1, 1, 1, 2, 1, 1, 1, 2, 1, 1, 1, 1, 2, 1, 2, 1, 1, 0, 2, 1, 2, 1, 2, 1, 0, 1, 1, 2, 1, 2, 2, 2, 1, 1, 1, 1, 2, 1, 1, 2, 0, 1, 0, 1, 2, 2, 2, 1, 2, 1, 2, 0, 2, 1]|[4, 2, 0, 3, 1, 2, 1, 2, 4, 2, 3, 0, 1, 1, 2, 2, 3, 1, 1, 2, 2, 2, 2, 0, 1, 3, 0, 1, 3, 2, 1, 0, 4, 0, 3, 1, 2, 0, 2, 1, 3, 4, 3, 1, 1, 4, 3, 1, 3, 1, 3, 2, 2, 1, 1, 0, 1, 2, 4, 2, 1, 1, 1, 2, 4, 3, 4, 2, 3, 3, 1, 2, 2, 1, 1, 0, 3, 3, 3, 3, 2, 2, 0, 1, 3, 0, 2, 1, 2, 1, 1, 1, 1, 2, 1, 1, 3, 2, 3, 1]|[0, 1, 2, 1, 1, 1, 1, 0, 0, 3, 1, 2, 0, 2, 2, 0, 1, 2, 0, 0, 3, 0, 1, 1, 0, 0, 0, 2, 0, 2, 1, 0, 1, 1, 0, 0, 0, 0, 2, 1, 3, 1, 2, 1, 2, 1, 0, 1, 2, 2, 1, 0, 1, 2, 0, 2, 0, 2, 0, 0, 2, 1, 0, 0, 0, 2, 1, 2, 1, 0, 1, 1, 0, 0, 1, 2, 2, 1, 1, 1, 2, 0, 3, 2, 1, 1, 0, 0, 0, 1, 2, 2, 1, 0, 2, 0, 0, 0, 0, 2],987.800342502477;120001.510798467240;325366.778438784400,false,0
95,2,36676,G1_CMAX,[63, 30, 89, 27, 96, 38, 26, 22, 58, 1, 12, 18, 78, 16, 80, 84, 49, 11, 85, 15, 83, 0, 14, 64, 25, 66, 65, 81, 44, 29, 82, 13, 4, 86, 7, 54, 52, 56, 21, 32, 48, 75, 74, 39, 33, 60, 71, 69, 31, 90, 35, 37, 99, 24, 67, 53, 43, 20, 10, 87, 76, 91, 41, 19, 79, 57, 61, 70, 88, 45, 34, 51, 47, 94, 2, 97, 55, 28, 62, 36, 92, 23, 42, 8, 50, 9, 6, 68, 93, 5, 72, 17, 73, 40, 46, 98, 3, 77, 95, 59]|[2, 0, 0, 0, 0, 2, 0, 0, 2, 2, 2, 1, 0, 0, 2, 1, 1, 2, 1, 0, 2, 0, 0, 0, 1, 1, 1, 1, 2, 2, 2, 2, 0, 0, 0, 1, 0, 1, 2, 2, 1, 2, 2, 0, 2, 1, 1, 1, 2, 0, 1, 1, 2, 1, 1, 2, 1, 0, 1, 2, 0, 1, 0, 2, 1, 0, 0, 1, 0, 2, 1, 0, 0, 2, 1, 2, 1, 1, 1, 2, 1, 2, 2, 0, 1, 0, 0, 1, 0, 1, 0, 0, 1, 2, 2, 1, 2, 2, 2, 2]|[4, 2, 0, 0, 2, 2, 1, 2, 4, 2, 2, 0, 1, 0, 4, 2, 1, 1, 1, 2, 2, 1, 0, 2, 1, 0, 1, 3, 2, 4, 0, 3, 0, 2, 2, 2, 2, 2, 0, 3, 0, 4, 2, 1, 4, 0, 1, 1, 0, 2, 2, 1, 1, 3, 0, 1, 1, 0, 1, 1, 2, 2, 2, 4, 3, 2, 0, 0, 1, 3, 1, 0, 1, 4, 1, 1, 0, 2, 0, 4, 2, 3, 0, 0, 1, 0, 1, 2, 2, 1, 0, 1, 1, 0, 1, 2, 2, 0, 0, 0]|[0, 0, 1, 0, 1, 3, 1, 0, 0, 3, 3, 2, 0, 0, 0, 0, 0, 2, 0, 0, 3, 1, 1, 0, 2, 0, 0, 0, 2, 1, 0, 3, 1, 0, 1, 2, 1, 2, 1, 3, 1, 3, 1, 1, 0, 1, 0, 1, 0, 1, 2, 1, 2, 0, 2, 2, 0, 0, 0, 2, 0, 0, 0, 0, 2, 0, 1, 1, 0, 1, 0, 1, 1, 1, 1, 2, 2, 0, 1, 2, 2, 1, 3, 0, 0, 1, 0, 0, 0, 0, 0, 1, 2, 3, 1, 0, 2, 1, 3, 2],797.540291221851;129008.676280931000;358250.977860813500,false,0
95,2,36676,G4_BALANCED,[63, 30, 89, 27, 96, 75, 26, 76, 58, 1, 12, 18, 78, 16, 80, 84, 49, 11, 85, 15, 83, 47, 0, 14, 64, 25, 66, 65, 81, 44, 29, 82, 13, 4, 86, 7, 54, 52, 56, 21, 32, 48, 38, 74, 39, 33, 60, 71, 69, 31, 90, 3, 34, 99, 43, 67, 35, 53, 20, 10, 87, 22, 91, 41, 19, 79, 57, 61, 70, 88, 45, 37, 51, 94, 2, 59, 55, 28, 62, 36, 92, 23, 42, 9, 73, 8, 6, 93, 5, 17, 24, 98, 77, 95, 50, 40, 97, 46, 72, 68]|[2, 0, 1, 2, 1, 0, 1, 0, 2, 2, 1, 1, 0, 2, 2, 0, 1, 2, 1, 1, 2, 0, 1, 0, 2, 1, 0, 0, 1, 2, 2, 2, 2, 1, 0, 2, 1, 2, 1, 1, 2, 2, 2, 0, 2, 2, 1, 1, 1, 2, 0, 1, 1, 2, 1, 1, 1, 1, 2, 1, 2, 1, 1, 0, 2, 1, 2, 1, 2, 1, 1, 1, 1, 2, 1, 2, 2, 2, 1, 1, 1, 1, 2, 1, 1, 2, 0, 1, 0, 1, 2, 1, 2, 2, 1, 1, 2, 2, 0, 2]|[4, 2, 0, 3, 1, 2, 3, 2, 4, 2, 3, 0, 1, 1, 2, 1, 1, 4, 1, 2, 2, 2, 2, 0, 1, 1, 0, 0, 3, 2, 1, 0, 4, 0, 2, 1, 2, 0, 2, 1, 3, 4, 3, 1, 1, 4, 3, 1, 1, 1, 2, 2, 2, 1, 1, 0, 1, 2, 4, 2, 1, 1, 2, 2, 1, 3, 4, 1, 3, 3, 1, 2, 2, 4, 1, 0, 3, 3, 3, 3, 2, 2, 0, 1, 3, 0, 2, 1, 2, 1, 1, 2, 0, 0, 1, 3, 1, 1, 2, 3]|[0, 1, 2, 1, 1, 1, 2, 0, 0, 3, 1, 2, 0, 2, 2, 0, 0, 1, 0, 0, 3, 0, 0, 1, 0, 2, 1, 1, 0, 2, 1, 0, 1, 1, 0, 0, 2, 0, 2, 1, 3, 1, 2, 1, 2, 1, 0, 1, 1, 2, 1, 0, 1, 2, 0, 2, 0, 2, 0, 0, 2, 1, 0, 0, 2, 2, 1, 2, 1, 0, 0, 1, 0, 1, 1, 2, 2, 1, 1, 1, 2, 0, 3, 2, 1, 1, 0, 0, 0, 1, 2, 0, 1, 3, 0, 2, 2, 1, 0, 0],965.044372072055;122006.557252514900;328651.956205192000,false,0
95,2,36676,G2_TEC,[63, 30, 89, 27, 96, 75, 26, 76, 58, 1, 12, 18, 78, 16, 80, 84, 49, 11, 85, 15, 83, 47, 0, 14, 64, 25, 66, 65, 81, 44, 29, 82, 13, 4, 86, 7, 54, 52, 56, 21, 32, 48, 38, 74, 39, 33, 60, 71, 69, 31, 90, 3, 34, 99, 43, 67, 35, 53, 20, 10, 87, 22, 91, 41, 19, 79, 57, 61, 70, 88, 45, 37, 51, 94, 2, 59, 55, 28, 62, 36, 92, 23, 42, 9, 73, 8, 6, 93, 5, 17, 24, 77, 46, 95, 98, 50, 72, 97, 68, 40]|[2, 0, 1, 2, 1, 0, 0, 0, 2, 2, 1, 1, 1, 2, 2, 1, 2, 2, 1, 1, 2, 0, 1, 0, 2, 2, 1, 1, 1, 2, 2, 2, 2, 1, 1, 2, 1, 2, 1, 1, 2, 2, 2, 0, 2, 2, 1, 1, 1, 2, 1, 1, 1, 2, 1, 1, 1, 1, 2, 1, 2, 1, 1, 0, 2, 1, 2, 1, 2, 1, 1, 1, 1, 2, 1, 2, 2, 2, 1, 1, 1, 1, 2, 1, 2, 2, 0, 1, 0, 1, 1, 2, 2, 2, 2, 1, 0, 2, 2, 1]|[4, 2, 0, 3, 1, 2, 1, 2, 4, 2, 3, 0, 1, 1, 2, 2, 3, 1, 1, 2, 2, 2, 2, 0, 1, 3, 0, 1, 3, 2, 1, 0, 4, 0, 3, 1, 2, 0, 2, 1, 3, 4, 3, 1, 1, 4, 3, 1, 3, 1, 3, 2, 2, 1, 1, 0, 1, 2, 4, 2, 1, 1, 1, 2, 4, 3, 4, 1, 3, 3, 1, 2, 2, 4, 1, 0, 3, 3, 3, 3, 2, 2, 0, 1, 1, 0, 2, 1, 2, 2, 1, 1, 1, 0, 1, 1, 2, 3, 3, 1]|[0, 1, 2, 1, 1, 1, 1, 0, 0, 3, 1, 2, 0, 2, 2, 0, 1, 2, 0, 0, 3, 0, 1, 1, 0, 0, 0, 2, 0, 2, 1, 0, 1, 1, 0, 0, 0, 0, 2, 1, 3, 1, 2, 1, 2, 1, 0, 1, 2, 2, 1, 0, 1, 2, 0, 2, 0, 2, 0, 0, 2, 1, 0, 0, 0, 2, 1, 2, 1, 0, 0, 1, 0, 1, 1, 2, 2, 1, 1, 1, 2, 0, 3, 2, 0, 1, 0, 0, 0, 0, 0, 2, 1, 3, 2, 0, 0, 0, 0, 2],1029.330016021037;119385.771304359630;327723.861712012560,false,0
95,2,36676,G3_TWC,[63, 30, 89, 27, 96, 75, 26, 76, 58, 1, 12, 18, 78, 16, 80, 84, 49, 11, 85, 15, 83, 47, 0, 14, 64, 25, 66, 65, 81, 44, 29, 82, 13, 4, 86, 7, 54, 52, 56, 21, 32, 48, 38, 74, 39, 33, 60, 71, 69, 31, 90, 3, 34, 99, 43, 67, 35, 53, 20, 10, 87, 22, 91, 41, 19, 79, 57, 61, 70, 88, 45, 37, 51, 94, 2, 59, 55, 28, 62, 36, 92, 23, 42, 9, 73, 8, 6, 93, 5, 17, 24, 77, 46, 98, 95, 50, 97, 72, 68, 40]|[2, 0, 1, 2, 1, 0, 0, 0, 2, 2, 1, 1, 0, 2, 2, 1, 2, 2, 1, 1, 2, 0, 1, 0, 2, 2, 1, 1, 1, 2, 2, 2, 2, 1, 1, 2, 1, 2, 1, 1, 2, 2, 2, 0, 2, 2, 1, 1, 1, 2, 1, 1, 1, 2, 1, 1, 1, 1, 2, 1, 2, 1, 1, 0, 2, 1, 2, 1, 2, 1, 0, 1, 1, 2, 1, 2, 2, 2, 1, 1, 1, 1, 2, 1, 1, 2, 0, 1, 0, 1, 2, 2, 2, 1, 2, 1, 2, 0, 2, 1]|[4, 2, 0, 3, 1, 2, 1, 2, 4, 2, 3, 0, 1, 1, 2, 2, 3, 1, 1, 2, 2, 2, 2, 0, 1, 3, 0, 1, 3, 2, 1, 0, 4, 0, 3, 1, 2, 0, 2, 1, 3, 4, 3, 1, 1, 4, 3, 1, 3, 1, 3, 2, 2, 1, 1, 0, 1, 2, 4, 2, 1, 1, 1, 2, 4, 3, 4, 2, 3, 3, 1, 2, 2, 1, 1, 0, 3, 3, 3, 3, 2, 2, 0, 1, 3, 0, 2, 1, 2, 1, 1, 1, 1, 2, 1, 1, 3, 2, 3, 1]|[0, 1, 2, 1, 1, 1, 1, 0, 0, 3, 1, 2, 0, 2, 2, 0, 1, 2, 0, 0, 3, 0, 1, 1, 0, 0, 0, 2, 0, 2, 1, 0, 1, 1, 0, 0, 0, 0, 2, 1, 3, 1, 2, 1, 2, 1, 0, 1, 2, 2, 1, 0, 1, 2, 0, 2, 0, 2, 0, 0, 2, 1, 0, 0, 0, 2, 1, 2, 1, 0, 1, 1, 0, 0, 1, 2, 2, 1, 1, 1, 2, 0, 3, 2, 1, 1, 0, 0, 0, 1, 2, 2, 1, 0, 2, 0, 0, 0, 0, 2],987.800342502477;120001.510798467240;325366.778438784400,false,0
96,2,36776,G1_CMAX,[63, 30, 89, 27, 96, 38, 26, 22, 58, 1, 12, 18, 78, 16, 80, 84, 49, 11, 85, 15, 83, 0, 14, 64, 25, 66, 65, 81, 44, 29, 82, 13, 4, 86, 7, 54, 52, 56, 21, 32, 48, 75, 74, 39, 33, 60, 71, 69, 31, 90, 35, 37, 99, 24, 67, 53, 43, 20, 10, 87, 76, 91, 41, 19, 79, 57, 61, 70, 88, 45, 34, 51, 47, 94, 2, 97, 55, 28, 62, 36, 92, 23, 42, 8, 50, 9, 6, 68, 93, 5, 72, 17, 73, 40, 46, 98, 3, 77, 95, 59]|[2, 0, 0, 0, 0, 2, 0, 0, 2, 2, 2, 1, 0, 0, 2, 1, 1, 2, 1, 0, 2, 0, 0, 0, 1, 1, 1, 1, 2, 2, 2, 2, 0, 0, 0, 1, 0, 1, 2, 2, 1, 2, 2, 0, 2, 1, 1, 1, 2, 0, 1, 1, 2, 1, 1, 2, 1, 0, 1, 2, 0, 1, 0, 2, 1, 0, 0, 1, 0, 2, 1, 0, 0, 2, 1, 2, 1, 1, 1, 2, 1, 2, 2, 0, 1, 0, 0, 1, 0, 1, 0, 0, 1, 2, 2, 1, 2, 2, 2, 2]|[4, 2, 0, 0, 2, 2, 1, 2, 4, 2, 2, 0, 1, 0, 4, 2, 1, 1, 1, 2, 2, 1, 0, 2, 1, 0, 1, 3, 2, 4, 0, 3, 0, 2, 2, 2, 2, 2, 0, 3, 0, 4, 2, 1, 4, 0, 1, 1, 0, 2, 2, 1, 1, 3, 0, 1, 1, 0, 1, 1, 2, 2, 2, 4, 3, 2, 0, 0, 1, 3, 1, 0, 1, 4, 1, 1, 0, 2, 0, 4, 2, 3, 0, 0, 1, 0, 1, 2, 2, 1, 0, 1, 1, 0, 1, 2, 2, 0, 0, 0]|[0, 0, 1, 0, 1, 3, 1, 0, 0, 3, 3, 2, 0, 0, 0, 0, 0, 2, 0, 0, 3, 1, 1, 0, 2, 0, 0, 0, 2, 1, 0, 3, 1, 0, 1, 2, 1, 2, 1, 3, 1, 3, 1, 1, 0, 1, 0, 1, 0, 1, 2, 1, 2, 0, 2, 2, 0, 0, 0, 2, 0, 0, 0, 0, 2, 0, 1, 1, 0, 1, 0, 1, 1, 1, 1, 2, 2, 0, 1, 2, 2, 1, 3, 0, 0, 1, 0, 0, 0, 0, 0, 1, 2, 3, 1, 0, 2, 1, 3, 2],797.540291221851;129008.676280931000;358250.977860813500,false,0
96,2,36776,G4_BALANCED,[63, 30, 89, 27, 96, 75, 26, 76, 58, 1, 12, 18, 78, 16, 80, 84, 49, 11, 85, 15, 83, 47, 0, 14, 64, 25, 66, 65, 81, 44, 29, 82, 13, 4, 86, 7, 54, 52, 56, 21, 32, 48, 38, 74, 39, 33, 60, 71, 69, 31, 90, 3, 34, 99, 43, 67, 35, 53, 20, 10, 87, 22, 91, 41, 19, 79, 57, 61, 70, 88, 45, 37, 51, 94, 2, 59, 55, 28, 62, 36, 92, 23, 42, 9, 73, 8, 6, 93, 5, 17, 24, 98, 77, 95, 50, 40, 97, 46, 72, 68]|[2, 0, 1, 2, 1, 0, 1, 0, 2, 2, 1, 1, 0, 2, 2, 0, 1, 2, 1, 1, 2, 0, 1, 0, 2, 1, 0, 0, 1, 2, 2, 2, 2, 1, 0, 2, 1, 2, 1, 1, 2, 2, 2, 0, 2, 2, 1, 1, 1, 2, 0, 1, 1, 2, 1, 1, 1, 1, 2, 1, 2, 1, 1, 0, 2, 1, 2, 1, 2, 1, 1, 1, 1, 2, 1, 2, 2, 2, 1, 1, 1, 1, 2, 1, 1, 2, 0, 1, 0, 1, 2, 1, 2, 2, 1, 1, 2, 2, 0, 2]|[4, 2, 0, 3, 1, 2, 3, 2, 4, 2, 3, 0, 1, 1, 2, 1, 1, 4, 1, 2, 2, 2, 2, 0, 1, 1, 0, 0, 3, 2, 1, 0, 4, 0, 2, 1, 2, 0, 2, 1, 3, 4, 3, 1, 1, 4, 3, 1, 1, 1, 2, 2, 2, 1, 1, 0, 1, 2, 4, 2, 1, 1, 2, 2, 1, 3, 4, 1, 3, 3, 1, 2, 2, 4, 1, 0, 3, 3, 3, 3, 2, 2, 0, 1, 3, 0, 2, 1, 2, 1, 1, 2, 0, 0, 1, 3, 1, 1, 2, 3]|[0, 1, 2, 1, 1, 1, 2, 0, 0, 3, 1, 2, 0, 2, 2, 0, 0, 1, 0, 0, 3, 0, 0, 1, 0, 2, 1, 1, 0, 2, 1, 0, 1, 1, 0, 0, 2, 0, 2, 1, 3, 1, 2, 1, 2, 1, 0, 1, 1, 2, 1, 0, 1, 2, 0, 2, 0, 2, 0, 0, 2, 1, 0, 0, 2, 2, 1, 2, 1, 0, 0, 1, 0, 1, 1, 2, 2, 1, 1, 1, 2, 0, 3, 2, 1, 1, 0, 0, 0, 1, 2, 0, 1, 3, 0, 2, 2, 1, 0, 0],965.044372072055;122006.557252514900;328651.956205192000,false,0
96,2,36776,G2_TEC,[63, 30, 89, 27, 96, 75, 26, 76, 58, 1, 12, 18, 78, 16, 80, 84, 49, 11, 85, 15, 83, 47, 0, 14, 64, 25, 66, 65, 81, 44, 29, 82, 13, 4, 86, 7, 54, 52, 56, 21, 32, 48, 38, 74, 39, 33, 60, 71, 69, 31, 90, 3, 34, 99, 43, 67, 35, 53, 20, 10, 87, 22, 91, 41, 19, 79, 57, 61, 70, 88, 45, 37, 51, 94, 2, 59, 55, 28, 62, 36, 92, 23, 42, 9, 73, 8, 6, 93, 5, 17, 24, 77, 46, 95, 98, 50, 72, 97, 68, 40]|[2, 0, 1, 2, 1, 0, 0, 0, 2, 2, 1, 1, 1, 2, 2, 1, 2, 2, 1, 1, 2, 0, 1, 0, 2, 2, 1, 1, 1, 2, 2, 2, 2, 1, 1, 2, 1, 2, 1, 1, 2, 2, 2, 0, 2, 2, 1, 1, 1, 2, 1, 1, 1, 2, 1, 1, 1, 1, 2, 1, 2, 1, 1, 0, 2, 1, 2, 1, 2, 1, 1, 1, 1, 2, 1, 2, 2, 2, 1, 1, 1, 1, 2, 1, 2, 2, 0, 1, 0, 1, 1, 2, 2, 2, 2, 1, 0, 2, 2, 1]|[4, 2, 0, 3, 1, 2, 1, 2, 4, 2, 3, 0, 1, 1, 2, 2, 3, 1, 1, 2, 2, 2, 2, 0, 1, 3, 0, 1, 3, 2, 1, 0, 4, 0, 3, 1, 2, 0, 2, 1, 3, 4, 3, 1, 1, 4, 3, 1, 3, 1, 3, 2, 2, 1, 1, 0, 1, 2, 4, 2, 1, 1, 1, 2, 4, 3, 4, 1, 3, 3, 1, 2, 2, 4, 1, 0, 3, 3, 3, 3, 2, 2, 0, 1, 1, 0, 2, 1, 2, 2, 1, 1, 1, 0, 1, 1, 2, 3, 3, 1]|[0, 1, 2, 1, 1, 1, 1, 0, 0, 3, 1, 2, 0, 2, 2, 0, 1, 2, 0, 0, 3, 0, 1, 1, 0, 0, 0, 2, 0, 2, 1, 0, 1, 1, 0, 0, 0, 0, 2, 1, 3, 1, 2, 1, 2, 1, 0, 1, 2, 2, 1, 0, 1, 2, 0, 2, 0, 2, 0, 0, 2, 1, 0, 0, 0, 2, 1, 2, 1, 0, 0, 1, 0, 1, 1, 2, 2, 1, 1, 1, 2, 0, 3, 2, 0, 1, 0, 0, 0, 0, 0, 2, 1, 3, 2, 0, 0, 0, 0, 2],1029.330016021037;119385.771304359630;327723.861712012560,false,0
96,2,36776,G3_TWC,[63, 30, 89, 27, 96, 75, 26, 76, 58, 1, 12, 18, 78, 16, 80, 84, 49, 11, 85, 15, 83, 47, 0, 14, 64, 25, 66, 65, 81, 44, 29, 82, 13, 4, 86, 7, 54, 52, 56, 21, 32, 48, 38, 74, 39, 33, 60, 71, 69, 31, 90, 3, 34, 99, 43, 67, 35, 53, 20, 10, 87, 22, 91, 41, 19, 79, 57, 61, 70, 88, 45, 37, 51, 94, 2, 59, 55, 28, 62, 36, 92, 23, 42, 9, 73, 8, 6, 93, 5, 17, 24, 77, 46, 98, 95, 50, 97, 72, 68, 40]|[2, 0, 1, 2, 1, 0, 0, 0, 2, 2, 1, 1, 0, 2, 2, 1, 2, 2, 1, 1, 2, 0, 1, 0, 2, 2, 1, 1, 1, 2, 2, 2, 2, 1, 1, 2, 1, 2, 1, 1, 2, 2, 2, 0, 2, 2, 1, 1, 1, 2, 1, 1, 1, 2, 1, 1, 1, 1, 2, 1, 2, 1, 1, 0, 2, 1, 2, 1, 2, 1, 0, 1, 1, 2, 1, 2, 2, 2, 1, 1, 1, 1, 2, 1, 1, 2, 0, 1, 0, 1, 2, 2, 2, 1, 2, 1, 2, 0, 2, 1]|[4, 2, 0, 3, 1, 2, 1, 2, 4, 2, 3, 0, 1, 1, 2, 2, 3, 1, 1, 2, 2, 2, 2, 0, 1, 3, 0, 1, 3, 2, 1, 0, 4, 0, 3, 1, 2, 0, 2, 1, 3, 4, 3, 1, 1, 4, 3, 1, 3, 1, 3, 2, 2, 1, 1, 0, 1, 2, 4, 2, 1, 1, 1, 2, 4, 3, 4, 2, 3, 3, 1, 2, 2, 1, 1, 0, 3, 3, 3, 3, 2, 2, 0, 1, 3, 0, 2, 1, 2, 1, 1, 1, 1, 2, 1, 1, 3, 2, 3, 1]|[0, 1, 2, 1, 1, 1, 1, 0, 0, 3, 1, 2, 0, 2, 2, 0, 1, 2, 0, 0, 3, 0, 1, 1, 0, 0, 0, 2, 0, 2, 1, 0, 1, 1, 0, 0, 0, 0, 2, 1, 3, 1, 2, 1, 2, 1, 0, 1, 2, 2, 1, 0, 1, 2, 0, 2, 0, 2, 0, 0, 2, 1, 0, 0, 0, 2, 1, 2, 1, 0, 1, 1, 0, 0, 1, 2, 2, 1, 1, 1, 2, 0, 3, 2, 1, 1, 0, 0, 0, 1, 2, 2, 1, 0, 2, 0, 0, 0, 0, 2],987.800342502477;120001.510798467240;325366.778438784400,false,0
97,2,36876,G1_CMAX,[63, 30, 89, 27, 96, 38, 26, 22, 58, 1, 12, 18, 78, 16, 80, 84, 49, 11, 85, 15, 83, 0, 14, 64, 25, 66, 65, 81, 44, 29, 82, 13, 4, 86, 7, 54, 52, 56, 21, 32, 48, 75, 74, 39, 33, 60, 71, 69, 31, 90, 35, 37, 99, 24, 67, 53, 43, 20, 10, 87, 76, 91, 41, 19, 79, 57, 61, 70, 88, 45, 34, 51, 47, 94, 2, 97, 55, 28, 62, 36, 92, 23, 42, 8, 50, 9, 6, 68, 93, 5, 72, 17, 73, 40, 46, 98, 3, 77, 95, 59]|[2, 0, 0, 0, 0, 2, 0, 0, 2, 2, 2, 1, 0, 0, 2, 1, 1, 2, 1, 0, 2, 0, 0, 0, 1, 1, 1, 1, 2, 2, 2, 2, 0, 0, 0, 1, 0, 1, 2, 2, 1, 2, 2, 0, 2, 1, 1, 1, 2, 0, 1, 1, 2, 1, 1, 2, 1, 0, 1, 2, 0, 1, 0, 2, 1, 0, 0, 1, 0, 2, 1, 0, 0, 2, 1, 2, 1, 1, 1, 2, 1, 2, 2, 0, 1, 0, 0, 1, 0, 1, 0, 0, 1, 2, 2, 1, 2, 2, 2, 2]|[4, 2, 0, 0, 2, 2, 1, 2, 4, 2, 2, 0, 1, 0, 4, 2, 1, 1, 1, 2, 2, 1, 0, 2, 1, 0, 1, 3, 2, 4, 0, 3, 0, 2, 2, 2, 2, 2, 0, 3, 0, 4, 2, 1, 4, 0, 1, 1, 0, 2, 2, 1, 1, 3, 0, 1, 1, 0, 1, 1, 2, 2, 2, 4, 3, 2, 0, 0, 1, 3, 1, 0, 1, 4, 1, 1, 0, 2, 0, 4, 2, 3, 0, 0, 1, 0, 1, 2, 2, 1, 0, 1, 1, 0, 1, 2, 2, 0, 0, 0]|[0, 0, 1, 0, 1, 3, 1, 0, 0, 3, 3, 2, 0, 0, 0, 0, 0, 2, 0, 0, 3, 1, 1, 0, 2, 0, 0, 0, 2, 1, 0, 3, 1, 0, 1, 2, 1, 2, 1, 3, 1, 3, 1, 1, 0, 1, 0, 1, 0, 1, 2, 1, 2, 0, 2, 2, 0, 0, 0, 2, 0, 0, 0, 0, 2, 0, 1, 1, 0, 1, 0, 1, 1, 1, 1, 2, 2, 0, 1, 2, 2, 1, 3, 0, 0, 1, 0, 0, 0, 0, 0, 1, 2, 3, 1, 0, 2, 1, 3, 2],797.540291221851;129008.676280931000;358250.977860813500,false,0
97,2,36876,G4_BALANCED,[63, 30, 89, 27, 96, 75, 26, 76, 58, 1, 12, 18, 78, 16, 80, 84, 49, 11, 85, 15, 83, 47, 0, 14, 64, 25, 66, 65, 81, 44, 29, 82, 13, 4, 86, 7, 54, 52, 56, 21, 32, 48, 38, 74, 39, 33, 60, 71, 69, 31, 90, 3, 34, 99, 43, 67, 35, 53, 20, 10, 87, 22, 91, 41, 19, 79, 57, 61, 70, 88, 45, 37, 51, 94, 2, 59, 55, 28, 62, 36, 92, 23, 42, 9, 73, 8, 6, 93, 5, 17, 24, 98, 77, 95, 50, 40, 97, 46, 72, 68]|[2, 0, 1, 2, 1, 0, 1, 0, 2, 2, 1, 1, 0, 2, 2, 0, 1, 2, 1, 1, 2, 0, 1, 0, 2, 1, 0, 0, 1, 2, 2, 2, 2, 1, 0, 2, 1, 2, 1, 1, 2, 2, 2, 0, 2, 2, 1, 1, 1, 2, 0, 1, 1, 2, 1, 1, 1, 1, 2, 1, 2, 1, 1, 0, 2, 1, 2, 1, 2, 1, 1, 1, 1, 2, 1, 2, 2, 2, 1, 1, 1, 1, 2, 1, 1, 2, 0, 1, 0, 1, 2, 1, 2, 2, 1, 1, 2, 2, 0, 2]|[4, 2, 0, 3, 1, 2, 3, 2, 4, 2, 3, 0, 1, 1, 2, 1, 1, 4, 1, 2, 2, 2, 2, 0, 1, 1, 0, 0, 3, 2, 1, 0, 4, 0, 2, 1, 2, 0, 2, 1, 3, 4, 3, 1, 1, 4, 3, 1, 1, 1, 2, 2, 2, 1, 1, 0, 1, 2, 4, 2, 1, 1, 2, 2, 1, 3, 4, 1, 3, 3, 1, 2, 2, 4, 1, 0, 3, 3, 3, 3, 2, 2, 0, 1, 3, 0, 2, 1, 2, 1, 1, 2, 0, 0, 1, 3, 1, 1, 2, 3]|[0, 1, 2, 1, 1, 1, 2, 0, 0, 3, 1, 2, 0, 2, 2, 0, 0, 1, 0, 0, 3, 0, 0, 1, 0, 2, 1, 1, 0, 2, 1, 0, 1, 1, 0, 0, 2, 0, 2, 1, 3, 1, 2, 1, 2, 1, 0, 1, 1, 2, 1, 0, 1, 2, 0, 2, 0, 2, 0, 0, 2, 1, 0, 0, 2, 2, 1, 2, 1, 0, 0, 1, 0, 1, 1, 2, 2, 1, 1, 1, 2, 0, 3, 2, 1, 1, 0, 0, 0, 1, 2, 0, 1, 3, 0, 2, 2, 1, 0, 0],965.044372072055;122006.557252514900;328651.956205192000,false,0
97,2,36876,G2_TEC,[63, 30, 89, 27, 96, 75, 26, 76, 58, 1, 12, 18, 78, 16, 80, 84, 49, 11, 85, 15, 83, 47, 0, 14, 64, 25, 66, 65, 81, 44, 29, 82, 13, 4, 86, 7, 54, 52, 56, 21, 32, 48, 38, 74, 39, 33, 60, 71, 69, 31, 90, 3, 34, 99, 43, 67, 35, 53, 20, 10, 87, 22, 91, 41, 19, 79, 57, 61, 70, 88, 45, 37, 51, 94, 2, 59, 55, 28, 62, 36, 92, 23, 42, 9, 73, 8, 6, 93, 5, 17, 24, 98, 46, 95, 97, 50, 40, 77, 72, 68]|[2, 1, 1, 2, 1, 0, 1, 0, 2, 2, 1, 1, 0, 2, 2, 1, 2, 2, 1, 1, 2, 0, 1, 0, 2, 1, 1, 1, 1, 2, 2, 2, 2, 1, 1, 2, 1, 2, 1, 1, 2, 2, 2, 0, 2, 2, 1, 1, 1, 2, 1, 1, 1, 2, 1, 1, 1, 1, 2, 1, 2, 1, 1, 0, 2, 1, 2, 1, 2, 1, 0, 1, 1, 2, 1, 2, 2, 2, 1, 1, 1, 1, 2, 1, 1, 2, 0, 1, 0, 1, 2, 2, 1, 2, 2, 1, 1, 1, 1, 2]|[4, 1, 0, 3, 1, 2, 3, 2, 4, 2, 3, 0, 1, 1, 2, 2, 3, 1, 1, 2, 2, 2, 2, 0, 1, 1, 0, 1, 3, 2, 1, 0, 4, 0, 3, 1, 2, 0, 2, 1, 3, 4, 3, 1, 1, 4, 3, 1, 3, 1, 3, 2, 2, 1, 1, 0, 1, 1, 4, 2, 1, 1, 1, 2, 4, 3, 4, 2, 3, 3, 1, 2, 2, 4, 1, 0, 3, 3, 3, 3, 2, 2, 0, 1, 3, 0, 2, 1, 2, 2, 1, 1, 2, 0, 3, 1, 1, 2, 3, 3]|[0, 0, 2, 1, 1, 1, 2, 0, 0, 3, 1, 2, 0, 2, 2, 0, 1, 2, 0, 0, 3, 0, 1, 1, 0, 2, 0, 2, 0, 2, 1, 0, 1, 1, 0, 0, 0, 0, 2, 1, 3, 1, 2, 1, 2, 1, 0, 1, 2, 2, 1, 0, 1, 2, 0, 2, 0, 1, 0, 0, 2, 1, 0, 0, 0, 2, 1, 2, 1, 0, 1, 1, 0, 1, 1, 2, 2, 1, 1, 1, 2, 0, 3, 2, 1, 1, 0, 0, 0, 0, 2, 2, 0, 3, 0, 0, 2, 0, 1, 0],1084.929758286731;118714.406560216160;310598.807351255730,false,0
97,2,36876,G3_TWC,[63, 30, 89, 27, 96, 75, 26, 76, 58, 1, 12, 18, 78, 16, 80, 84, 49, 11, 85, 15, 83, 47, 0, 14, 64, 25, 66, 65, 81, 44, 29, 82, 13, 4, 86, 7, 54, 52, 56, 21, 32, 48, 38, 74, 39, 33, 60, 71, 69, 31, 90, 3, 34, 99, 43, 67, 35, 53, 20, 10, 87, 22, 91, 41, 19, 79, 57, 61, 70, 88, 45, 37, 51, 94, 2, 59, 55, 28, 62, 36, 92, 23, 42, 9, 73, 8, 6, 93, 5, 17, 24, 77, 46, 98, 95, 50, 97, 72, 68, 40]|[2, 0, 1, 2, 1, 0, 0, 0, 2, 2, 1, 1, 0, 2, 2, 1, 2, 2, 1, 1, 2, 0, 1, 0, 2, 2, 1, 1, 1, 2, 2, 2, 2, 1, 1, 2, 1, 2, 1, 1, 2, 2, 2, 0, 2, 2, 1, 1, 1, 2, 1, 1, 1, 2, 1, 1, 1, 1, 2, 1, 2, 1, 1, 0, 2, 1, 2, 1, 2, 1, 0, 1, 1, 2, 1, 2, 2, 2, 1, 1, 1, 1, 2, 1, 1, 2, 0, 1, 0, 1, 2, 2, 2, 1, 2, 1, 2, 0, 2, 1]|[4, 2, 0, 3, 1, 2, 1, 2, 4, 2, 3, 0, 1, 1, 2, 2, 3, 1, 1, 2, 2, 2, 2, 0, 1, 3, 0, 1, 3, 2, 1, 0, 4, 0, 3, 1, 2, 0, 2, 1, 3, 4, 3, 1, 1, 4, 3, 1, 3, 1, 3, 2, 2, 1, 1, 0, 1, 2, 4, 2, 1, 1, 1, 2, 4, 3, 4, 2, 3, 3, 1, 2, 2, 1, 1, 0, 3, 3, 3, 3, 2, 2, 0, 1, 3, 0, 2, 1, 2, 1, 1, 1, 1, 2, 1, 1, 3, 2, 3, 1]|[0, 1, 2, 1, 1, 1, 1, 0, 0, 3, 1, 2, 0, 2, 2, 0, 1, 2, 0, 0, 3, 0, 1, 1, 0, 0, 0, 2, 0, 2, 1, 0, 1, 1, 0, 0, 0, 0, 2, 1, 3, 1, 2, 1, 2, 1, 0, 1, 2, 2, 1, 0, 1, 2, 0, 2, 0, 2, 0, 0, 2, 1, 0, 0, 0, 2, 1, 2, 1, 0, 1, 1, 0, 0, 1, 2, 2, 1, 1, 1, 2, 0, 3, 2, 1, 1, 0, 0, 0, 1, 2, 2, 1, 0, 2, 0, 0, 0, 0, 2],987.800342502477;120001.510798467240;325366.778438784400,false,0
98,2,36976,G1_CMAX,[63, 30, 89, 27, 96, 38, 26, 22, 58, 1, 12, 18, 78, 16, 80, 84, 49, 11, 85, 15, 83, 0, 14, 64, 25, 66, 65, 81, 44, 29, 82, 13, 4, 86, 7, 54, 52, 56, 21, 32, 48, 75, 74, 39, 33, 60, 71, 69, 31, 90, 35, 37, 99, 24, 67, 53, 43, 20, 10, 87, 76, 91, 41, 19, 79, 57, 61, 70, 88, 45, 34, 51, 47, 94, 2, 97, 55, 28, 62, 36, 92, 23, 42, 8, 50, 9, 6, 68, 93, 5, 72, 17, 73, 40, 46, 98, 3, 77, 95, 59]|[2, 0, 0, 0, 0, 2, 0, 0, 2, 2, 2, 1, 0, 0, 2, 1, 1, 2, 1, 0, 2, 0, 0, 0, 1, 1, 1, 1, 2, 2, 2, 2, 0, 0, 0, 1, 0, 1, 2, 2, 1, 2, 2, 0, 2, 1, 1, 1, 2, 0, 1, 1, 2, 1, 1, 2, 1, 0, 1, 2, 0, 1, 0, 2, 1, 0, 0, 1, 0, 2, 1, 0, 0, 2, 1, 2, 1, 1, 1, 2, 1, 2, 2, 0, 1, 0, 0, 1, 0, 1, 0, 0, 1, 2, 2, 1, 2, 2, 2, 2]|[4, 2, 0, 0, 2, 2, 1, 2, 4, 2, 2, 0, 1, 0, 4, 2, 1, 1, 1, 2, 2, 1, 0, 2, 1, 0, 1, 3, 2, 4, 0, 3, 0, 2, 2, 2, 2, 2, 0, 3, 0, 4, 2, 1, 4, 0, 1, 1, 0, 2, 2, 1, 1, 3, 0, 1, 1, 0, 1, 1, 2, 2, 2, 4, 3, 2, 0, 0, 1, 3, 1, 0, 1, 4, 1, 1, 0, 2, 0, 4, 2, 3, 0, 0, 1, 0, 1, 2, 2, 1, 0, 1, 1, 0, 1, 2, 2, 0, 0, 0]|[0, 0, 1, 0, 1, 3, 1, 0, 0, 3, 3, 2, 0, 0, 0, 0, 0, 2, 0, 0, 3, 1, 1, 0, 2, 0, 0, 0, 2, 1, 0, 3, 1, 0, 1, 2, 1, 2, 1, 3, 1, 3, 1, 1, 0, 1, 0, 1, 0, 1, 2, 1, 2, 0, 2, 2, 0, 0, 0, 2, 0, 0, 0, 0, 2, 0, 1, 1, 0, 1, 0, 1, 1, 1, 1, 2, 2, 0, 1, 2, 2, 1, 3, 0, 0, 1, 0, 0, 0, 0, 0, 1, 2, 3, 1, 0, 2, 1, 3, 2],797.540291221851;129008.676280931000;358250.977860813500,false,0
98,2,36976,G4_BALANCED,[63, 30, 89, 27, 96, 75, 26, 76, 58, 1, 12, 18, 78, 16, 80, 84, 49, 11, 85, 15, 83, 47, 0, 14, 64, 25, 66, 65, 81, 44, 29, 82, 13, 4, 86, 7, 54, 52, 56, 21, 32, 48, 38, 74, 39, 33, 60, 71, 69, 31, 90, 3, 34, 99, 43, 67, 35, 53, 20, 10, 87, 22, 91, 41, 19, 79, 57, 61, 70, 88, 45, 37, 51, 94, 2, 59, 55, 28, 62, 36, 92, 23, 42, 9, 73, 8, 6, 93, 5, 17, 24, 98, 77, 95, 50, 40, 97, 46, 72, 68]|[2, 0, 1, 2, 1, 0, 1, 0, 2, 2, 1, 1, 0, 2, 2, 0, 1, 2, 1, 1, 2, 0, 1, 0, 2, 1, 0, 0, 1, 2, 2, 2, 2, 1, 0, 2, 1, 2, 1, 1, 2, 2, 2, 0, 2, 2, 1, 1, 1, 2, 0, 1, 1, 2, 1, 1, 1, 1, 2, 1, 2, 1, 1, 0, 2, 1, 2, 1, 2, 1, 1, 1, 1, 2, 1, 2, 2, 2, 1, 1, 1, 1, 2, 1, 1, 2, 0, 1, 0, 1, 2, 1, 2, 2, 1, 1, 2, 2, 0, 2]|[4, 2, 0, 3, 1, 2, 3, 2, 4, 2, 3, 0, 1, 1, 2, 1, 1, 4, 1, 2, 2, 2, 2, 0, 1, 1, 0, 0, 3, 2, 1, 0, 4, 0, 2, 1, 2, 0, 2, 1, 3, 4, 3, 1, 1, 4, 3, 1, 1, 1, 2, 2, 2, 1, 1, 0, 1, 2, 4, 2, 1, 1, 2, 2, 1, 3, 4, 1, 3, 3, 1, 2, 2, 4, 1, 0, 3, 3, 3, 3, 2, 2, 0, 1, 3, 0, 2, 1, 2, 1, 1, 2, 0, 0, 1, 3, 1, 1, 2, 3]|[0, 1, 2, 1, 1, 1, 2, 0, 0, 3, 1, 2, 0, 2, 2, 0, 0, 1, 0, 0, 3, 0, 0, 1, 0, 2, 1, 1, 0, 2, 1, 0, 1, 1, 0, 0, 2, 0, 2, 1, 3, 1, 2, 1, 2, 1, 0, 1, 1, 2, 1, 0, 1, 2, 0, 2, 0, 2, 0, 0, 2, 1, 0, 0, 2, 2, 1, 2, 1, 0, 0, 1, 0, 1, 1, 2, 2, 1, 1, 1, 2, 0, 3, 2, 1, 1, 0, 0, 0, 1, 2, 0, 1, 3, 0, 2, 2, 1, 0, 0],965.044372072055;122006.557252514900;328651.956205192000,false,0
98,2,36976,G2_TEC,[63, 30, 89, 27, 96, 75, 26, 76, 58, 1, 12, 18, 78, 16, 80, 84, 49, 11, 85, 15, 83, 47, 0, 14, 64, 25, 66, 65, 81, 44, 29, 82, 13, 4, 86, 7, 54, 52, 56, 21, 32, 48, 38, 74, 39, 33, 60, 71, 69, 31, 90, 3, 34, 99, 43, 67, 35, 53, 20, 10, 87, 22, 91, 41, 19, 79, 57, 61, 70, 88, 45, 37, 51, 94, 2, 59, 55, 28, 62, 24, 92, 23, 42, 9, 73, 8, 6, 93, 5, 17, 36, 98, 46, 95, 77, 97, 72, 50, 68, 40]|[2, 1, 1, 2, 1, 0, 1, 0, 2, 2, 1, 1, 1, 2, 2, 1, 2, 2, 1, 1, 2, 0, 1, 0, 2, 2, 1, 1, 1, 2, 2, 2, 2, 1, 0, 2, 1, 2, 1, 1, 2, 2, 2, 0, 2, 2, 1, 1, 1, 2, 1, 1, 1, 2, 1, 1, 1, 1, 1, 1, 2, 1, 1, 0, 2, 1, 2, 1, 2, 1, 1, 1, 1, 2, 1, 1, 2, 2, 1, 1, 1, 1, 2, 1, 1, 2, 0, 1, 0, 1, 2, 2, 2, 2, 2, 2, 1, 1, 2, 1]|[4, 1, 0, 3, 1, 2, 3, 2, 4, 2, 3, 0, 1, 1, 2, 2, 3, 1, 1, 2, 2, 2, 2, 0, 1, 3, 0, 1, 3, 2, 1, 0, 4, 0, 2, 4, 2, 0, 2, 1, 3, 4, 3, 1, 1, 4, 3, 1, 3, 1, 3, 2, 2, 1, 1, 0, 1, 2, 3, 2, 1, 1, 2, 2, 4, 3, 4, 1, 3, 3, 1, 2, 2, 1, 1, 2, 3, 3, 3, 3, 2, 2, 0, 1, 1, 0, 2, 1, 2, 2, 1, 0, 1, 0, 1, 3, 3, 1, 3, 1]|[0, 0, 2, 1, 1, 1, 2, 0, 0, 3, 1, 2, 0, 2, 2, 0, 1, 2, 0, 0, 3, 0, 1, 1, 0, 0, 0, 2, 0, 2, 1, 0, 1, 1, 0, 0, 2, 0, 2, 1, 3, 1, 2, 1, 2, 1, 0, 1, 2, 2, 1, 0, 1, 2, 0, 2, 0, 2, 2, 0, 2, 1, 0, 0, 0, 2, 1, 2, 1, 0, 0, 1, 0, 0, 1, 0, 2, 1, 1, 1, 2, 0, 3, 2, 2, 1, 0, 0, 0, 0, 2, 2, 1, 3, 2, 0, 1, 0, 0, 2],1113.219979065953;117997.756807481650;323097.116712718300,false,0
98,2,36976,G3_TWC,[63, 30, 89, 27, 96, 75, 26, 76, 58, 1, 12, 18, 78, 16, 80, 84, 49, 11, 85, 15, 83, 47, 0, 14, 64, 25, 66, 65, 81, 44, 29, 82, 13, 4, 86, 7, 54, 52, 56, 21, 32, 48, 38, 74, 39, 33, 60, 71, 69, 31, 90, 3, 34, 99, 43, 67, 35, 53, 20, 10, 87, 22, 91, 41, 19, 79, 57, 61, 70, 88, 45, 37, 51, 94, 2, 59, 55, 28, 62, 36, 92, 23, 42, 9, 73, 8, 6, 93, 5, 17, 24, 77, 46, 98, 95, 50, 97, 72, 68, 40]|[2, 0, 1, 2, 1, 0, 0, 0, 2, 2, 1, 1, 0, 2, 2, 1, 2, 2, 1, 1, 2, 0, 1, 0, 2, 2, 1, 1, 1, 2, 2, 2, 2, 1, 1, 2, 1, 2, 1, 1, 2, 2, 2, 0, 2, 2, 1, 1, 1, 2, 1, 1, 1, 2, 1, 1, 1, 1, 2, 1, 2, 1, 1, 0, 2, 1, 2, 1, 2, 1, 0, 1, 1, 2, 1, 2, 2, 2, 1, 1, 1, 1, 2, 1, 1, 2, 0, 1, 0, 1, 2, 2, 2, 1, 2, 1, 2, 0, 2, 1]|[4, 2, 0, 3, 1, 2, 1, 2, 4, 2, 3, 0, 1, 1, 2, 2, 3, 1, 1, 2, 2, 2, 2, 0, 1, 3, 0, 1, 3, 2, 1, 0, 4, 0, 3, 1, 2, 0, 2, 1, 3, 4, 3, 1, 1, 4, 3, 1, 3, 1, 3, 2, 2, 1, 1, 0, 1, 2, 4, 2, 1, 1, 1, 2, 4, 3, 4, 2, 3, 3, 1, 2, 2, 1, 1, 0, 3, 3, 3, 3, 2, 2, 0, 1, 3, 0, 2, 1, 2, 1, 1, 1, 1, 2, 1, 1, 3, 2, 3, 1]|[0, 1, 2, 1, 1, 1, 1, 0, 0, 3, 1, 2, 0, 2, 2, 0, 1, 2, 0, 0, 3, 0, 1, 1, 0, 0, 0, 2, 0, 2, 1, 0, 1, 1, 0, 0, 0, 0, 2, 1, 3, 1, 2, 1, 2, 1, 0, 1, 2, 2, 1, 0, 1, 2, 0, 2, 0, 2, 0, 0, 2, 1, 0, 0, 0, 2, 1, 2, 1, 0, 1, 1, 0, 0, 1, 2, 2, 1, 1, 1, 2, 0, 3, 2, 1, 1, 0, 0, 0, 1, 2, 2, 1, 0, 2, 0, 0, 0, 0, 2],987.800342502477;120001.510798467240;325366.778438784400,false,0
99,2,37076,G1_CMAX,[63, 30, 89, 27, 96, 75, 26, 76, 58, 1, 12, 18, 78, 16, 80, 84, 49, 11, 85, 15, 83, 47, 0, 14, 64, 25, 66, 65, 81, 44, 29, 82, 13, 4, 86, 7, 54, 52, 56, 21, 32, 48, 38, 74, 39, 33, 60, 71, 69, 31, 90, 3, 34, 99, 43, 67, 35, 53, 20, 10, 87, 22, 91, 41, 19, 79, 57, 61, 70, 88, 45, 37, 51, 94, 2, 59, 55, 28, 62, 36, 92, 23, 42, 9, 73, 8, 6, 93, 5, 17, 24, 98, 77, 95, 40, 50, 97, 46, 72, 68]|[2, 0, 1, 2, 1, 0, 0, 0, 2, 2, 1, 1, 0, 2, 2, 1, 2, 2, 1, 1, 2, 0, 1, 0, 2, 1, 1, 1, 1, 2, 2, 2, 2, 1, 0, 2, 1, 2, 1, 1, 2, 2, 2, 0, 2, 2, 1, 1, 1, 2, 1, 1, 1, 2, 1, 1, 1, 1, 2, 1, 2, 1, 1, 0, 2, 1, 2, 1, 1, 1, 0, 1, 1, 2, 1, 2, 2, 2, 2, 1, 1, 1, 2, 1, 2, 2, 0, 1, 1, 1, 2, 1, 2, 2, 1, 1, 2, 2, 0, 2]|[4, 2, 0, 3, 1, 2, 1, 2, 4, 2, 3, 0, 1, 1, 2, 2, 3, 1, 1, 2, 2, 2, 2, 0, 1, 1, 0, 1, 3, 2, 1, 0, 4, 0, 2, 1, 2, 0, 2, 1, 3, 4, 3, 1, 1, 4, 3, 1, 3, 1, 3, 2, 2, 1, 1, 0, 1, 2, 4, 2, 1, 1, 2, 2, 4, 3, 4, 1, 3, 3, 1, 2, 2, 4, 1, 0, 3, 3, 1, 3, 2, 2, 0, 1, 1, 0, 2, 1, 1, 2, 1, 3, 1, 0, 1, 1, 1, 1, 2, 3]|[0, 1, 2, 1, 1, 1, 1, 0, 0, 3, 1, 2, 0, 2, 2, 0, 1, 2, 0, 0, 3, 0, 1, 1, 0, 2, 0, 2, 0, 2, 1, 0, 1, 1, 0, 0, 0, 0, 2, 1, 3, 1, 2, 1, 2, 1, 0, 1, 2, 2, 1, 0, 1, 2, 0, 2, 0, 2, 0, 0, 2, 1, 0, 0, 0, 2, 1, 2, 0, 0, 1, 1, 0, 1, 1, 2, 2, 1, 2, 1, 2, 0, 3, 2, 0, 1, 0, 0, 0, 0, 2, 1, 2, 3, 2, 0, 2, 1, 0, 0],1012.112145285538;120316.352876600660;322046.288410490840,false,0
99,2,37076,G4_BALANCED,[63, 30, 89, 27, 96, 38, 26, 22, 58, 1, 12, 18, 78, 16, 80, 84, 49, 11, 85, 15, 83, 0, 14, 64, 25, 66, 65, 81, 44, 29, 82, 13, 4, 86, 7, 54, 52, 56, 21, 32, 48, 75, 74, 39, 33, 60, 71, 69, 31, 90, 35, 37, 99, 24, 67, 53, 43, 20, 10, 87, 76, 91, 47, 41, 19, 79, 57, 61, 70, 45, 34, 51, 36, 94, 2, 97, 55, 28, 62, 88, 92, 23, 42, 8, 50, 9, 6, 93, 5, 72, 3, 95, 59, 46, 17, 68, 98, 73, 40, 77]|[2, 0, 1, 0, 0, 2, 0, 0, 2, 2, 1, 1, 0, 0, 2, 1, 1, 2, 1, 0, 2, 0, 0, 0, 1, 1, 0, 1, 1, 2, 2, 2, 2, 0, 0, 1, 0, 1, 2, 2, 1, 1, 2, 0, 2, 1, 1, 1, 2, 0, 1, 1, 2, 2, 1, 2, 1, 2, 1, 2, 2, 0, 0, 0, 2, 1, 0, 0, 1, 2, 0, 0, 2, 2, 1, 2, 1, 1, 1, 0, 1, 2, 2, 0, 1, 0, 0, 1, 1, 0, 2, 2, 2, 2, 0, 1, 2, 1, 1, 2]|[4, 2, 0, 0, 2, 2, 1, 2, 4, 2, 3, 0, 1, 0, 4, 2, 1, 1, 1, 2, 2, 1, 0, 2, 1, 0, 0, 3, 3, 4, 0, 3, 4, 2, 2, 2, 2, 2, 0, 3, 0, 0, 2, 1, 4, 3, 0, 1, 0, 1, 2, 1, 1, 1, 1, 1, 2, 1, 1, 1, 1, 2, 1, 2, 4, 3, 2, 0, 0, 3, 1, 0, 4, 4, 1, 1, 0, 2, 0, 1, 2, 3, 0, 0, 1, 0, 1, 1, 1, 2, 2, 0, 0, 1, 1, 2, 1, 1, 1, 0]|[0, 0, 0, 0, 1, 3, 1, 0, 0, 3, 1, 2, 0, 0, 0, 0, 0, 2, 0, 0, 3, 1, 1, 0, 2, 0, 1, 0, 0, 1, 0, 3, 1, 0, 1, 2, 1, 2, 1, 3, 1, 1, 1, 1, 0, 0, 1, 1, 0, 1, 2, 1, 2, 2, 0, 2, 2, 2, 0, 2, 2, 0, 1, 0, 0, 2, 0, 1, 1, 1, 1, 1, 2, 1, 1, 2, 2, 0, 1, 0, 2, 1, 3, 0, 0, 1, 0, 0, 0, 0, 2, 3, 2, 1, 1, 0, 2, 2, 2, 1],837.730167028363;128700.664650689530;345300.310566016940,false,0
99,2,37076,G2_TEC,[63, 30, 89, 27, 96, 75, 26, 76, 58, 1, 12, 18, 78, 16, 80, 84, 49, 11, 85, 15, 83, 47, 0, 14, 64, 25, 66, 65, 81, 44, 29, 82, 13, 4, 86, 7, 54, 52, 56, 21, 32, 48, 38, 74, 39, 33, 60, 71, 69, 31, 90, 3, 34, 99, 43, 67, 35, 53, 20, 10, 87, 22, 91, 41, 19, 79, 57, 61, 70, 88, 45, 37, 51, 94, 2, 59, 55, 28, 62, 36, 92, 23, 42, 9, 73, 8, 6, 93, 5, 17, 24, 98, 46, 95, 77, 40, 50, 97, 72, 68]|[2, 1, 1, 2, 1, 0, 1, 0, 2, 2, 1, 1, 0, 2, 2, 1, 2, 2, 1, 1, 2, 0, 1, 0, 2, 1, 1, 1, 1, 2, 2, 2, 1, 1, 1, 2, 1, 2, 1, 1, 2, 2, 2, 0, 2, 2, 1, 1, 1, 2, 1, 1, 1, 2, 1, 1, 1, 1, 1, 1, 2, 1, 1, 0, 2, 1, 2, 1, 2, 1, 0, 1, 1, 2, 1, 2, 2, 2, 1, 1, 1, 1, 2, 1, 1, 2, 0, 1, 0, 1, 2, 2, 2, 2, 1, 1, 1, 2, 1, 2]|[4, 1, 0, 3, 1, 2, 3, 2, 4, 2, 3, 0, 1, 1, 2, 2, 3, 1, 1, 2, 2, 2, 2, 0, 1, 1, 0, 1, 3, 2, 1, 0, 1, 0, 3, 1, 2, 0, 2, 1, 3, 4, 3, 1, 1, 4, 3, 1, 3, 1, 3, 2, 2, 1, 1, 0, 1, 1, 3, 2, 1, 1, 1, 2, 4, 3, 4, 2, 3, 3, 1, 2, 2, 4, 1, 0, 3, 3, 3, 3, 2, 2, 0, 1, 3, 0, 2, 1, 2, 2, 1, 1, 1, 0, 2, 1, 1, 3, 3, 3]|[0, 0, 2, 1, 1, 1, 2, 0, 0, 3, 1, 2, 0, 2, 2, 0, 1, 2, 0, 0, 3, 0, 1, 1, 0, 2, 0, 2, 0, 2, 1, 0, 1, 1, 0, 0, 0, 0, 2, 1, 3, 1, 2, 1, 2, 1, 0, 1, 2, 2, 1, 0, 1, 2, 0, 2, 0, 1, 2, 0, 2, 1, 0, 0, 0, 2, 1, 2, 1, 0, 1, 1, 0, 1, 1, 2, 2, 1, 1, 1, 2, 0, 3, 2, 1, 1, 0, 0, 0, 0, 2, 2, 1, 3, 0, 2, 0, 0, 1, 0],1154.001582502700;118128.811308012340;315405.419187756500,false,0
99,2,37076,G3_TWC,[63, 30, 89, 27, 96, 75, 26, 76, 58, 1, 12, 18, 78, 16, 80, 84, 49, 11, 85, 15, 83, 47, 0, 14, 64, 25, 66, 65, 81, 44, 29, 82, 13, 4, 86, 7, 54, 52, 56, 21, 32, 48, 38, 74, 39, 33, 60, 71, 69, 31, 90, 3, 34, 99, 43, 67, 35, 53, 20, 10, 87, 22, 91, 41, 19, 79, 57, 61, 70, 88, 45, 37, 51, 94, 2, 59, 55, 28, 62, 36, 92, 23, 42, 9, 73, 8, 6, 93, 5, 17, 24, 77, 46, 98, 95, 50, 97, 72, 68, 40]|[2, 0, 1, 2, 1, 0, 0, 0, 2, 2, 1, 1, 0, 2, 2, 1, 2, 2, 1, 1, 2, 0, 1, 0, 2, 2, 1, 1, 1, 2, 2, 2, 2, 1, 1, 2, 1, 2, 1, 1, 2, 2, 2, 0, 2, 2, 1, 1, 1, 2, 1, 1, 1, 2, 1, 1, 1, 1, 2, 1, 2, 1, 1, 0, 2, 1, 2, 1, 2, 1, 0, 1, 1, 2, 1, 2, 2, 2, 1, 1, 1, 1, 2, 1, 1, 2, 0, 1, 0, 1, 2, 2, 2, 1, 2, 1, 2, 0, 2, 1]|[4, 2, 0, 3, 1, 2, 1, 2, 4, 2, 3, 0, 1, 1, 2, 2, 3, 1, 1, 2, 2, 2, 2, 0, 1, 3, 0, 1, 3, 2, 1, 0, 4, 0, 3, 1, 2, 0, 2, 1, 3, 4, 3, 1, 1, 4, 3, 1, 3, 1, 3, 2, 2, 1, 1, 0, 1, 2, 4, 2, 1, 1, 1, 2, 4, 3, 4, 2, 3, 3, 1, 2, 2, 1, 1, 0, 3, 3, 3, 3, 2, 2, 0, 1, 3, 0, 2, 1, 2, 1, 1, 1, 1, 2, 1, 1, 3, 2, 3, 1]|[0, 1, 2, 1, 1, 1, 1, 0, 0, 3, 1, 2, 0, 2, 2, 0, 1, 2, 0, 0, 3, 0, 1, 1, 0, 0, 0, 2, 0, 2, 1, 0, 1, 1, 0, 0, 0, 0, 2, 1, 3, 1, 2, 1, 2, 1, 0, 1, 2, 2, 1, 0, 1, 2, 0, 2, 0, 2, 0, 0, 2, 1, 0, 0, 0, 2, 1, 2, 1, 0, 1, 1, 0, 0, 1, 2, 2, 1, 1, 1, 2, 0, 3, 2, 1, 1, 0, 0, 0, 1, 2, 2, 1, 0, 2, 0, 0, 0, 0, 2],987.800342502477;120001.510798467240;325366.778438784400,false,0
100,2,37176,G1_CMAX,[63, 30, 89, 27, 96, 38, 26, 22, 58, 1, 12, 18, 78, 16, 80, 84, 49, 11, 85, 15, 83, 0, 14, 64, 25, 66, 65, 81, 44, 29, 82, 13, 4, 86, 7, 54, 52, 56, 21, 32, 48, 75, 74, 39, 33, 60, 71, 69, 31, 90, 35, 37, 99, 24, 67, 53, 43, 20, 10, 87, 76, 91, 41, 19, 79, 57, 61, 70, 88, 45, 34, 51, 47, 94, 2, 97, 55, 28, 62, 36, 92, 23, 42, 8, 50, 9, 6, 68, 93, 5, 72, 17, 73, 40, 46, 98, 3, 77, 95, 59]|[2, 0, 0, 0, 0, 2, 0, 0, 2, 2, 2, 1, 0, 0, 2, 1, 1, 2, 1, 0, 2, 0, 0, 0, 1, 1, 1, 1, 2, 2, 2, 2, 0, 0, 0, 1, 0, 1, 2, 2, 1, 2, 2, 0, 2, 1, 1, 1, 2, 0, 1, 1, 2, 1, 1, 2, 1, 0, 1, 2, 0, 1, 0, 2, 1, 0, 0, 1, 0, 2, 1, 0, 0, 2, 1, 2, 1, 1, 1, 2, 1, 2, 2, 0, 1, 0, 0, 1, 0, 1, 0, 0, 1, 2, 2, 1, 2, 2, 2, 2]|[4, 2, 0, 0, 2, 2, 1, 2, 4, 2, 2, 0, 1, 0, 4, 2, 1, 1, 1, 2, 2, 1, 0, 2, 1, 0, 1, 3, 2, 4, 0, 3, 0, 2, 2, 2, 2, 2, 0, 3, 0, 4, 2, 1, 4, 0, 1, 1, 0, 2, 2, 1, 1, 3, 0, 1, 1, 0, 1, 1, 2, 2, 2, 4, 3, 2, 0, 0, 1, 3, 1, 0, 1, 4, 1, 1, 0, 2, 0, 4, 2, 3, 0, 0, 1, 0, 1, 2, 2, 1, 0, 1, 1, 0, 1, 2, 2, 0, 0, 0]|[0, 0, 1, 0, 1, 3, 1, 0, 0, 3, 3, 2, 0, 0, 0, 0, 0, 2, 0, 0, 3, 1, 1, 0, 2, 0, 0, 0, 2, 1, 0, 3, 1, 0, 1, 2, 1, 2, 1, 3, 1, 3, 1, 1, 0, 1, 0, 1, 0, 1, 2, 1, 2, 0, 2, 2, 0, 0, 0, 2, 0, 0, 0, 0, 2, 0, 1, 1, 0, 1, 0, 1, 1, 1, 1, 2, 2, 0, 1, 2, 2, 1, 3, 0, 0, 1, 0, 0, 0, 0, 0, 1, 2, 3, 1, 0, 2, 1, 3, 2],797.540291221851;129008.676280931000;358250.977860813500,false,0
100,2,37176,G4_BALANCED,[63, 30, 27, 96, 75, 26, 76, 19, 48, 66, 53, 16, 80, 49, 11, 0, 6, 93, 5, 68, 97, 47, 83, 89, 15, 57, 61, 36, 81, 40, 46, 72, 77, 88, 24, 51, 94, 59, 55, 28, 62, 98, 23, 67, 71, 44, 29, 82, 13, 4, 86, 7, 92, 87, 20, 2, 35, 9, 43, 99, 34, 3, 90, 69, 60, 33, 39, 74, 38, 1, 32, 21, 73, 52, 54, 22, 91, 41, 58, 85, 50, 37, 42, 56, 25, 12, 14, 78, 8, 84, 65, 70, 79, 18, 45, 64, 10, 31, 17, 95]|[2, 0, 2, 0, 0, 0, 0, 2, 2, 1, 1, 2, 2, 0, 2, 1, 0, 1, 0, 2, 1, 0, 2, 1, 1, 2, 1, 1, 1, 0, 2, 0, 2, 1, 1, 0, 2, 2, 2, 2, 2, 1, 1, 1, 1, 2, 2, 2, 2, 0, 0, 0, 1, 1, 0, 1, 1, 1, 0, 2, 1, 2, 0, 0, 0, 2, 2, 0, 2, 2, 2, 2, 1, 2, 1, 0, 0, 0, 2, 1, 1, 1, 2, 1, 2, 1, 0, 1, 1, 1, 1, 2, 1, 1, 2, 1, 1, 1, 0, 2]|[4, 2, 3, 2, 2, 1, 2, 4, 4, 2, 1, 1, 0, 0, 1, 2, 1, 1, 2, 1, 1, 2, 2, 1, 2, 4, 1, 1, 1, 1, 1, 0, 0, 1, 2, 0, 4, 0, 3, 3, 1, 2, 2, 1, 1, 2, 1, 0, 4, 0, 2, 2, 2, 1, 0, 1, 1, 2, 2, 1, 1, 3, 2, 1, 0, 4, 1, 1, 3, 4, 3, 0, 1, 0, 2, 2, 0, 2, 4, 1, 1, 1, 0, 2, 3, 1, 0, 2, 1, 1, 1, 3, 3, 1, 3, 1, 2, 3, 1, 0]|[0, 1, 1, 1, 1, 1, 0, 0, 1, 0, 1, 2, 0, 0, 2, 0, 0, 2, 0, 2, 0, 0, 3, 0, 0, 1, 2, 1, 0, 1, 1, 0, 1, 0, 0, 1, 1, 2, 2, 1, 2, 0, 0, 2, 1, 2, 1, 0, 1, 1, 0, 1, 2, 1, 0, 1, 0, 0, 0, 2, 1, 3, 1, 0, 0, 0, 2, 1, 2, 1, 3, 1, 0, 0, 2, 0, 0, 0, 0, 0, 0, 1, 3, 2, 0, 2, 1, 0, 0, 0, 0, 1, 2, 1, 1, 1, 0, 2, 1, 3],877.969799970251;124452.557019605620;365330.739130774800,false,0
100,2,37176,G2_TEC,[63, 30, 89, 27, 96, 75, 26, 76, 58, 1, 12, 18, 78, 16, 80, 84, 49, 11, 85, 15, 83, 47, 0, 14, 64, 25, 66, 65, 81, 44, 29, 82, 13, 4, 86, 7, 54, 52, 56, 21, 32, 48, 38, 74, 39, 33, 60, 71, 69, 31, 90, 3, 34, 99, 43, 67, 35, 53, 20, 10, 87, 22, 91, 41, 19, 79, 57, 61, 70, 88, 45, 37, 51, 94, 2, 59, 55, 28, 62, 36, 92, 23, 42, 9, 73, 8, 6, 93, 5, 17, 24, 77, 98, 46, 95, 97, 50, 40, 72, 68]|[2, 0, 1, 2, 1, 0, 1, 0, 2, 2, 1, 1, 0, 2, 2, 1, 1, 2, 1, 1, 2, 0, 1, 0, 2, 1, 1, 0, 1, 2, 2, 2, 2, 1, 0, 2, 1, 2, 1, 1, 2, 2, 2, 0, 2, 2, 1, 1, 0, 2, 1, 1, 0, 2, 1, 1, 1, 1, 2, 1, 2, 1, 1, 0, 2, 1, 2, 1, 1, 1, 0, 1, 1, 2, 1, 2, 2, 2, 1, 1, 1, 1, 2, 1, 1, 2, 0, 1, 0, 1, 1, 1, 1, 2, 2, 2, 1, 1, 0, 2]|[4, 2, 0, 3, 1, 2, 3, 2, 4, 2, 3, 0, 1, 1, 2, 2, 1, 1, 1, 2, 2, 2, 2, 0, 1, 1, 0, 0, 3, 2, 1, 0, 4, 0, 2, 1, 2, 0, 2, 1, 3, 4, 3, 1, 1, 4, 3, 1, 1, 1, 3, 2, 1, 1, 1, 0, 1, 2, 4, 2, 1, 1, 2, 2, 4, 3, 4, 1, 3, 3, 1, 2, 2, 4, 1, 0, 3, 3, 3, 3, 2, 2, 0, 1, 3, 0, 2, 1, 2, 1, 3, 1, 2, 1, 3, 1, 1, 1, 2, 3]|[0, 1, 2, 1, 1, 1, 2, 0, 0, 3, 1, 2, 0, 2, 2, 0, 0, 2, 0, 0, 3, 0, 1, 1, 0, 2, 0, 1, 0, 2, 1, 0, 1, 1, 0, 0, 2, 0, 2, 1, 3, 1, 2, 1, 2, 1, 0, 1, 0, 2, 1, 0, 1, 2, 0, 2, 0, 2, 0, 0, 2, 1, 0, 0, 0, 2, 1, 2, 0, 2, 1, 0, 0, 1, 1, 2, 2, 1, 1, 1, 2, 0, 3, 2, 1, 1, 0, 0, 0, 1, 0, 2, 0, 1, 0, 2, 0, 0, 0, 0],1001.282307878271;121070.005923780790;323659.619334175370,false,0
100,2,37176,G3_TWC,[63, 30, 89, 27, 96, 75, 26, 76, 58, 1, 12, 18, 78, 16, 80, 84, 49, 11, 85, 15, 83, 47, 0, 14, 64, 25, 66, 65, 81, 44, 29, 82, 13, 4, 86, 7, 54, 52, 56, 21, 32, 48, 38, 74, 39, 33, 60, 71, 69, 31, 90, 3, 34, 99, 43, 67, 35, 53, 20, 10, 87, 22, 91, 41, 19, 79, 57, 61, 70, 88, 45, 37, 51, 94, 2, 59, 55, 28, 62, 36, 92, 23, 42, 9, 73, 8, 6, 93, 5, 17, 24, 77, 46, 98, 95, 50, 97, 72, 68, 40]|[2, 0, 1, 2, 1, 0, 0, 0, 2, 2, 1, 1, 0, 2, 2, 1, 2, 2, 1, 1, 2, 0, 1, 0, 2, 2, 1, 1, 1, 2, 2, 2, 2, 1, 1, 2, 1, 2, 1, 1, 2, 2, 2, 0, 2, 2, 1, 1, 1, 2, 1, 1, 1, 2, 1, 1, 1, 1, 2, 1, 2, 1, 1, 0, 2, 1, 2, 1, 2, 1, 0, 1, 1, 2, 1, 2, 2, 2, 1, 1, 1, 1, 2, 1, 1, 2, 0, 1, 0, 1, 2, 2, 2, 1, 2, 1, 2, 0, 2, 1]|[4, 2, 0, 3, 1, 2, 1, 2, 4, 2, 3, 0, 1, 1, 2, 2, 3, 1, 1, 2, 2, 2, 2, 0, 1, 3, 0, 1, 3, 2, 1, 0, 4, 0, 3, 1, 2, 0, 2, 1, 3, 4, 3, 1, 1, 4, 3, 1, 3, 1, 3, 2, 2, 1, 1, 0, 1, 2, 4, 2, 1, 1, 1, 2, 4, 3, 4, 2, 3, 3, 1, 2, 2, 1, 1, 0, 3, 3, 3, 3, 2, 2, 0, 1, 3, 0, 2, 1, 2, 1, 1, 1, 1, 2, 1, 1, 3, 2, 3, 1]|[0, 1, 2, 1, 1, 1, 1, 0, 0, 3, 1, 2, 0, 2, 2, 0, 1, 2, 0, 0, 3, 0, 1, 1, 0, 0, 0, 2, 0, 2, 1, 0, 1, 1, 0, 0, 0, 0, 2, 1, 3, 1, 2, 1, 2, 1, 0, 1, 2, 2, 1, 0, 1, 2, 0, 2, 0, 2, 0, 0, 2, 1, 0, 0, 0, 2, 1, 2, 1, 0, 1, 1, 0, 0, 1, 2, 2, 1, 1, 1, 2, 0, 3, 2, 1, 1, 0, 0, 0, 1, 2, 2, 1, 0, 2, 0, 0, 0, 0, 2],987.800342502477;120001.510798467240;325366.778438784400,false,0
