semanticTag=published_baseline
seed=20260808
evaluations=2000
input=ESWA_FIG3_GOLDEN
nonDominatedCount=70
JS=[0, 2, 1, 5, 3, 8, 9, 7, 6, 4]|FA=[0, 0, 0, 1, 0, 0, 0, 0, 1, 1]|MA=[1, 0, 1, 1, 0, 2, 2, 2, 1, 1]|WA=[0, 0, 1, 1, 1, 0, 0, 0, 1, 1]|61.186868686868685,2033.6734006734005,2510.7575757575755
JS=[0, 2, 1, 9, 4, 3, 7, 5, 6, 8]|FA=[0, 0, 0, 0, 0, 0, 0, 0, 1, 1]|MA=[1, 2, 1, 2, 2, 0, 2, 2, 1, 1]|WA=[0, 0, 0, 0, 0, 1, 0, 0, 1, 1]|77.91145722963905,2072.080360716724,2482.0862470862467
JS=[0, 2, 3, 1, 7, 5, 6, 4, 9, 8]|FA=[0, 1, 0, 0, 1, 0, 0, 0, 1, 1]|MA=[1, 0, 0, 1, 1, 0, 2, 2, 1, 1]|WA=[0, 1, 1, 0, 1, 0, 0, 0, 0, 1]|63.74955852228579,1955.8732429186978,2555.5594405594406
JS=[0, 2, 3, 4, 1, 7, 8, 5, 9, 6]|FA=[0, 0, 0, 0, 0, 1, 0, 0, 0, 1]|MA=[1, 2, 2, 2, 1, 1, 0, 2, 2, 1]|WA=[0, 0, 0, 0, 1, 1, 1, 1, 0, 1]|67.13675213675214,2106.3186998186998,2468.0186480186476
JS=[0, 2, 3, 4, 5, 8, 6, 7, 9, 1]|FA=[0, 0, 1, 1, 0, 0, 0, 0, 0, 1]|MA=[1, 2, 0, 0, 2, 1, 2, 2, 2, 1]|WA=[0, 0, 1, 0, 0, 0, 1, 0, 0, 1]|65.82167832167832,2082.2143227143224,2481.981351981352
JS=[0, 2, 3, 4, 5, 8, 6, 7, 9, 1]|FA=[0, 0, 1, 1, 0, 0, 0, 0, 0, 1]|MA=[1, 2, 0, 0, 2, 1, 2, 2, 2, 1]|WA=[0, 1, 1, 0, 0, 0, 0, 0, 0, 1]|69.15811965811966,2094.473911610275,2481.9813519813515
JS=[0, 2, 3, 4, 5, 8, 9, 7, 6, 1]|FA=[0, 0, 1, 1, 0, 0, 0, 0, 0, 1]|MA=[1, 2, 0, 0, 1, 1, 1, 1, 2, 1]|WA=[0, 1, 1, 0, 0, 0, 0, 0, 0, 1]|73.70179063360882,2045.0990440535893,2506.3986013986014
JS=[0, 2, 3, 4, 7, 1, 5, 9, 8, 6]|FA=[0, 0, 0, 0, 1, 0, 0, 0, 0, 1]|MA=[1, 2, 0, 0, 1, 1, 2, 2, 2, 1]|WA=[0, 0, 0, 0, 1, 1, 1, 1, 0, 1]|65.62160062160062,2102.061901061901,2476.456876456876
JS=[0, 2, 3, 5, 1, 7, 4, 9, 8, 6]|FA=[0, 0, 0, 0, 0, 1, 0, 0, 0, 1]|MA=[1, 2, 2, 2, 1, 1, 0, 2, 2, 1]|WA=[0, 0, 0, 1, 1, 1, 0, 1, 0, 1]|70.9110334110334,2154.5009065009067,2458.7179487179487
JS=[0, 2, 3, 5, 4, 1, 6, 9, 8, 7]|FA=[0, 1, 0, 0, 1, 0, 0, 0, 1, 1]|MA=[1, 0, 0, 0, 1, 1, 1, 2, 1, 1]|WA=[0, 0, 0, 0, 1, 0, 1, 0, 0, 1]|53.838560429469524,1956.2000070636436,2571.6550116550115
JS=[0, 2, 3, 5, 7, 6, 8, 4, 9, 1]|FA=[1, 1, 0, 0, 1, 0, 0, 0, 1, 1]|MA=[0, 0, 0, 1, 1, 1, 2, 1, 1, 1]|WA=[1, 1, 0, 0, 1, 0, 0, 1, 0, 1]|58.56060606060607,1970.186962868781,2552.773892773893
JS=[0, 2, 3, 5, 7, 6, 8, 4, 9, 1]|FA=[1, 1, 0, 1, 0, 0, 0, 0, 1, 1]|MA=[0, 0, 0, 1, 1, 1, 2, 1, 1, 1]|WA=[1, 1, 0, 1, 1, 0, 0, 1, 0, 1]|54.01515151515153,2000.6552824280097,2545.9557109557113
JS=[0, 2, 3, 7, 9, 5, 6, 4, 8, 1]|FA=[0, 1, 0, 0, 0, 0, 0, 1, 0, 1]|MA=[1, 1, 2, 1, 1, 1, 1, 0, 1, 1]|WA=[0, 0, 0, 0, 0, 0, 0, 0, 0, 1]|75.58404558404558,2013.7213039485766,2508.1701631701635
JS=[0, 2, 5, 4, 1, 6, 3, 9, 8, 7]|FA=[1, 1, 0, 0, 0, 0, 0, 0, 1, 1]|MA=[1, 0, 1, 2, 1, 2, 2, 0, 1, 1]|WA=[0, 0, 0, 1, 0, 1, 0, 1, 0, 1]|52.03703703703704,2055.4296461114645,2534.032634032634
JS=[0, 2, 5, 4, 3, 6, 8, 1, 9, 7]|FA=[1, 1, 0, 0, 1, 0, 0, 0, 1, 1]|MA=[0, 0, 0, 1, 1, 1, 2, 1, 1, 1]|WA=[1, 1, 0, 0, 1, 0, 0, 1, 0, 1]|57.82407407407406,1993.771444044171,2543.682983682984
JS=[0, 2, 5, 4, 9, 1, 7, 3, 6, 8]|FA=[0, 0, 0, 0, 0, 0, 0, 0, 1, 1]|MA=[1, 2, 2, 1, 1, 2, 2, 0, 1, 1]|WA=[0, 0, 0, 0, 0, 1, 0, 0, 0, 1]|72.76709401709402,2101.8716123943395,2470.37296037296
JS=[0, 2, 6, 3, 8, 4, 1, 5, 7, 9]|FA=[0, 0, 1, 1, 1, 1, 0, 1, 1, 0]|MA=[0, 1, 0, 0, 0, 1, 0, 0, 1, 0]|WA=[1, 1, 1, 1, 1, 0, 0, 1, 1, 0]|68.93939393939395,1881.3774869911235,2670.4040404040406
JS=[0, 2, 6, 4, 5, 1, 8, 9, 3, 7]|FA=[0, 0, 1, 1, 1, 1, 0, 0, 0, 1]|MA=[2, 2, 1, 1, 1, 0, 0, 1, 1, 1]|WA=[0, 0, 1, 1, 1, 1, 0, 1, 0, 0]|55.20661157024793,1941.8229792093427,2570.745920745921
JS=[0, 2, 6, 4, 9, 5, 3, 1, 7, 8]|FA=[0, 1, 0, 1, 0, 0, 0, 1, 0, 1]|MA=[1, 0, 1, 1, 1, 1, 1, 1, 2, 1]|WA=[0, 1, 1, 0, 1, 0, 0, 1, 0, 1]|61.891414141414145,1996.6362929999293,2535.41958041958
JS=[0, 2, 6, 4, 9, 5, 7, 1, 3, 8]|FA=[0, 0, 1, 1, 0, 0, 1, 1, 0, 1]|MA=[2, 2, 0, 0, 1, 1, 1, 1, 0, 1]|WA=[0, 0, 1, 0, 0, 0, 0, 1, 0, 1]|75.20661157024794,1917.306220715312,2583.170163170163
JS=[0, 2, 6, 5, 4, 1, 9, 8, 3, 7]|FA=[0, 0, 0, 1, 0, 1, 0, 1, 1, 1]|MA=[2, 2, 0, 1, 0, 1, 0, 0, 1, 0]|WA=[0, 0, 1, 1, 1, 1, 0, 0, 0, 1]|47.348484848484844,1930.9032516305244,2609.988344988345
JS=[0, 2, 6, 5, 4, 8, 1, 9, 3, 7]|FA=[0, 0, 1, 0, 1, 1, 0, 0, 1, 1]|MA=[2, 2, 0, 1, 1, 1, 0, 0, 1, 0]|WA=[0, 0, 0, 0, 1, 1, 0, 0, 1, 0]|59.026806526806524,1933.7088837088838,2598.372183372184
JS=[0, 2, 6, 5, 4, 8, 1, 9, 3, 7]|FA=[0, 0, 1, 1, 1, 1, 0, 0, 1, 0]|MA=[2, 2, 0, 0, 1, 1, 0, 0, 1, 0]|WA=[0, 0, 1, 0, 1, 1, 0, 0, 1, 0]|68.26923076923077,1904.5008947281676,2617.0085470085473
JS=[0, 2, 6, 7, 9, 3, 5, 4, 8, 1]|FA=[0, 1, 0, 0, 0, 0, 0, 1, 0, 1]|MA=[1, 1, 2, 1, 1, 1, 1, 0, 1, 1]|WA=[0, 0, 0, 0, 0, 0, 0, 0, 0, 1]|75.37037037037037,2022.9752066115705,2494.2424242424245
JS=[0, 2, 9, 3, 5, 1, 4, 7, 6, 8]|FA=[0, 0, 0, 0, 0, 0, 0, 0, 1, 1]|MA=[2, 2, 1, 1, 2, 2, 1, 2, 1, 1]|WA=[0, 0, 0, 0, 0, 1, 0, 0, 0, 1]|75.25524475524475,2125.9320242047515,2446.6899766899764
JS=[0, 2, 9, 4, 5, 1, 7, 3, 6, 8]|FA=[0, 0, 0, 0, 0, 0, 0, 0, 1, 1]|MA=[2, 2, 1, 1, 2, 2, 2, 1, 1, 1]|WA=[0, 0, 0, 0, 0, 1, 0, 0, 0, 1]|70.98290598290599,2123.536336559064,2448.205128205128
JS=[0, 4, 1, 2, 5, 3, 6, 9, 8, 7]|FA=[1, 1, 0, 1, 0, 0, 1, 1, 1, 1]|MA=[1, 1, 1, 0, 0, 1, 0, 0, 0, 0]|WA=[1, 1, 0, 1, 1, 1, 1, 0, 1, 0]|83.86363636363636,1844.3145087235994,2667.4242424242425
JS=[0, 4, 1, 2, 7, 8, 9, 5, 3, 6]|FA=[1, 1, 1, 1, 1, 0, 1, 1, 1, 0]|MA=[1, 1, 1, 1, 1, 0, 0, 0, 0, 0]|WA=[1, 1, 1, 1, 1, 0, 1, 1, 1, 1]|97.43265993265992,1825.4629629629628,2645.30303030303
JS=[0, 4, 1, 8, 5, 2, 3, 7, 9, 6]|FA=[0, 0, 1, 1, 0, 1, 1, 1, 1, 1]|MA=[2, 2, 1, 0, 2, 1, 0, 1, 1, 0]|WA=[0, 0, 1, 0, 0, 1, 0, 1, 0, 1]|63.484848484848484,1923.614642932825,2592.8088578088577
JS=[0, 4, 1, 9, 8, 2, 5, 3, 7, 6]|FA=[0, 1, 0, 0, 0, 1, 1, 0, 0, 1]|MA=[1, 0, 2, 2, 2, 0, 1, 1, 1, 1]|WA=[0, 1, 0, 1, 0, 1, 1, 0, 0, 1]|66.93589743589743,2050.2045454545455,2495.2331002331
JS=[0, 4, 3, 1, 7, 6, 8, 2, 5, 9]|FA=[1, 0, 1, 1, 0, 1, 1, 0, 0, 1]|MA=[0, 1, 1, 1, 0, 1, 0, 1, 1, 0]|WA=[1, 0, 1, 1, 0, 1, 0, 1, 0, 0]|59.40235690235691,1911.8238445056627,2619.7979797979797
JS=[0, 4, 3, 2, 7, 1, 8, 5, 6, 9]|FA=[0, 0, 1, 1, 0, 1, 1, 0, 0, 1]|MA=[0, 1, 1, 1, 1, 0, 0, 1, 1, 0]|WA=[0, 0, 1, 1, 0, 1, 0, 1, 0, 0]|55.64623507805326,1921.027701254974,2614.393939393939
JS=[0, 4, 3, 2, 7, 8, 9, 5, 1, 6]|FA=[1, 1, 1, 1, 1, 0, 1, 1, 1, 0]|MA=[1, 1, 1, 1, 1, 0, 0, 0, 1, 0]|WA=[1, 1, 1, 1, 1, 0, 1, 1, 1, 0]|91.28787878787878,1800.1010101010102,2673.787878787879
JS=[0, 4, 3, 6, 8, 7, 9, 5, 1, 2]|FA=[1, 1, 1, 1, 0, 1, 1, 1, 1, 0]|MA=[1, 1, 0, 0, 0, 1, 0, 1, 1, 0]|WA=[1, 1, 1, 1, 0, 1, 1, 1, 1, 0]|93.10606060606061,1807.9292929292933,2652.2727272727275
JS=[0, 4, 6, 2, 1, 3, 5, 7, 8, 9]|FA=[1, 1, 1, 1, 0, 1, 1, 1, 1, 0]|MA=[1, 1, 0, 0, 0, 0, 1, 1, 1, 0]|WA=[1, 1, 1, 1, 0, 0, 1, 1, 0, 0]|71.81818181818181,1830.8708295071933,2670.757575757576
JS=[0, 4, 6, 2, 5, 9, 8, 3, 7, 1]|FA=[1, 0, 1, 1, 1, 1, 1, 1, 1, 0]|MA=[1, 2, 1, 0, 1, 0, 0, 0, 0, 0]|WA=[1, 0, 1, 1, 1, 1, 0, 1, 0, 1]|83.03030303030303,1863.3069153069155,2643.7412587412587
JS=[0, 4, 6, 3, 1, 2, 5, 7, 8, 9]|FA=[1, 1, 1, 1, 0, 1, 1, 1, 1, 0]|MA=[1, 1, 0, 0, 0, 0, 1, 1, 1, 0]|WA=[1, 1, 1, 0, 0, 1, 1, 1, 0, 0]|71.81818181818181,1830.8708295071933,2670.757575757576
JS=[0, 4, 6, 3, 8, 1, 5, 2, 7, 9]|FA=[1, 0, 0, 1, 0, 1, 1, 1, 1, 0]|MA=[1, 1, 0, 0, 0, 1, 0, 0, 0, 0]|WA=[1, 1, 1, 0, 0, 0, 1, 1, 1, 0]|54.090909090909086,1890.436435057647,2669.949494949495
JS=[0, 4, 6, 3, 8, 5, 2, 7, 1, 9]|FA=[1, 1, 1, 1, 0, 1, 1, 1, 1, 0]|MA=[1, 1, 0, 0, 0, 0, 1, 1, 1, 0]|WA=[1, 1, 1, 0, 0, 1, 1, 1, 0, 0]|71.51515151515152,1819.8354759718395,2672.121212121212
JS=[0, 4, 6, 3, 8, 7, 5, 2, 1, 9]|FA=[1, 1, 1, 1, 0, 1, 1, 1, 1, 0]|MA=[0, 1, 0, 0, 0, 1, 0, 1, 1, 0]|WA=[1, 1, 1, 0, 0, 0, 1, 1, 1, 0]|75.45454545454545,1810.571625344353,2724.5454545454545
JS=[0, 4, 6, 3, 8, 7, 9, 1, 5, 2]|FA=[1, 1, 1, 1, 0, 1, 1, 1, 1, 0]|MA=[1, 1, 0, 0, 0, 0, 1, 1, 1, 0]|WA=[1, 1, 1, 0, 0, 1, 1, 1, 1, 0]|90.42929292929294,1848.2491582491577,2631.8181818181824
JS=[0, 4, 6, 3, 8, 7, 9, 5, 1, 2]|FA=[1, 1, 1, 1, 0, 1, 1, 1, 1, 0]|MA=[0, 1, 0, 0, 0, 1, 0, 1, 1, 0]|WA=[1, 1, 1, 0, 0, 1, 1, 1, 1, 0]|85.53030303030302,1817.0833333333335,2708.0303030303035
JS=[0, 4, 6, 3, 9, 5, 8, 7, 2, 1]|FA=[0, 0, 1, 1, 1, 1, 1, 1, 1, 1]|MA=[2, 0, 0, 0, 0, 1, 0, 0, 0, 0]|WA=[0, 0, 1, 0, 1, 1, 1, 1, 1, 0]|99.6969696969697,1784.0527065527065,2713.5392385392383
JS=[0, 4, 7, 1, 3, 2, 9, 5, 8, 6]|FA=[0, 0, 1, 0, 0, 0, 0, 0, 1, 1]|MA=[1, 1, 0, 2, 0, 2, 0, 2, 1, 1]|WA=[1, 0, 0, 0, 0, 0, 1, 0, 1, 1]|61.0695768877587,2041.160533069624,2516.7715617715617
JS=[0, 7, 1, 2, 4, 8, 9, 5, 3, 6]|FA=[1, 1, 1, 1, 1, 0, 1, 1, 1, 0]|MA=[1, 1, 1, 1, 1, 0, 1, 0, 1, 0]|WA=[1, 1, 1, 1, 1, 0, 1, 1, 1, 1]|96.06902356902356,1835.20202020202,2622.272727272727
JS=[0, 7, 1, 3, 8, 4, 5, 2, 6, 9]|FA=[1, 0, 0, 1, 0, 1, 1, 1, 1, 0]|MA=[1, 0, 1, 0, 0, 0, 0, 0, 0, 2]|WA=[1, 1, 1, 1, 0, 0, 1, 1, 1, 0]|75.98484848484848,1888.7295448659083,2654.230769230769
JS=[0, 7, 1, 4, 5, 2, 3, 9, 8, 6]|FA=[0, 1, 1, 0, 0, 0, 0, 0, 0, 1]|MA=[2, 0, 1, 1, 1, 2, 2, 1, 0, 1]|WA=[0, 1, 1, 0, 1, 0, 0, 0, 0, 1]|64.05108780108779,1990.3776223776222,2519.067599067599
JS=[0, 7, 3, 2, 5, 6, 9, 8, 4, 1]|FA=[1, 1, 1, 1, 1, 0, 0, 0, 1, 1]|MA=[0, 1, 0, 0, 0, 0, 2, 0, 1, 1]|WA=[1, 1, 0, 1, 0, 0, 0, 1, 0, 1]|67.70202020202021,1905.495385086294,2646.3519813519815
JS=[0, 7, 3, 4, 5, 9, 2, 6, 8, 1]|FA=[0, 1, 1, 0, 0, 0, 0, 0, 0, 1]|MA=[2, 0, 1, 1, 1, 2, 1, 2, 0, 1]|WA=[0, 1, 1, 0, 0, 0, 0, 1, 0, 1]|66.71652421652422,2024.5712250712252,2513.881118881119
JS=[0, 7, 3, 9, 8, 6, 5, 4, 1, 2]|FA=[1, 0, 0, 1, 1, 1, 1, 0, 0, 1]|MA=[1, 0, 2, 1, 0, 0, 1, 1, 1, 1]|WA=[0, 1, 0, 0, 0, 1, 1, 0, 0, 1]|53.15197428833792,1945.2528077982622,2609.2307692307695
JS=[0, 7, 5, 4, 9, 6, 3, 8, 2, 1]|FA=[0, 1, 0, 1, 0, 0, 0, 1, 0, 1]|MA=[1, 1, 1, 1, 1, 1, 1, 1, 2, 1]|WA=[0, 1, 1, 1, 0, 1, 1, 0, 0, 1]|62.92011019283746,2010.4244661062846,2516.8531468531464
JS=[0, 7, 6, 4, 2, 3, 9, 5, 8, 1]|FA=[0, 0, 1, 1, 0, 0, 0, 0, 0, 1]|MA=[2, 0, 1, 1, 2, 2, 1, 0, 1, 1]|WA=[0, 1, 0, 0, 0, 0, 0, 1, 0, 0]|56.454545454545446,2030.1729533093162,2521.794871794872
JS=[0, 7, 6, 4, 3, 8, 9, 5, 2, 1]|FA=[0, 0, 0, 1, 0, 0, 0, 1, 0, 1]|MA=[1, 2, 1, 1, 1, 1, 1, 0, 2, 1]|WA=[0, 1, 0, 1, 0, 0, 0, 1, 0, 1]|70.88675213675214,2055.1211768029953,2494.5454545454545
JS=[0, 7, 6, 4, 9, 5, 3, 8, 2, 1]|FA=[0, 1, 0, 1, 0, 0, 0, 1, 0, 1]|MA=[1, 1, 1, 1, 1, 1, 1, 1, 2, 1]|WA=[0, 1, 1, 1, 0, 1, 0, 0, 0, 1]|62.92011019283746,2008.0254762072948,2520.6410256410254
JS=[2, 3, 6, 4, 0, 5, 7, 1, 9, 8]|FA=[0, 0, 1, 1, 0, 0, 0, 1, 0, 1]|MA=[2, 1, 1, 0, 2, 1, 1, 1, 0, 0]|WA=[1, 1, 1, 1, 0, 0, 1, 0, 0, 1]|49.908455181182454,1992.926903063266,2577.7661227661233
JS=[2, 4, 5, 8, 9, 3, 7, 0, 6, 1]|FA=[1, 1, 1, 0, 0, 0, 1, 1, 0, 1]|MA=[1, 0, 0, 1, 2, 1, 0, 1, 1, 1]|WA=[1, 1, 0, 0, 0, 0, 1, 1, 0, 0]|54.60991029172847,1945.939700030609,2604.5843045843044
JS=[3, 0, 5, 6, 9, 2, 1, 4, 8, 7]|FA=[1, 1, 0, 0, 1, 0, 1, 0, 1, 1]|MA=[1, 1, 1, 0, 1, 0, 1, 0, 0, 0]|WA=[1, 1, 0, 1, 0, 0, 0, 1, 1, 0]|54.61707988980716,1895.5097949188855,2652.979797979798
JS=[4, 0, 7, 1, 6, 5, 3, 9, 8, 2]|FA=[0, 0, 1, 0, 0, 0, 1, 0, 1, 1]|MA=[2, 2, 0, 1, 2, 2, 1, 0, 1, 1]|WA=[0, 0, 1, 0, 0, 0, 1, 1, 0, 1]|61.83760683760684,2017.2430481975935,2529.9300699300697
JS=[4, 0, 7, 9, 8, 5, 3, 2, 1, 6]|FA=[0, 0, 0, 1, 0, 0, 1, 0, 1, 1]|MA=[2, 1, 2, 0, 1, 2, 0, 2, 1, 1]|WA=[0, 1, 0, 0, 0, 1, 1, 0, 0, 1]|54.33266228720774,2036.19350851169,2530.5827505827506
JS=[4, 1, 9, 0, 5, 3, 2, 6, 7, 8]|FA=[0, 0, 1, 1, 1, 0, 1, 1, 0, 0]|MA=[1, 0, 1, 1, 1, 0, 1, 0, 2, 2]|WA=[0, 0, 1, 1, 1, 0, 0, 0, 1, 1]|50.801193755739206,2005.054331190695,2561.6783216783215
JS=[4, 3, 9, 0, 5, 1, 2, 6, 7, 8]|FA=[0, 0, 1, 1, 1, 0, 1, 1, 0, 0]|MA=[1, 0, 1, 1, 1, 0, 1, 0, 2, 2]|WA=[0, 0, 1, 1, 0, 0, 0, 0, 0, 1]|55.154340608886066,1995.851486896941,2560.920745920746
JS=[4, 5, 7, 1, 3, 9, 8, 2, 6, 0]|FA=[1, 1, 1, 0, 0, 0, 0, 0, 1, 1]|MA=[1, 0, 0, 2, 1, 0, 2, 1, 1, 0]|WA=[0, 1, 1, 0, 1, 0, 0, 1, 1, 0]|48.611111111111114,2018.2875726966633,2561.002331002331
JS=[4, 5, 8, 1, 3, 0, 2, 9, 7, 6]|FA=[0, 0, 1, 0, 0, 1, 0, 0, 1, 1]|MA=[1, 1, 0, 2, 2, 0, 2, 2, 1, 1]|WA=[0, 0, 0, 0, 0, 1, 0, 0, 1, 1]|60.33428692519602,2004.5639377457562,2533.0885780885783
JS=[4, 6, 1, 0, 8, 7, 3, 5, 9, 2]|FA=[1, 0, 0, 1, 0, 1, 1, 1, 0, 1]|MA=[1, 0, 1, 0, 0, 1, 0, 0, 2, 0]|WA=[0, 1, 0, 0, 0, 1, 0, 0, 0, 0]|63.491735537190074,1893.0297438251985,2656.200466200466
JS=[4, 6, 3, 0, 8, 9, 1, 7, 5, 2]|FA=[1, 0, 0, 1, 0, 1, 1, 0, 1, 1]|MA=[0, 0, 1, 0, 0, 0, 0, 2, 0, 1]|WA=[0, 1, 0, 1, 0, 0, 1, 0, 0, 0]|69.16666666666667,1902.765004355913,2643.7529137529136
JS=[4, 9, 3, 0, 5, 8, 2, 6, 7, 1]|FA=[0, 0, 1, 1, 0, 1, 0, 1, 1, 0]|MA=[1, 0, 1, 0, 2, 1, 0, 0, 1, 2]|WA=[0, 1, 1, 0, 0, 1, 0, 0, 1, 1]|46.21212121212121,1975.658990840809,2580.6759906759903
JS=[4, 9, 3, 1, 0, 8, 2, 6, 7, 5]|FA=[0, 1, 1, 0, 0, 1, 0, 1, 0, 0]|MA=[1, 0, 1, 1, 2, 1, 0, 1, 2, 2]|WA=[0, 0, 1, 1, 0, 1, 0, 0, 0, 1]|50.66804407713499,2016.3750794659884,2549.487179487179
JS=[4, 9, 3, 5, 0, 1, 2, 6, 7, 8]|FA=[0, 0, 1, 1, 1, 0, 1, 1, 0, 0]|MA=[1, 0, 0, 1, 1, 0, 1, 0, 2, 2]|WA=[1, 1, 1, 0, 1, 0, 0, 1, 0, 1]|48.07575757575758,2006.945916036825,2578.294483294483
JS=[6, 4, 0, 3, 9, 7, 2, 5, 1, 8]|FA=[1, 1, 1, 1, 0, 1, 1, 1, 1, 0]|MA=[0, 1, 0, 0, 0, 1, 0, 1, 1, 0]|WA=[1, 1, 1, 0, 0, 1, 1, 1, 1, 0]|88.03030303030302,1819.074074074074,2684.1414141414148
JS=[8, 2, 9, 4, 0, 7, 5, 3, 1, 6]|FA=[0, 0, 0, 1, 0, 0, 1, 0, 1, 1]|MA=[1, 2, 2, 0, 1, 2, 0, 2, 0, 1]|WA=[0, 0, 0, 1, 1, 1, 1, 0, 0, 1]|53.109733700642785,2021.1373054554872,2532.7039627039626
