semanticTag=deterministic_canonical
seed=20260808
SUT,0,0,2
SUT,0,1,6
SUT,0,2,1
SUT,0,3,9
SUT,0,4,4
SUT,0,5,9
SUT,0,6,9
SUT,0,7,2
SUT,0,8,8
SUT,0,9,4
SUT,0,10,9
SUT,0,11,4
SUT,0,12,7
SUT,0,13,8
SUT,0,14,7
SUT,0,15,8
SUT,0,16,8
SUT,0,17,4
SUT,0,18,4
SUT,0,19,4
SUT,1,0,5
SUT,1,1,4
SUT,1,2,5
SUT,1,3,7
SUT,1,4,9
SUT,1,5,7
SUT,1,6,2
SUT,1,7,7
SUT,1,8,6
SUT,1,9,9
SUT,1,10,7
SUT,1,11,5
SUT,1,12,7
SUT,1,13,5
SUT,1,14,4
SUT,1,15,9
SUT,1,16,9
SUT,1,17,1
SUT,1,18,3
SUT,1,19,5
WORKER,0,0,0,0.5677620147082637,5.677620147082637
WORKER,0,0,1,1.2006565362686534,12.006565362686533
WORKER,0,0,2,1.1900894390020464,11.900894390020465
WORKER,0,1,0,1.4004362010565354,14.004362010565355
WORKER,1,0,0,0.6438069671331407,6.438069671331407
WORKER,1,0,1,0.9111188430747317,9.111188430747317
WORKER,1,1,0,1.4005495003976085,14.005495003976085
WORKER,1,1,1,0.9598965083147724,9.598965083147723
WORKER,1,1,2,1.3114148328965236,13.114148328965236
WORKER,2,0,0,0.6131345603869834,6.131345603869835
WORKER,2,0,1,1.0228807537799038,10.228807537799039
WORKER,2,1,0,0.5904589516459843,5.9045895164598425
WORKER,2,1,1,1.1631548352090177,11.631548352090178
WORKER,2,1,2,1.2547964689320343,12.547964689320343
WORKER,2,1,3,0.8626082134843214,8.626082134843214
