semanticTag=published_baseline
seed=20260808
evaluations=2000
input=EADHFSP\20_2_3_1.txt
nonDominatedCount=32
JS=[11, 13, 0, 8, 2, 15, 1, 19, 5, 7, 10, 14, 17, 12, 3, 6, 18, 4, 16, 9]|FA=[0, 1, 2, 2, 2, 2, 2, 1, 2, 0, 2, 2, 1, 1, 0, 0, 1, 2, 2, 2]|MA=[0, 1, 1, 0, 1, 1, 0, 1, 1, 0, 0, 1, 1, 0, 0, 0, 0, 0, 0, 0]|WA=[1, 1, 1, 0, 1, 0, 0, 0, 0, 2, 0, 1, 1, 1, 1, 0, 1, 1, 1, 1]|259.4316100399954,10155.438123880711,11702.84382284382
JS=[11, 13, 10, 18, 2, 19, 1, 16, 14, 17, 7, 12, 4, 15, 0, 5, 9, 3, 8, 6]|FA=[2, 2, 1, 1, 0, 0, 2, 0, 1, 2, 1, 2, 0, 1, 1, 1, 1, 0, 0, 2]|MA=[0, 0, 1, 1, 3, 0, 1, 0, 1, 0, 0, 0, 3, 0, 1, 1, 0, 0, 3, 1]|WA=[0, 1, 1, 1, 1, 1, 1, 1, 0, 1, 1, 1, 1, 1, 0, 1, 1, 2, 1, 1]|223.49939421048703,8507.671232711538,11887.345987345985
JS=[11, 13, 2, 8, 9, 15, 1, 10, 17, 5, 3, 19, 7, 14, 4, 16, 18, 12, 6, 0]|FA=[0, 1, 2, 2, 2, 2, 2, 2, 2, 2, 2, 2, 1, 0, 1, 0, 1, 0, 2, 2]|MA=[0, 1, 0, 0, 1, 0, 0, 1, 1, 1, 1, 0, 1, 0, 0, 0, 0, 0, 0, 1]|WA=[1, 1, 1, 1, 1, 0, 0, 1, 0, 1, 1, 1, 1, 1, 1, 0, 1, 2, 1, 1]|288.3134206924075,10150.200627921038,11624.487179487178
JS=[11, 13, 2, 8, 9, 15, 1, 17, 5, 3, 10, 19, 7, 14, 4, 16, 18, 12, 6, 0]|FA=[0, 1, 2, 2, 2, 2, 2, 2, 2, 2, 2, 2, 1, 0, 1, 2, 1, 0, 2, 2]|MA=[0, 1, 0, 0, 1, 0, 0, 1, 1, 0, 1, 1, 1, 0, 0, 0, 0, 0, 0, 1]|WA=[1, 1, 1, 1, 1, 0, 0, 0, 1, 1, 1, 1, 1, 1, 1, 0, 1, 2, 1, 1]|306.3206466935402,10096.677143544543,11516.560106560104
JS=[11, 13, 2, 8, 9, 4, 10, 12, 3, 17, 15, 5, 0, 14, 18, 19, 6, 7, 1, 16]|FA=[2, 2, 0, 1, 2, 0, 2, 0, 2, 2, 1, 0, 1, 2, 1, 1, 0, 2, 2, 2]|MA=[0, 0, 0, 1, 1, 0, 0, 3, 0, 0, 1, 3, 1, 0, 0, 0, 0, 1, 1, 0]|WA=[1, 1, 1, 1, 1, 1, 1, 1, 1, 0, 1, 1, 1, 1, 1, 0, 1, 1, 1, 1]|298.8445945162655,9412.204575360638,11740.401265401262
JS=[11, 13, 5, 9, 4, 12, 8, 17, 15, 7, 16, 19, 10, 3, 1, 0, 18, 2, 6, 14]|FA=[2, 2, 0, 1, 2, 2, 2, 2, 2, 2, 1, 0, 1, 2, 1, 1, 0, 1, 1, 2]|MA=[0, 0, 0, 1, 1, 0, 0, 1, 1, 0, 1, 3, 1, 0, 0, 0, 0, 0, 1, 0]|WA=[1, 1, 2, 1, 0, 1, 1, 1, 0, 0, 1, 1, 0, 1, 1, 1, 2, 0, 0, 1]|200.62589786537464,9525.00461621168,11755.171495171493
JS=[11, 13, 9, 5, 0, 15, 8, 17, 12, 7, 16, 19, 10, 2, 4, 14, 1, 18, 3, 6]|FA=[2, 2, 1, 1, 2, 2, 2, 1, 2, 2, 2, 0, 1, 2, 1, 1, 0, 1, 1, 2]|MA=[0, 1, 1, 1, 1, 0, 0, 1, 1, 0, 1, 3, 1, 0, 0, 0, 0, 1, 1, 0]|WA=[1, 1, 1, 0, 1, 1, 0, 0, 0, 0, 1, 1, 1, 1, 1, 0, 1, 0, 1, 1]|261.1713061657007,9490.090735874572,11640.397935397934
JS=[11, 19, 14, 2, 9, 5, 1, 17, 18, 3, 6, 10, 4, 0, 8, 15, 12, 13, 7, 16]|FA=[2, 1, 0, 2, 2, 0, 0, 0, 0, 1, 0, 1, 1, 1, 0, 1, 1, 0, 2, 2]|MA=[1, 0, 0, 0, 1, 0, 0, 2, 3, 1, 3, 1, 0, 0, 3, 1, 1, 3, 0, 0]|WA=[1, 1, 1, 1, 0, 1, 1, 1, 1, 0, 1, 0, 1, 1, 1, 0, 0, 2, 1, 1]|184.04877608420767,8948.985569755834,11918.987678987676
JS=[11, 3, 14, 13, 8, 15, 4, 17, 9, 18, 10, 1, 19, 2, 7, 5, 0, 12, 16, 6]|FA=[2, 2, 1, 1, 2, 0, 1, 1, 2, 1, 0, 2, 0, 0, 1, 1, 1, 0, 0, 2]|MA=[0, 1, 1, 1, 0, 3, 1, 1, 0, 0, 3, 1, 0, 3, 1, 1, 1, 0, 3, 1]|WA=[0, 1, 1, 1, 1, 1, 1, 1, 1, 0, 2, 1, 1, 1, 1, 1, 1, 2, 1, 1]|247.58446316497742,8291.076401915792,12026.899766899764
JS=[11, 3, 14, 13, 8, 19, 10, 2, 18, 5, 1, 16, 7, 12, 9, 17, 4, 15, 0, 6]|FA=[2, 2, 1, 1, 0, 0, 1, 1, 0, 0, 2, 0, 1, 1, 1, 1, 0, 0, 2, 1]|MA=[0, 1, 1, 1, 0, 3, 1, 1, 3, 3, 1, 1, 0, 1, 1, 1, 1, 0, 1, 1]|WA=[1, 1, 1, 1, 1, 1, 1, 1, 2, 1, 1, 1, 0, 1, 0, 1, 1, 1, 1, 0]|290.1683119019773,8222.242466536462,12350.969030969029
JS=[13, 10, 3, 2, 9, 5, 12, 17, 8, 7, 16, 19, 14, 6, 18, 4, 11, 1, 0, 15]|FA=[0, 2, 2, 1, 0, 2, 2, 2, 0, 2, 1, 0, 2, 1, 1, 1, 0, 1, 1, 2]|MA=[2, 0, 1, 1, 1, 1, 0, 0, 3, 0, 0, 3, 0, 1, 1, 0, 1, 1, 1, 0]|WA=[2, 1, 1, 1, 0, 1, 1, 1, 2, 1, 1, 1, 0, 1, 0, 0, 2, 1, 1, 1]|195.77235571333722,9233.976619709298,11907.096237096233
JS=[13, 10, 3, 2, 9, 5, 12, 4, 17, 7, 6, 19, 11, 0, 1, 18, 14, 8, 15, 16]|FA=[0, 2, 2, 1, 2, 0, 2, 2, 2, 2, 1, 0, 1, 0, 1, 1, 2, 1, 1, 2]|MA=[2, 0, 1, 1, 1, 2, 1, 0, 0, 1, 1, 0, 0, 1, 1, 0, 1, 1, 1, 0]|WA=[0, 1, 1, 1, 1, 1, 1, 1, 0, 0, 1, 1, 0, 1, 1, 1, 0, 1, 1, 1]|212.41599578968876,9450.483269823444,11812.730602730597
JS=[13, 11, 3, 6, 9, 5, 7, 0, 17, 8, 4, 16, 19, 10, 15, 12, 1, 18, 2, 14]|FA=[2, 0, 2, 2, 2, 2, 2, 0, 0, 0, 1, 1, 0, 0, 2, 1, 0, 0, 1, 1]|MA=[0, 0, 1, 1, 1, 1, 0, 2, 0, 3, 0, 1, 3, 0, 0, 0, 1, 1, 1, 0]|WA=[1, 2, 0, 1, 0, 1, 1, 1, 1, 0, 0, 1, 1, 0, 1, 1, 1, 2, 0, 0]|182.82956028529813,9824.837739449125,11950.17982017982
JS=[13, 14, 3, 11, 19, 10, 2, 9, 16, 15, 8, 1, 17, 4, 18, 0, 12, 5, 7, 6]|FA=[2, 1, 1, 2, 2, 0, 1, 1, 2, 1, 0, 0, 0, 0, 1, 1, 0, 0, 2, 2]|MA=[1, 1, 0, 0, 0, 3, 1, 1, 0, 0, 3, 2, 0, 3, 1, 1, 1, 0, 0, 1]|WA=[1, 1, 1, 0, 1, 1, 0, 1, 1, 1, 2, 1, 1, 1, 1, 1, 2, 0, 0, 1]|205.6535868571058,8925.841007140367,11939.155844155843
JS=[13, 14, 3, 19, 8, 1, 17, 12, 6, 16, 18, 10, 4, 7, 9, 15, 2, 0, 5, 11]|FA=[2, 0, 1, 2, 2, 0, 0, 0, 0, 1, 0, 1, 1, 0, 1, 1, 0, 1, 2, 2]|MA=[0, 0, 1, 1, 0, 2, 0, 3, 3, 0, 3, 1, 0, 3, 1, 1, 1, 0, 0, 1]|WA=[1, 1, 1, 0, 1, 1, 1, 2, 1, 1, 1, 0, 1, 2, 0, 0, 2, 1, 1, 0]|173.97621439888553,9325.611986012516,12091.879786879785
JS=[13, 5, 7, 12, 3, 15, 4, 17, 9, 16, 11, 2, 0, 14, 1, 6, 18, 8, 19, 10]|FA=[0, 1, 2, 2, 2, 2, 2, 2, 2, 2, 2, 2, 1, 0, 1, 2, 1, 0, 2, 2]|MA=[0, 1, 0, 0, 0, 0, 1, 1, 1, 0, 1, 1, 1, 0, 0, 0, 0, 0, 1, 1]|WA=[1, 1, 0, 1, 1, 0, 0, 1, 1, 1, 1, 1, 0, 0, 0, 1, 1, 0, 0, 1]|339.2722757752922,11110.253548708086,11459.771894771893
JS=[13, 5, 7, 12, 3, 15, 4, 17, 9, 16, 11, 2, 14, 19, 1, 10, 18, 0, 6, 8]|FA=[0, 1, 2, 2, 2, 2, 2, 2, 0, 2, 2, 2, 1, 0, 1, 2, 1, 0, 2, 2]|MA=[0, 1, 0, 0, 0, 0, 1, 1, 0, 0, 1, 1, 1, 0, 0, 0, 0, 0, 0, 1]|WA=[1, 1, 1, 1, 1, 0, 0, 1, 1, 0, 1, 1, 1, 0, 0, 1, 1, 0, 0, 1]|322.9792717999314,10651.539396883227,11474.28571428571
JS=[13, 5, 7, 19, 3, 15, 4, 11, 9, 8, 17, 0, 2, 14, 1, 16, 18, 12, 6, 10]|FA=[0, 1, 2, 2, 2, 2, 2, 2, 2, 2, 2, 2, 1, 0, 1, 2, 1, 0, 2, 2]|MA=[0, 1, 0, 0, 0, 0, 1, 1, 1, 0, 1, 1, 1, 0, 0, 0, 0, 0, 0, 1]|WA=[1, 1, 1, 1, 1, 0, 0, 1, 1, 0, 1, 1, 1, 0, 0, 1, 1, 1, 0, 1]|299.35480236886775,10179.86872725135,11571.586746586745
JS=[13, 5, 7, 2, 3, 15, 4, 17, 11, 9, 16, 12, 0, 14, 1, 6, 18, 8, 19, 10]|FA=[2, 1, 2, 0, 2, 2, 2, 2, 2, 2, 2, 2, 1, 0, 1, 2, 1, 0, 2, 2]|MA=[1, 1, 0, 0, 0, 0, 0, 1, 1, 1, 1, 1, 1, 0, 0, 0, 0, 0, 1, 0]|WA=[1, 1, 1, 2, 1, 0, 0, 1, 1, 1, 1, 1, 0, 0, 0, 1, 1, 0, 0, 0]|351.18505832490877,10795.356401427498,11306.611721611718
JS=[13, 5, 7, 2, 3, 15, 4, 17, 11, 9, 16, 18, 0, 14, 6, 10, 12, 1, 19, 8]|FA=[2, 1, 2, 0, 2, 2, 2, 2, 2, 2, 2, 2, 1, 0, 1, 2, 1, 0, 2, 2]|MA=[0, 1, 0, 0, 0, 0, 0, 1, 1, 1, 1, 1, 1, 0, 0, 0, 0, 0, 1, 0]|WA=[1, 1, 1, 2, 0, 0, 0, 1, 1, 1, 1, 1, 0, 0, 0, 0, 1, 0, 0, 0]|350.3911915130755,11492.805339871587,11378.198468198467
JS=[13, 5, 7, 2, 3, 15, 4, 17, 11, 9, 16, 18, 0, 14, 6, 8, 12, 10, 19, 1]|FA=[2, 1, 2, 0, 2, 2, 2, 2, 2, 2, 2, 2, 1, 0, 1, 2, 1, 0, 2, 2]|MA=[1, 1, 0, 0, 0, 0, 0, 1, 1, 1, 1, 1, 1, 0, 0, 0, 0, 0, 1, 0]|WA=[1, 1, 0, 2, 1, 0, 0, 1, 1, 1, 1, 1, 0, 0, 0, 1, 1, 0, 0, 0]|275.7691676984568,10546.11926594506,11545.283050283046
JS=[13, 5, 7, 2, 3, 15, 4, 17, 11, 9, 16, 18, 0, 14, 8, 6, 12, 1, 19, 10]|FA=[2, 1, 2, 0, 2, 2, 2, 2, 2, 2, 2, 2, 1, 0, 1, 2, 1, 0, 2, 2]|MA=[1, 1, 0, 0, 0, 0, 0, 1, 1, 1, 1, 1, 1, 0, 0, 0, 0, 0, 1, 0]|WA=[1, 1, 1, 2, 0, 0, 0, 1, 1, 1, 1, 1, 0, 0, 0, 1, 1, 0, 0, 0]|319.3131874663899,10905.009354974947,11469.172494172491
JS=[13, 5, 7, 6, 3, 15, 11, 9, 8, 17, 0, 4, 2, 14, 1, 16, 18, 12, 19, 10]|FA=[0, 1, 2, 2, 2, 2, 2, 2, 2, 2, 2, 2, 1, 0, 1, 2, 1, 0, 2, 2]|MA=[0, 1, 0, 0, 0, 0, 1, 1, 0, 1, 1, 1, 1, 0, 0, 0, 0, 0, 0, 1]|WA=[1, 1, 1, 0, 1, 0, 1, 1, 0, 1, 0, 0, 1, 0, 0, 1, 1, 1, 1, 1]|330.2658457354693,10423.56422301512,11483.404928404925
JS=[13, 5, 9, 4, 15, 8, 17, 12, 7, 11, 16, 19, 10, 3, 1, 0, 18, 2, 6, 14]|FA=[2, 0, 1, 2, 2, 2, 2, 2, 2, 2, 1, 0, 1, 2, 1, 1, 0, 1, 1, 2]|MA=[0, 0, 1, 1, 1, 0, 1, 0, 0, 0, 1, 3, 1, 0, 0, 0, 0, 0, 1, 0]|WA=[1, 2, 1, 0, 0, 1, 1, 1, 0, 1, 1, 1, 0, 1, 1, 1, 2, 0, 0, 1]|218.03389401596135,9576.091041928317,11706.838161838159
JS=[14, 3, 0, 11, 15, 5, 4, 18, 16, 6, 19, 17, 1, 8, 12, 9, 10, 2, 13, 7]|FA=[0, 1, 2, 2, 2, 2, 1, 0, 0, 1, 2, 1, 1, 0, 2, 0, 0, 2, 2, 2]|MA=[0, 1, 0, 1, 0, 0, 0, 1, 0, 1, 0, 1, 0, 3, 1, 1, 2, 1, 0, 0]|WA=[2, 1, 1, 0, 1, 1, 0, 1, 1, 1, 1, 1, 1, 1, 0, 2, 1, 1, 1, 1]|222.57241090620573,9399.820368598408,11788.021978021978
JS=[16, 7, 1, 3, 19, 0, 2, 6, 10, 11, 8, 17, 15, 9, 5, 4, 13, 14, 12, 18]|FA=[0, 1, 0, 1, 0, 2, 1, 1, 1, 0, 1, 2, 2, 2, 2, 0, 0, 0, 0, 1]|MA=[0, 1, 3, 0, 3, 0, 1, 1, 1, 0, 1, 0, 0, 0, 0, 3, 2, 3, 2, 1]|WA=[1, 1, 2, 1, 1, 0, 0, 1, 1, 1, 1, 0, 0, 1, 1, 1, 1, 1, 1, 0]|246.48917771178023,8473.633732470294,11972.887112887109
JS=[19, 11, 3, 14, 7, 15, 1, 17, 4, 16, 13, 0, 10, 5, 12, 6, 2, 9, 18, 8]|FA=[0, 2, 1, 1, 0, 1, 1, 0, 1, 0, 0, 1, 2, 2, 2, 2, 2, 2, 2, 0]|MA=[3, 1, 1, 1, 3, 0, 0, 3, 1, 1, 0, 1, 1, 0, 0, 0, 1, 1, 0, 2]|WA=[1, 1, 1, 1, 1, 0, 1, 1, 1, 1, 1, 1, 0, 1, 1, 1, 0, 1, 1, 1]|182.05990065502732,8841.3527668876,11976.400266400264
JS=[3, 13, 14, 11, 9, 15, 4, 17, 8, 5, 10, 6, 2, 0, 19, 12, 1, 7, 16, 18]|FA=[1, 0, 0, 2, 2, 0, 0, 2, 0, 0, 1, 2, 1, 2, 1, 0, 0, 1, 1, 1]|MA=[1, 0, 3, 0, 0, 3, 2, 0, 3, 2, 1, 1, 1, 0, 0, 3, 0, 1, 1, 1]|WA=[1, 1, 1, 1, 1, 1, 1, 0, 1, 1, 1, 1, 0, 0, 1, 0, 2, 1, 1, 0]|224.8475382769806,8477.456572470774,12063.909423909421
JS=[3, 14, 11, 13, 0, 19, 10, 18, 2, 5, 1, 16, 7, 12, 9, 17, 4, 15, 8, 6]|FA=[2, 2, 1, 1, 0, 0, 1, 1, 0, 0, 2, 0, 1, 2, 1, 2, 0, 1, 0, 2]|MA=[0, 0, 0, 1, 0, 0, 0, 1, 3, 3, 1, 3, 0, 0, 1, 0, 3, 1, 1, 1]|WA=[1, 1, 1, 1, 1, 1, 1, 1, 2, 1, 1, 1, 0, 1, 0, 1, 1, 1, 1, 1]|223.31302621443783,8501.35719657339,12018.62304362304
JS=[3, 14, 13, 11, 9, 15, 4, 17, 8, 1, 2, 6, 10, 0, 19, 12, 18, 5, 16, 7]|FA=[0, 0, 0, 2, 2, 0, 0, 2, 0, 0, 1, 2, 1, 2, 1, 1, 0, 1, 0, 1]|MA=[3, 3, 0, 0, 0, 3, 2, 0, 3, 2, 1, 1, 1, 0, 0, 0, 0, 1, 0, 1]|WA=[1, 1, 1, 1, 1, 1, 1, 0, 2, 1, 1, 1, 0, 0, 1, 1, 2, 1, 1, 0]|225.7363290023966,8385.360559092385,12001.003996003992
JS=[3, 14, 13, 11, 9, 15, 4, 17, 8, 16, 19, 10, 1, 2, 7, 6, 0, 12, 18, 5]|FA=[2, 1, 1, 2, 2, 0, 1, 1, 2, 1, 0, 0, 0, 0, 1, 1, 0, 0, 2, 2]|MA=[1, 1, 1, 0, 0, 3, 1, 1, 0, 0, 3, 2, 0, 3, 1, 1, 1, 0, 0, 1]|WA=[1, 1, 1, 0, 1, 1, 1, 1, 1, 0, 2, 1, 1, 1, 1, 1, 1, 2, 0, 1]|221.4841706042361,8686.457200293184,12130.800865800862
JS=[3, 14, 9, 7, 19, 8, 15, 16, 17, 10, 4, 6, 1, 13, 0, 5, 2, 18, 11, 12]|FA=[2, 2, 1, 1, 1, 0, 0, 2, 0, 1, 2, 2, 0, 1, 1, 1, 1, 0, 0, 2]|MA=[0, 0, 1, 1, 1, 0, 0, 0, 1, 0, 1, 1, 0, 0, 1, 1, 0, 0, 3, 1]|WA=[1, 1, 0, 1, 1, 1, 1, 1, 1, 1, 1, 1, 0, 0, 0, 1, 1, 2, 1, 1]|245.16703506030535,9173.147113456167,11852.500832500831
