66.66666666666667 6357.68598068598 8466.969696969698	
61.7965367965368 6405.6921966921955 8480.454545454548	
62.98701298701299 6405.808413808413 8389.159174159173	
66.6017316017316 6427.962925962925 8356.948051948051	
61.7965367965368 6412.153735153734 8476.736596736599	
69.98001998001999 6337.646242646243 8441.273726273726	
62.38095238095238 6385.728826728827 8427.770562770564	
62.98701298701299 6439.486069486069 8358.095238095239	
62.38095238095238 6428.412476412475 8383.041958041957	
62.38095238095238 6406.965922965922 8394.107559107559	
61.7965367965368 6437.146742146741 8460.454545454548	
62.38095238095238 6425.3318903318905 8387.895437895437	
65.41125541125541 6392.030858030858 8404.805194805194	
62.38095238095238 6478.852036852037 8353.188478188476	
72.95621045621046 6338.933843933844 8437.354312354313	
61.7965367965368 6373.278721278721 8514.630369630371	
69.98001998001999 6326.60594960595 8467.867132867133	
62.38095238095238 6406.133422133422 8421.47186147186	
61.7965367965368 6459.024864024863 8419.145854145854	
71.76573426573427 6335.316683316683 8463.526473526474	
62.38095238095238 6427.3302253302245 8387.747252747253	
65.81335331335332 6372.874680874681 8414.910089910089	
69.98001998001999 6323.2360972360975 8506.713286713288	
65.81335331335332 6390.793095793095 8387.497502497501	
65.81335331335332 6387.22766122766 8411.721611721612	
65.81335331335332 6390.407814407814 8405.11655011655	
62.98701298701299 6417.910311910312 8384.214119214117	
65.81335331335332 6365.424908424908 8500.279720279723	
68.16239316239316 6342.460983460983 8478.26506826507	
65.81335331335332 6365.9735819735815 8448.784548784548	
62.38095238095238 6468.595626595626 8357.29104229104	
70.94017094017094 6312.885003885004 8487.793872793874	
69.98001998001999 6358.89033189033 8437.97202797203	
66.66666666666667 6348.260406260406 8485.739260739261	
62.38095238095238 6377.717726717727 8451.553446553446	
61.7965367965368 6504.910644910644 8406.943056943057	
68.78954378954379 6376.59063159063 8401.415251415252	
67.15367965367965 6370.294261294262 8435.632700632701	
68.38744588744588 6367.222333222333 8437.335997335997	
68.78954378954379 6367.677433677434 8411.142191142191	
62.38095238095238 6429.694527694527 8366.013986013986	
68.33333333333334 6483.956931956932 8347.570762570762	
62.98701298701299 6426.482406482406 8361.013986013986	
68.93939393939394 6485.628593628593 8339.598734598734	
61.7965367965368 6424.974247974246 8471.608391608394	
66.54761904761904 6371.627594627595 8433.966033966033	
68.78954378954379 6359.496614496614 8427.440892440893	
68.78954378954379 6364.602619602619 8417.990342990344	
62.98701298701299 6486.104784104784 8343.449883449883	
62.98701298701299 6482.108447108446 8349.470529470529	
61.7965367965368 6497.092463092462 8408.761238761239	
61.7965367965368 6422.410145410144 8472.634032634034	
62.38095238095238 6492.390165390165 8334.981684981685	
65.81335331335332 6423.1340881340875 8373.060273060271	
65.81335331335332 6372.4584304584305 8448.633033633032	
64.22077922077922 6398.492396492396 8401.087246087245	
62.38095238095238 6372.64812964813 8474.10755910756	

68.33333333333334 6448.652706268089 8414.285714285716	
71.44688644688645 6446.614001383232 8430.1332001332	
68.33333333333334 6468.984348984347 8395.794205794205	
62.38095238095238 6477.209457209457 8427.309357309356	
62.38095238095238 6478.774558774558 8401.948051948051	
68.33333333333334 6469.417249417248 8395.03663003663	
66.86390532544378 6451.077256077255 8416.655011655013	
66.27218934911242 6447.546812162196 8437.71228771229	
75.73964497041419 6433.909398294012 8451.433566433567	
63.70879120879121 6472.751005404852 8406.801531801531	
63.90532544378698 6456.888752273367 8410.70263070263	
62.38095238095238 6467.683649683649 8432.857142857143	
72.5 6536.831834831834 8285.47619047619	
62.38095238095238 6508.617382617383 8310.732600732601	
71.32034632034632 6447.872127872126 8413.449883449885	
63.70879120879121 6466.694971694971 8423.636363636364	
62.72189349112426 6456.501562540024 8435.55611055611	
62.38095238095238 6486.980352980353 8317.442557442557	
64.22077922077922 6498.733932733932 8290.091575091576	
75.53030303030303 6500.118548118548 8285.47619047619	
62.38095238095238 6508.702963702963 8290.647685647684	
65.41125541125541 6482.3752913752905 8344.498834498834	
65.41125541125541 6499.437229437229 8285.624375624375	
75.73964497041419 6444.243064627679 8444.347319347318	
62.38095238095238 6539.447219447218 8285.091575091576	
75.53030303030303 6476.58492789262 8391.763236763236	
64.22077922077922 6537.053779553778 8283.468198468197	

72.07792207792207 6334.655907418143 8489.127539127538	
64.22077922077922 6346.708850589968 8465.745920745921	
65.41125541125541 6535.085589624052 8326.67832167832	
61.24458874458874 6429.557315256617 8560.572760572762	
62.98701298701299 6456.759444906297 8338.761238761237	
62.38095238095238 6425.825344042127 8387.858807858807	
64.22077922077922 6553.623564469719 8338.528138528138	
62.38095238095238 6360.121603338386 8447.560772560773	
61.24458874458874 6417.430805402833 8608.789543789544	
61.7965367965368 6368.345294953686 8408.559773559773	
65.41125541125541 6456.35792335093 8339.860139860139	
61.7965367965368 6454.693007846853 8392.685647685648	
64.22077922077922 6353.320420837902 8451.200466200467	
64.22077922077922 6338.995351967379 8482.715617715618	
61.7965367965368 6348.648325256717 8475.226440226439	
61.24458874458874 6433.424660033051 8532.321012321014	
61.83982683982684 6450.500089653935 8392.296037296039	
62.38095238095238 6459.20699735385 8345.940725940723	
65.41125541125541 6442.849431842438 8362.64402264402	
61.24458874458874 6513.730116037808 8513.486513486514	
62.98701298701299 6435.242500312431 8375.81252081252	
61.7965367965368 6355.243497760979 8451.841491841493	
61.7965367965368 6368.006240069177 8451.100566100566	

62.38095238095238 6436.937057244749 8396.738261738261	
75.48701298701299 6412.164163471855 8389.027639027638	
62.38095238095238 6449.800527108218 8353.305028305027	
61.7965367965368 6501.493421108806 8373.414918414917	
65.35714285714286 6433.66199896969 8406.638361638361	
77.91125541125541 6439.028965336657 8356.14885114885	
65.35714285714286 6413.810184117876 8420.328005328005	
77.91125541125541 6448.028965336657 8351.14885114885	
69.45970695970695 6442.021312021312 8361.953046953047	
68.34415584415585 6420.541785849478 8399.517149517149	
64.22077922077922 6466.2567375644285 8340.854145854146	
62.38095238095238 6467.489837797529 8327.497502497501	
69.57792207792208 6418.443883751575 8393.363303363301	
62.38095238095238 6539.382617382617 8321.563436563436	
65.35714285714286 6413.086759394452 8426.183816183815	
88.27838827838829 6430.060600368292 8387.407592407591	
65.41125541125541 6408.56542887312 8404.94338994339	
64.22077922077922 6533.8977688977675 8304.89676989677	

65.8284023668639 6488.108430031507 8472.316017316018	
63.4054834054834 6523.34844642537 8454.312354312355	
63.4054834054834 6527.028527028528 8415.887445887445	
63.4054834054834 6602.419268765422 8404.189144189146	
63.4054834054834 6474.896257588565 8481.656676656676	
63.4054834054834 6523.991322068246 8431.045621045621	
63.4054834054834 6526.503624580548 8430.288045288045	
63.4054834054834 6481.011339088262 8478.606393606393	
63.4054834054834 6605.656288156287 8401.423576423576	
63.96103896103896 6526.8765849535075 8411.826506826506	
66.18326118326118 6477.562679485756 8399.910089910089	
63.4054834054834 6512.255693024924 8475.960705960704	

68.38744588744588 6488.411915719607 8352.698967698967	
67.15367965367965 6513.561481253789 8353.449883449883	
88.11355311355311 6719.501353347507 8325.151515151514	
69.57792207792207 6468.620040927732 8331.501831501831	
68.38744588744588 6497.514152514152 8351.709956709956	
62.38095238095238 6439.017976325668 8356.638361638361	
62.38095238095238 6419.895432203124 8406.270396270396	
66.54761904761904 6500.69629800399 8353.468198468197	
62.38095238095238 6412.016644324336 8437.785547785546	
62.98701298701299 6520.2835768220375 8342.364302364302	
62.38095238095238 6421.955039262731 8400.274725274725	
62.38095238095238 6412.744250051943 8424.43056943057	
66.54761904761904 6435.198462506153 8377.331002331002	
62.38095238095238 6539.673702366009 8350.990675990675	
65.96320346320346 6401.100893408586 8446.183816183817	
62.38095238095238 6532.491141337295 8351.709956709956	
64.22077922077922 6409.592401900093 8447.482517482516	
68.38744588744588 6426.057603365294 8394.423909423907	
66.54761904761904 6429.56270225501 8387.007992007992	
62.38095238095238 6445.1585024661945 8355.31302031302	
62.38095238095238 6421.224103531796 8403.962703962703	
62.38095238095238 6419.610531918223 8406.911421911422	
64.22077922077922 6412.459349767042 8425.071595071595	
66.54761904761904 6424.642921181383 8394.57042957043	
65.35714285714286 6373.545115852808 8470.642690642691	
65.35714285714286 6391.402258709951 8449.928404928405	
79.04761904761905 6607.686316532469 8328.831168831168	

69.45970695970695 6431.881603245241 8424.98334998335	
66.6017316017316 6447.790694154332 8436.650016650015	
67.15367965367965 6452.444373808011 8415.06993006993	
67.15367965367965 6480.957527321164 8312.017982017982	
67.15367965367965 6448.88160324524 8419.98334998335	
67.15367965367965 6504.9835013471375 8285.351315351316	
62.38095238095238 6461.116368480004 8474.304029304029	
62.38095238095238 6470.776042139678 8344.117549117549	
64.22077922077922 6462.00148336512 8431.596736596735	
69.57792207792207 6423.576605212968 8444.225774225773	
66.54761904761904 6453.915236278873 8404.428904428903	
62.98701298701299 6451.9531983168345 8472.380952380952	
67.15367965367965 6470.081282354009 8333.468198468197	
67.15367965367965 6560.860926951836 8255.083250083251	
67.15367965367965 6477.955559591925 8319.593739593738	
62.98701298701299 6462.204280567917 8408.787878787878	
62.38095238095238 6481.102049465687 8312.5308025308	
65.41125541125541 6456.64850301214 8385.950715950716	
69.57792207792207 6435.64072291345 8408.398268398269	
65.35714285714286 6458.774377138014 8428.957708957709	
62.38095238095238 6468.506311869948 8385.822510822509	
68.38744588744588 6558.341113432022 8272.647352647353	
62.38095238095238 6476.108588381315 8327.147852147853	

66.66666666666667 6418.7884337884325 8498.166833166833	
62.93650793650794 6465.308802308802 8512.693972693975	
62.16450216450215 6495.335220335221 8506.93806193806	
66.18326118326118 6479.451548451547 8364.32400932401	
60.15873015873016 6516.517149517148 8456.801531801531	
62.16450216450215 6540.56832056832 8386.553446553446	
62.662337662337656 6475.599067599067 8447.497502497503	
63.96103896103896 6451.619713619712 8401.080586080585	
63.4054834054834 6425.9120879120865 8490.138195138195	
62.662337662337656 6515.529470529469 8366.14219114219	
62.662337662337656 6494.683205683204 8398.175158175158	
61.7965367965368 6527.727494727494 8404.528804528803	
66.06060606060606 6573.345432345431 8359.432234432235	
61.7965367965368 6510.902097902097 8423.393273393274	
61.637806637806634 6504.53402153402 8470.517815517816	
59.61538461538461 6531.648018648018 8463.241758241758	
69.87179487179486 6431.523143523142 8439.89010989011	
66.18326118326118 6460.6053946053935 8395.73926073926	
62.38095238095238 6486.147297147297 8473.156843156843	
62.662337662337656 6475.784437784437 8417.454212454213	
61.7965367965368 6525.909312909312 8406.043956043955	
61.7965367965368 6509.671883671883 8425.591075591075	
61.7965367965368 6500.273837273837 8505.527805527805	
62.23776223776223 6473.184260184259 8540.347985347984	
64.88455988455988 6441.618603618602 8412.692307692307	
63.4054834054834 6433.521145521145 8449.012654012653	
61.82983682983682 6484.667443667443 8542.425907425906	
61.7965367965368 6500.4936174936165 8467.908757908757	
63.4054834054834 6443.522255522254 8437.400932400931	
63.4054834054834 6465.606393606392 8386.41192141192	
62.662337662337656 6461.877455877456 8514.505494505494	
63.96103896103896 6444.154956154955 8421.06227106227	
66.66666666666667 6426.616938616938 8472.895437895437	
66.18326118326118 6450.359862359861 8410.734265734263	

68.16239316239316 6417.490731490731 8654.617049617049	
66.54761904761904 6430.014319014319 8657.172827172828	
62.38095238095238 6464.614496614495 8541.510156510156	
64.22077922077922 6519.698190698189 8460.41625041625	
62.38095238095238 6470.028083028083 8534.825174825173	
66.54761904761904 6438.572427572428 8557.131202131202	
70.76839826839827 6578.633588633588 8420.116550116549	
68.92857142857143 6595.906315906315 8414.731934731935	
62.98701298701299 6619.927183927183 8433.266733266733	
69.57792207792207 6417.610056610058 8590.06993006993	
64.22077922077922 6481.370851370852 8461.453546453546	
62.38095238095238 6459.9222999223 8580.994005994005	
68.16239316239316 6451.783771783772 8543.436563436562	
68.38744588744588 6479.826395826396 8491.60506160506	
66.54761904761904 6431.246420246422 8575.06993006993	
64.33150183150184 6519.818514818515 8459.014319014319	
71.9047619047619 6501.392163392163 8419.322344322345	
74.88095238095238 6525.100566100565 8409.60372960373	
66.54761904761904 6539.164724164722 8420.837495837497	
69.45970695970695 6522.070263070263 8434.736929736931	
69.87179487179486 6453.487623487623 8505.794205794205	
61.7965367965368 6559.325119325118 8631.228771228773	
61.7965367965368 6584.430458430458 8517.88211788212	
69.64285714285714 6533.990453990454 8425.417915417916	
62.43506493506493 6492.296148296148 8509.114219114219	
68.66883116883116 6499.342990342989 8437.937062937062	
80.29220779220779 6407.65478965479 8604.182484182485	
80.29220779220779 6412.928293928295 8599.625374625377	
71.36363636363636 6568.974247974248 8390.391275391274	
62.38095238095238 6477.304140304141 8511.27539127539	
62.43506493506493 6458.443445443446 8578.564768564767	
62.38095238095238 6571.8511488511485 8463.06526806527	
69.57792207792207 6463.3793983793985 8527.350982350983	
62.38095238095238 6533.495282495282 8464.806859806858	
77.86796536796537 6444.633033633034 8550.464535464536	
66.54761904761904 6420.274725274727 8735.50283050283	
77.26190476190476 6412.427794427795 8601.43523143523	
77.26190476190476 6413.715395715397 8597.515817515818	
70.94017094017094 6445.614940614941 8546.310356310358	
62.38095238095238 6495.563658563659 8497.312687312686	
64.22077922077922 6461.473748473749 8575.231435231435	
70.94017094017094 6423.315018315017 8552.977022977026	
68.23593073593074 6416.778221778223 8725.24642024642	
62.38095238095238 6424.24753024753 8657.274392274392	
70.94017094017094 6421.799866799866 8554.643689643692	
62.38095238095238 6495.877455877455 8473.411588411589	
70.94017094017094 6396.248085248086 8638.073593073594	
68.33333333333334 6428.502275502277 8629.92340992341	
62.98701298701299 6467.074037074038 8492.490842490843	
70.42124542124543 6493.157620157621 8457.827172827172	
68.16239316239316 6465.44511044511 8511.486846486849	
65.41125541125541 6530.365079365079 8453.806193806195	
70.94017094017094 6399.278388278389 8634.740259740262	
62.38095238095238 6464.609501609502 8543.897768897768	
69.57792207792207 6413.9900099900115 8598.27505827506	

74.77522477522477 6479.709642209645 8478.379953379956	
63.4054834054834 6566.925019425018 8338.003663003663	
63.4054834054834 6522.781773781773 8428.353313353313	
63.4054834054834 6545.606504606504 8388.280053280054	
66.18326118326118 6561.505439005438 8345.695970695971	
66.18326118326118 6533.303085803084 8366.666666666668	
63.4054834054834 6564.9109779109785 8381.979686979688	
63.4054834054834 6515.939745439745 8542.474192474192	
66.18326118326118 6547.984515484515 8348.120213120212	
63.96103896103896 6543.513264513264 8361.290376290377	
77.69119769119769 6503.276168276169 8412.827172827174	
66.18326118326118 6530.909923409924 8416.380286380287	
78.57142857142858 6752.65884115884 8325.054945054944	
63.4054834054834 6486.046398046398 8564.219114219115	
66.18326118326118 6488.237595737595 8437.730602730602	

62.38095238095238 6476.551781551781 8317.364302364302	
62.38095238095238 6457.279387279386 8368.100233100233	
62.38095238095238 6518.626373626373 8297.877122877122	
62.38095238095238 6454.552114552113 8370.372960372959	
62.38095238095238 6466.137196137195 8363.997668997668	
65.41125541125541 6472.439227439228 8341.0323010323	
69.83516483516485 6430.0999000999 8373.741258741258	
64.22077922077922 6479.2790542790535 8315.091575091576	
62.38095238095238 6474.482184482184 8361.14219114219	
65.41125541125541 6533.824508824508 8287.364302364302	
62.38095238095238 6536.34199134199 8289.671994671995	
62.38095238095238 6474.047619047619 8363.468198468197	
62.38095238095238 6498.906093906094 8302.527472527472	
62.38095238095238 6496.481851481851 8308.133533133532	
65.41125541125541 6476.2487512487505 8314.030969030968	
69.83516483516485 6452.402597402597 8324.065934065933	
65.41125541125541 6443.149030456722 8444.302364302364	

65.41125541125541 6524.98452829222 8546.455211455212	
62.38095238095238 6495.774113351038 8607.790542790543	
69.57792207792208 6487.645926722852 8577.602397602397	
64.22077922077922 6540.6455766455765 8533.213453213453	
62.38095238095238 6525.141576372348 8605.592740592741	
64.22077922077922 6526.813255120947 8553.826173826174	
67.73809523809524 6491.248307248307 8568.404928404929	
73.30703484549639 6476.885746731901 8590.899100899102	
62.38095238095238 6580.989250066174 8450.42957042957	
69.57792207792208 6482.517721594646 8579.65367965368	
62.38095238095238 6546.450284757977 8460.20979020979	
69.98001998001999 6501.502070578994 8482.224442224442	
69.57792207792208 6457.991581068506 8602.034632034633	
65.41125541125541 6534.4886424117185 8468.133533133532	
74.14668664668665 6450.152864229789 8604.360639360639	
65.81335331335332 6530.092924169847 8482.382617382616	
62.38095238095238 6611.935009435009 8409.422244422243	
67.73809523809524 6483.472109087495 8623.22510822511	
62.98701298701299 6543.808019615712 8522.562437562437	
69.57792207792208 6519.902558979483 8512.374292374294	
65.81335331335332 6523.916984724677 8497.584082584082	
65.41125541125541 6532.271301348224 8469.916749916749	
65.41125541125541 6576.816755893678 8455.49617049617	

84.67365967365967 6531.455599955599 10055.874125874127	
71.96153846153845 6533.596625596625 10136.386946386947	
91.66666666666666 6504.9995446149305 10010.5506993007	
77.21445221445221 6532.485458985459 10079.330669330668	
65.33189033189034 6621.749916749916 8514.279054279054	
63.4054834054834 6666.522250476795 8523.093573093573	
70.99567099567099 6538.117644981281 8526.003996003996	
85.48340548340548 6533.987936306118 8583.544788544788	
92.36596736596736 6427.421199106515 10115.832500832497	
70.81415735261889 6541.648986341294 8574.50382950383	
69.9000999000999 6587.190365190364 8539.760239760239	
82.55772005772006 6550.829548591786 8478.671328671328	
75.0 6487.871461871462 10084.671994671995	
75.2948717948718 6512.927698564063 10082.77222777223	
63.4054834054834 6542.120546120546 8544.417249417249	
85.25641025641025 6462.148622744778 10026.237096237095	
74.2965367965368 6675.146242646243 8481.32534132534	
63.4054834054834 6699.773721228266 8491.430236430235	

65.35714285714286 6444.040959040959 8413.962703962703	
62.38095238095238 6430.692640692641 8443.459873459873	
66.54761904761904 6436.726606726606 8426.958041958042	
65.41125541125541 6427.257742257742 8442.552447552447	
66.6017316017316 6426.220446220445 8450.972360972362	
62.38095238095238 6460.770895770896 8298.195138195137	
65.18398268398269 6446.295371295371 8325.99234099234	
78.66300366300366 6413.488178488179 8481.220446220446	
67.0021645021645 6445.083250083251 8330.840825840825	
62.38095238095238 6461.411921411922 8262.321012321012	
65.41125541125541 6457.4375624375625 8296.52847152847	
69.57792207792207 6457.507492507493 8296.143856143855	
65.41125541125541 6438.742923742924 8382.892107892107	
62.43506493506493 6492.654012654013 8248.801198801199	
69.57792207792207 6495.632700632701 8248.230103230104	
62.38095238095238 6508.303363303363 8232.740592740593	
62.43506493506493 6448.684648684649 8313.230103230102	
62.98701298701299 6445.894105894106 8364.731934731934	
62.38095238095238 6449.325674325675 8313.87112887113	

69.57792207792207 6416.47075147075 8426.806526806527	
69.57792207792207 6443.751803751801 8382.302697302695	
62.98701298701299 6478.203463203464 8347.770562770564	
66.54761904761904 6458.363303363302 8348.013653013651	
68.16239316239316 6426.3064713064705 8404.821844821845	
70.94017094017094 6428.190698190698 8400.975690975692	
64.22077922077922 6454.830724830725 8361.12221112221	
66.54761904761904 6419.349539349539 8438.018648018648	
62.16450216450215 6527.835497835497 8366.615051615052	
66.54761904761904 6466.345321345321 8332.702297702297	
68.38744588744588 6464.468864468864 8318.433233433232	
62.38095238095238 6511.10889110889 8314.961704961705	
65.41125541125541 6477.234432234431 8344.204129204129	
65.35714285714286 6470.96237096237 8354.79686979687	
65.35714285714286 6452.297702297702 8360.840825840825	
68.38744588744588 6536.699966699965 8293.418248418247	
68.38744588744588 6490.541125541125 8316.38195138195	
66.54761904761904 6461.5251415251405 8346.013986013986	
65.41125541125541 6473.308358308359 8344.69363969364	
62.38095238095238 6483.782883782883 8328.130203130202	
68.38744588744588 6496.175491175491 8299.485514485516	
69.57792207792207 6516.396936396935 8286.600066600065	
68.16239316239316 6369.69474969475 8500.514485514486	
68.34415584415585 6539.520479520479 8293.814518814519	
70.94017094017094 6400.258630258629 8432.867132867133	
62.16450216450215 6519.693639693639 8437.071262071262	
61.7965367965368 6476.142746142745 8471.43523143523	
62.38095238095238 6439.826839826839 8397.965367965367	
64.22077922077922 6492.995337995338 8299.528804528803	
62.38095238095238 6444.90342990343 8364.34731934732	
62.38095238095238 6517.857142857142 8313.831168831168	
62.38095238095238 6471.485181485181 8362.407592407591	
66.66666666666667 6370.774225774226 8514.77355977356	
62.38095238095238 6458.231768231769 8363.203463203461	
62.38095238095238 6442.446442446441 8390.694305694306	
62.16450216450215 6482.269397269398 8438.807858807859	
62.38095238095238 6484.598734598735 8316.72827172827	
62.38095238095238 6397.642357642358 8440.244755244756	
62.16450216450215 6528.476523476524 8330.740925740925	
62.38095238095238 6479.21078921079 8361.15218115218	
65.35714285714286 6478.118548118548 8321.650016650015	
62.38095238095238 6392.801087801087 8456.951381951381	
62.38095238095238 6553.273393273393 8299.84015984016	

68.33333333333334 6458.1704299326675 8367.107892107892	
62.38095238095238 6448.657034237453 8423.110223110223	
62.43506493506493 6446.907450487869 8379.322344322345	
65.10232192050373 6408.803433292943 8486.854811854811	
62.98701298701299 6493.007259769497 8343.651348651349	
65.35714285714286 6417.1226292485035 8479.495504495506	
62.38095238095238 6468.071074742403 8365.309690309688	
66.54761904761904 6356.596821722696 8465.642690642691	
65.35714285714286 6405.182902308777 8491.183816183817	
62.98701298701299 6578.953349680622 8301.227106227107	
67.15367965367965 6363.748003873878 8447.482517482518	
62.38095238095238 6452.769588350007 8408.061938061937	
62.38095238095238 6514.650985378257 8313.957708957709	
62.38095238095238 6592.1068628341345 8304.52380952381	
63.50732600732601 6484.996839989847 8342.002997002995	
67.15367965367965 6441.561196379378 8390.649350649352	
66.54761904761904 6382.870547996422 8397.850482850483	
69.57792207792207 6441.88320770139 8380.627705627707	
66.54761904761904 6369.0440411699155 8455.932400932401	
62.38095238095238 6510.184421638967 8349.69363969364	
62.38095238095238 6423.050634680005 8433.777888777888	
63.50732600732601 6490.976956739195 8333.651348651349	
62.38095238095238 6439.9011234815425 8431.003996003996	
64.22077922077922 6466.738764731772 8367.297702297701	
67.67399267399267 6533.848454575727 8291.996336996337	
68.38744588744588 6442.102321920504 8380.114885114886	
64.22077922077922 6522.95631641086 8312.236097236097	
64.22077922077922 6475.737747101383 8353.77122877123	
76.73992673992674 6509.136802591348 8329.292374292374	
65.41125541125541 6420.701572191082 8465.729270729269	
67.15367965367965 6376.683549809424 8445.158175158174	
62.98701298701299 6429.6622049279395 8419.232434232434	
62.98701298701299 6420.462773952283 8470.874125874125	
62.98701298701299 6467.088415081422 8368.323343323342	
66.6017316017316 6511.209487482214 8306.758241758242	

62.38095238095238 6842.745705149551 8840.26973026973	
62.38095238095238 6799.571336782876 8842.837162837162	
82.41702741702741 6560.589688089687 8430.241425241426	
62.93650793650794 6628.624403374402 8654.368964368965	
63.96103896103896 6680.909321447783 8492.767232767234	
63.4054834054834 6566.175935175935 8574.58707958708	
66.18326118326118 6522.612424612424 8497.306027306027	
72.67676767676767 6509.092796092797 8484.542124542124	
63.96103896103896 6547.207181707181 8554.691974691974	
63.4054834054834 6572.853923853923 8513.721278721277	
63.4054834054834 6572.182151182151 8518.57475857476	
82.41702741702741 6542.002164502164 8456.819846819846	
63.4054834054834 6610.347707847707 8498.519813519815	
73.74625374625374 6522.846930846931 8480.524475524475	
73.4065934065934 6506.579753579752 8599.470529470529	
72.02741702741702 6513.602841602841 8498.594738594737	
70.72871572871573 6519.6221001221 8529.691974691974	
66.18326118326118 6526.328282828283 8457.494172494171	
73.79509379509379 6542.49827949828 8440.223110223109	
64.88455988455988 6620.629426129426 8446.611721611724	

63.4054834054834 6499.459429459428 8231.714951714952	
63.4054834054834 6457.227217227216 8342.680652680652	
63.4054834054834 6466.425796425795 8235.537795537795	
62.38095238095238 6517.569097569097 8231.714951714952	
63.4054834054834 6466.472416472415 8233.230103230104	
62.38095238095238 6477.655677655677 8233.230103230102	
63.4054834054834 6466.111666111664 8235.654345654344	

63.4054834054834 6492.3228978998195 8401.003996003996	
63.4054834054834 6491.800343531111 8408.036963036962	
67.95093795093794 6522.416415493337 8376.761571761572	
63.4054834054834 6497.078292078291 8384.778554778555	
66.65223665223664 6490.268008344931 8470.203130203132	
62.662337662337656 6524.307729307729 8342.657342657341	
62.662337662337656 6523.095608095608 8371.748251748251	
70.72871572871573 6514.87950795643 8379.034299034298	
67.95093795093794 6482.448477448476 8445.12987012987	
80.46897546897546 6518.008323585245 8376.761571761572	

62.662337662337656 6469.497328526174 8454.828504828507	
62.662337662337656 6476.635087135087 8367.514152514153	
63.4054834054834 6454.723609723609 8348.822843822843	
66.66666666666667 6408.825174825175 8412.167832167834	
66.66666666666667 6391.727716727715 8454.284049284048	
63.4054834054834 6458.17993117993 8237.962037962037	
63.4054834054834 6451.8945498945495 8350.104895104894	
64.88455988455988 6476.557331557331 8231.073926073926	
62.82051282051282 6460.670440670439 8402.870462870462	
62.662337662337656 6520.5079365079355 8250.432900432901	
66.66666666666667 6389.070374070373 8458.899433899434	
66.18326118326118 6398.536796536796 8424.28071928072	
63.96103896103896 6408.565656565655 8418.459873459873	
63.96103896103896 6439.611000110999 8346.821511821512	
63.4054834054834 6462.579642579642 8235.537795537795	
63.4054834054834 6458.872238872237 8235.654345654344	
63.4054834054834 6490.95127095127 8232.740592740593	
63.4054834054834 6424.401154401154 8397.645687645687	
64.88455988455988 6451.363081363081 8338.065268065267	
66.18326118326118 6410.367965367964 8393.789543789542	
62.82051282051282 6459.285825285824 8407.485847485848	
63.4054834054834 6413.412698412697 8421.793206793205	
63.4054834054834 6412.8371628371615 8466.836496836495	
66.18326118326118 6416.592407592407 8357.279387279386	
63.96103896103896 6456.133311133311 8316.38195138195	
63.96103896103896 6422.501720501719 8348.243423243423	
66.18326118326118 6452.786657786657 8314.07425907426	
68.16239316239316 6391.338439338439 8455.397935397934	
63.4054834054834 6429.064546564546 8393.789543789542	
65.35464535464534 6439.871794871793 8332.107892107892	
62.93650793650794 6494.704517704517 8232.740592740593	
63.4054834054834 6444.485292485291 8357.507492507491	
68.16239316239316 6406.946386946385 8423.704628704629	
63.4054834054834 6447.314352314351 8356.22544122544	
63.4054834054834 6448.513153513152 8354.82683982684	

