5 2 200
number of machines at each stage in each factory:
4,1
2,1
5,4
1,1
5,2
speed of each machine:
1.0,1.4,1.2,1.1
1.1
1.3,1.1
1.1
1.0,1.1,1.3,1.4,1.0
1.3,1.0,1.3,1.3
1.1
1.2
1.4,1.2,1.0,1.0,1.1
1.1,1.5
power consumption of each machine:
5,5,7,9
8
7,9
5
6,5,5,7,10
9,8,7,9
7
8
9,6,9,5,7
9,6
standom processing time of each job at each stage:
29,10
18,18
17,22
30,18
20,32
18,42
25,15
45,46
10,12
12,37
11,33
11,33
32,29
34,10
23,19
11,19
10,50
33,49
14,27
37,46
43,33
15,46
28,44
40,23
43,45
39,11
28,30
10,44
24,40
50,20
15,25
29,36
31,35
47,27
40,10
38,18
24,10
41,15
36,29
38,21
45,29
13,33
13,41
12,39
48,28
17,10
45,47
11,40
37,41
39,16
17,45
24,19
17,35
36,49
41,48
24,14
31,20
14,42
27,47
13,25
27,33
21,40
36,18
30,20
35,19
41,49
32,26
25,49
25,41
23,27
45,29
38,29
31,26
42,36
40,40
39,24
24,44
18,27
50,20
16,19
39,43
34,28
30,35
15,22
25,34
48,22
11,15
27,21
34,29
36,33
18,20
49,13
14,40
40,41
36,42
23,22
29,20
43,47
43,10
46,10
19,24
40,41
42,26
31,44
31,29
38,43
18,32
34,21
11,15
17,26
38,25
27,47
41,44
26,46
32,29
41,27
18,47
19,31
46,49
50,49
29,36
46,50
48,29
18,24
37,13
25,12
32,15
15,28
47,39
22,38
16,15
26,15
36,29
49,47
35,46
25,31
28,32
39,24
10,15
33,43
48,17
42,28
39,25
38,30
36,26
16,48
34,16
31,31
46,50
29,14
44,22
25,49
31,11
38,33
46,27
28,38
37,48
20,36
43,12
48,42
31,22
29,28
18,21
33,37
26,14
22,44
33,29
43,41
27,35
19,10
18,20
18,47
45,50
45,24
25,16
43,44
41,39
44,43
45,23
22,29
12,41
45,36
20,37
45,13
39,10
15,20
21,40
27,28
11,32
44,24
45,32
39,29
10,40
46,44
21,31
31,37
29,19
27,50
25,20
14,48
number of workers in each factory:
4,3,7,2,6
level of each worker in each factory:
0.6,0.5,1.3,0.5
1.3,0.9,1.3
1.3,1.5,0.7,0.8,1.2,0.6,0.8
1.4,1.0
0.6,0.5,1.4,1.2,0.7,0.9
cost of each worker in each factory:
6,5,13,5
13,9,13
13,15,7,8,12,6,8
14,10
6,5,14,12,7,9
