5 5 200
number of machines at each stage in each factory:
4,1,2,1,5
4,1,1,5,2
1,4,5,4,2
5,3,2,2,3
2,2,2,3,1
speed of each machine:
1.0,1.4,1.4,1.4
1.3
1.4,1.3
1.4
1.1,1.3,1.3,1.3,1.0
1.1,1.2,1.3,1.1
1.5
1.1
1.1,1.4,1.5,1.3,1.2
1.3,1.1
1.3
1.1,1.4,1.5,1.0
1.5,1.2,1.2,1.4,1.2
1.0,1.1,1.2,1.1
1.3,1.4
1.2,1.0,1.1,1.4,1.3
1.4,1.5,1.3
1.3,1.4
1.1,1.4
1.1,1.3,1.5
1.3,1.2
1.4,1.3
1.3,1.1
1.1,1.2,1.4
1.4
power consumption of each machine:
8,9,8,8
8
7,5
6
10,6,6,7,9
7,10,7,9
5
6
5,8,10,9,9
7,6
5
6,8,6,8
9,8,8,10,6
5,5,7,10
7,5
8,7,7,7,6
10,6,5
9,9
6,6
6,10,6
5,10
8,7
5,7
7,10,5
10
standom processing time of each job at each stage:
43,10,46,10,18
34,36,15,39,28
22,16,31,12,32
41,22,48,15,25
32,28,41,49,47
28,46,46,13,19
10,18,27,10,35
46,24,15,23,19
15,23,43,10,13
40,16,45,13,49
21,11,31,18,41
23,24,28,12,44
44,30,30,43,42
11,16,36,24,27
36,42,41,35,15
48,22,25,48,25
27,48,46,38,27
26,48,19,48,44
36,13,15,16,36
28,21,40,39,43
40,39,39,31,16
26,25,29,37,16
17,23,10,47,11
32,26,13,23,26
21,11,43,19,26
11,40,15,31,20
43,28,48,44,28
47,22,17,39,34
46,25,10,10,16
36,14,27,22,41
49,46,44,40,37
21,12,42,29,17
22,12,10,41,32
20,47,10,22,35
49,43,34,17,14
27,15,15,27,30
32,11,20,16,47
43,49,10,40,33
17,14,35,27,27
19,11,32,43,37
50,28,39,12,20
36,34,19,21,26
12,19,39,11,23
31,35,36,24,14
41,26,16,38,26
13,22,16,15,30
16,31,48,40,23
38,25,47,29,45
28,32,32,25,43
39,24,28,28,22
50,46,17,34,24
45,20,40,34,38
22,44,39,35,42
37,45,35,30,40
48,19,22,15,10
43,19,25,28,26
13,31,13,12,38
29,46,14,43,37
18,42,36,35,20
26,32,14,13,46
31,26,11,42,37
18,41,19,41,32
13,50,47,16,39
40,36,39,47,26
17,22,16,45,19
18,50,32,43,50
17,35,46,42,46
32,18,26,21,33
15,10,29,28,45
24,28,25,39,40
24,42,37,23,37
46,16,10,37,34
30,13,33,31,27
47,49,24,46,10
37,35,44,17,18
14,17,17,14,48
50,47,29,35,28
39,29,49,39,28
46,10,50,45,22
35,27,41,45,17
20,17,26,11,44
30,16,26,49,13
47,46,40,39,24
47,50,12,13,38
13,48,15,46,15
33,50,37,34,37
40,47,43,48,42
26,48,16,36,23
36,17,28,40,14
22,34,34,30,46
30,45,47,13,21
11,22,15,28,41
46,27,40,35,41
39,47,42,11,16
15,17,41,19,16
27,22,21,24,41
31,18,44,18,49
20,17,40,38,21
45,20,30,16,10
41,17,22,18,33
20,21,40,27,28
11,32,44,24,45
32,39,29,10,40
46,44,21,31,31
37,29,19,27,50
25,20,14,48,23
40,28,16,33,31
36,26,27,47,16
39,44,32,10,32
36,10,14,33,38
26,19,26,17,50
10,34,21,26,48
33,34,35,12,17
47,19,20,29,22
41,14,10,41,48
36,20,24,50,24
15,26,37,15,42
19,18,24,22,37
39,19,50,22,43
27,12,44,32,40
21,34,25,29,37
35,46,18,46,42
42,37,14,22,33
15,35,40,36,32
42,37,48,34,36
38,41,42,49,15
17,41,16,19,29
26,30,19,37,26
20,41,22,19,30
49,32,15,19,31
38,28,42,19,50
12,11,48,27,35
45,35,44,12,18
12,28,32,48,15
42,31,25,20,13
20,33,32,41,47
17,42,25,27,21
43,37,16,27,41
16,15,22,15,40
34,19,43,43,47
35,15,22,39,10
13,15,17,48,43
12,10,39,23,24
22,43,18,40,11
50,32,16,46,23
12,12,13,40,20
33,29,26,24,44
38,27,15,28,12
42,21,15,43,18
18,26,39,38,46
32,31,45,16,24
21,26,22,34,46
38,36,22,50,41
34,34,16,31,50
25,30,43,43,22
28,17,32,50,36
19,48,49,49,13
21,39,39,37,20
34,46,35,36,30
42,14,28,36,43
10,26,50,43,22
13,26,12,18,35
42,28,49,50,12
38,44,34,45,10
36,11,17,34,26
49,36,37,21,44
45,23,38,28,29
29,20,31,17,22
36,22,33,35,16
45,14,37,18,13
16,31,11,23,50
44,39,20,38,16
21,32,38,20,40
22,44,26,35,47
26,31,25,45,12
31,32,25,28,42
20,36,32,36,32
33,45,18,28,18
38,38,37,24,29
18,34,12,41,39
38,36,22,18,20
19,39,15,31,22
23,29,20,47,20
29,49,23,17,10
42,23,34,26,33
42,11,16,15,49
15,12,19,45,27
38,29,40,43,24
13,29,21,23,15
30,21,12,20,44
22,15,40,20,15
34,44,21,10,21
37,27,20,46,37
16,18,16,29,49
29,35,26,44,41
10,27,11,32,43
31,49,43,43,35
48,37,12,23,19
12,17,11,50,44
37,40,28,38,28
number of workers in each factory:
11,11,13,12,9
level of each worker in each factory:
1.4,0.6,0.8,1.0,1.2,1.4,0.8,1.3,0.7,0.7,0.6
0.5,1.5,1.3,1.2,1.3,1.1,0.5,0.7,0.7,1.4,1.2
1.2,0.8,0.7,1.2,0.6,1.3,0.9,0.7,1.5,1.5,1.5,1.0,0.8
1.1,0.7,1.4,0.6,0.8,1.1,1.4,0.7,1.0,0.9,0.7,1.4
0.6,1.3,0.7,0.7,1.3,1.3,0.5,0.7,1.0
cost of each worker in each factory:
14,6,8,10,12,14,8,13,7,7,6
5,15,13,12,13,11,5,7,7,14,12
12,8,7,12,6,13,9,7,15,15,15,10,8
11,7,14,6,8,11,14,7,10,9,7,14
6,13,7,7,13,13,5,7,10
