5 5 20
number of machines at each stage in each factory:
3,3,3,5,5
5,2,2,2,3
3,2,5,1,5
5,5,5,5,2
5,5,2,5,2
speed of each machine:
1.4,1.1,1.2
1.4,1.1,1.5
1.5,1.3,1.3
1.1,1.3,1.4,1.2,1.0
1.4,1.2,1.2,1.5,1.0
1.0,1.5,1.4,1.3,1.2
1.3,1.2
1.0,1.2
1.0,1.1
1.3,1.4,1.2
1.1,1.3,1.3
1.0,1.0
1.3,1.0,1.2,1.2,1.3
1.2
1.2,1.2,1.4,1.5,1.0
1.1,1.1,1.1,1.5,1.4
1.1,1.2,1.1,1.1,1.4
1.3,1.3,1.1,1.2,1.1
1.0,1.4,1.2,1.0,1.2
1.2,1.1
1.5,1.1,1.4,1.4,1.3
1.1,1.3,1.4,1.5,1.1
1.3,1.1
1.0,1.2,1.4,1.1,1.5
1.4,1.5
power consumption of each machine:
6,10,6
6,10,9
9,6,7
8,10,7,5,7
7,9,5,10,5
9,8,8,5,6
6,6
10,9
8,9
10,6,8
8,8,5
8,9
6,5,8,7,7
9
7,5,5,10,8
7,10,6,5,10
9,10,9,5,6
6,9,5,7,8
7,6,6,6,7
9,8
5,9,8,6,9
7,9,9,8,5
7,5
8,7,8,10,8
8,10
standom processing time of each job at each stage:
46,16,41,38,29
45,35,17,28,18
39,39,26,31,24
12,44,25,22,38
14,32,23,30,30
45,10,18,13,24
11,35,33,47,35
50,11,33,29,19
12,36,28,13,34
13,25,26,30,14
45,35,47,43,31
17,17,12,13,29
18,45,30,28,18
24,10,27,19,23
37,14,49,45,27
20,47,23,18,32
39,33,33,28,43
48,32,38,28,43
46,15,27,37,16
18,32,26,24,41
number of workers in each factory:
14,12,13,18,16
level of each worker in each factory:
0.8,1.0,1.3,1.5,0.8,1.2,1.0,0.7,0.9,0.7,1.5,1.4,0.8,1.4
1.0,1.0,0.6,0.9,1.3,0.7,1.1,0.7,1.0,1.0,0.7,0.6
0.6,1.0,1.3,1.1,1.1,0.7,1.0,0.6,0.9,1.2,1.2,0.7,0.9
0.6,0.7,1.5,1.1,1.3,0.8,1.1,1.4,1.4,1.4,1.2,0.7,0.8,0.8,0.8,0.7,0.6,0.9
1.5,0.6,1.0,0.7,1.1,1.3,1.1,1.1,0.9,1.2,0.7,1.2,1.0,1.3,1.2,0.9
cost of each worker in each factory:
8,10,13,15,8,12,10,7,9,7,15,14,8,14
10,10,6,9,13,7,11,7,10,10,7,6
6,10,13,11,11,7,10,6,9,12,12,7,9
6,7,15,11,13,8,11,14,14,14,12,7,8,8,8,7,6,9
15,6,10,7,11,13,11,11,9,12,7,12,10,13,12,9
