3 5 20
number of machines at each stage in each factory:
5,3,1,2,2
4,4,5,5,3
4,5,1,1,1
speed of each machine:
1.3,1.3,1.2,1.2,1.1
1.1,1.4,1.1
1.4
1.2,1.4
1.0,1.1
1.1,1.4,1.2,1.5
1.3,1.1,1.4,1.2
1.2,1.1,1.4,1.4,1.0
1.0,1.5,1.2,1.1,1.1
1.1,1.4,1.1
1.3,1.3,1.1,1.2
1.0,1.1,1.5,1.3,1.5
1.2
1.1
1.2
power consumption of each machine:
10,10,8,10,5
6,10,6
9
6,7
6,9
10,10,5,5
5,8,8,6
10,9,9,9,7
6,5,7,9,8
7,8,7
8,9,6,10
6,9,8,7,8
8
10
7
standom processing time of each job at each stage:
41,13,30,50,25
38,47,37,45,16
34,14,49,48,20
21,32,14,38,14
49,49,29,48,30
31,16,13,20,16
13,25,41,26,21
36,38,44,22,37
25,23,16,19,22
17,25,13,25,22
10,42,47,48,12
29,41,22,44,44
40,43,31,43,32
39,16,27,23,46
11,28,22,43,49
16,20,20,22,10
31,34,46,37,16
33,43,27,11,33
28,47,22,36,19
20,32,15,43,45
number of workers in each factory:
11,16,10
level of each worker in each factory:
0.5,0.8,1.2,0.6,1.4,1.4,0.9,0.8,1.4,1.2,1.0
0.5,0.7,1.1,0.8,0.8,1.2,0.9,1.3,1.3,1.3,1.5,0.6,1.0,1.2,1.5,0.8
1.1,0.9,1.4,0.9,1.2,0.7,1.2,0.7,0.8,1.4
cost of each worker in each factory:
5,8,12,6,14,14,9,8,14,12,10
5,7,11,8,8,12,9,13,13,13,15,6,10,12,15,8
11,9,14,9,12,7,12,7,8,14
