4 8 200
number of machines at each stage in each factory:
4,1,2,1,5,4,1,1
5,2,1,4,5,4,2,5
3,2,2,3,2,2,2,3
1,3,1,1,5,5,2,4
speed of each machine:
1.3,1.0,1.5,1.2
1.4
1.4,1.5
1.1
1.1,1.2,1.3,1.1,1.1
1.5,1.2,1.2,1.0
1.1
1.1
1.3,1.1,1.1,1.4,1.4
1.3,1.1
1.1
1.5,1.2,1.2,1.4
1.0,1.1,1.2,1.1,1.2
1.3,1.4,1.2,1.5
1.2,1.0
1.4,1.5,1.3,1.3,1.1
1.3,1.4,1.4
1.1,1.4
1.1,1.3
1.3,1.2,1.2
1.4,1.3
1.3,1.1
1.1,1.2
1.4,1.4,1.1
1.4
1.5,1.4,1.5
1.4
1.4
1.2,1.1,1.3,1.1,1.4
1.4,1.4,1.4,1.5,1.4
1.4,1.0
1.1,1.2,1.2,1.3
power consumption of each machine:
9,9,10,6
6
8,10
7
6,6,5,8,7
7,7,6,10
5
6
10,5,9,6,10
6,8
5
6,5,8,5
8,9,9,7,10
5,10,9,10
7,6
8,9,9,9,5
5,8,5
10,7
10,7
10,6,7
7,8
7,9
7,5
5,6,9
10
10,9,6
5
9
6,6,10,5,6
10,10,7,9,7
7,7
8,6,6,10
standom processing time of each job at each stage:
11,16,36,24,27,36,42,41
35,15,48,22,25,48,25,27
48,46,38,27,26,48,19,48
44,36,13,15,16,36,28,21
40,39,43,40,39,39,31,16
26,25,29,37,16,17,23,10
47,11,32,26,13,23,26,21
11,43,19,26,11,40,15,31
20,43,28,48,44,28,47,22
17,39,34,46,25,10,10,16
36,14,27,22,41,49,46,44
40,37,21,12,42,29,17,22
12,10,41,32,20,47,10,22
35,49,43,34,17,14,27,15
15,27,30,32,11,20,16,47
43,49,10,40,33,17,14,35
27,27,19,11,32,43,37,50
28,39,12,20,36,34,19,21
26,12,19,39,11,23,31,35
36,24,14,41,26,16,38,26
13,22,16,15,30,16,31,48
40,23,38,25,47,29,45,28
32,32,25,43,39,24,28,28
22,50,46,17,34,24,45,20
40,34,38,22,44,39,35,42
37,45,35,30,40,48,19,22
15,10,43,19,25,28,26,13
31,13,12,38,29,46,14,43
37,18,42,36,35,20,26,32
14,13,46,31,26,11,42,37
18,41,19,41,32,13,50,47
16,39,40,36,39,47,26,17
22,16,45,19,18,50,32,43
50,17,35,46,42,46,32,18
26,21,33,15,10,29,28,45
24,28,25,39,40,24,42,37
23,37,46,16,10,37,34,30
13,33,31,27,47,49,24,46
10,37,35,44,17,18,14,17
17,14,48,50,47,29,35,28
39,29,49,39,28,46,10,50
45,22,35,27,41,45,17,20
17,26,11,44,30,16,26,49
13,47,46,40,39,24,47,50
12,13,38,13,48,15,46,15
33,50,37,34,37,40,47,43
48,42,26,48,16,36,23,36
17,28,40,14,22,34,34,30
46,30,45,47,13,21,11,22
15,28,41,46,27,40,35,41
39,47,42,11,16,15,17,41
19,16,27,22,21,24,41,31
18,44,18,49,20,17,40,38
21,45,20,30,16,10,41,17
22,18,33,10,43,28,50,25
26,22,36,33,30,12,18,31
16,34,18,23,11,26,30,20
39,20,39,24,23,40,46,36
25,13,32,35,19,41,34,48
36,27,22,18,30,27,50,30
47,14,28,40,42,32,47,34
14,37,32,35,15,13,18,42
20,17,32,37,40,43,37,48
40,35,44,48,14,34,41,43
43,17,16,33,28,45,23,30
40,50,22,43,42,24,21,29
19,27,15,30,32,14,36,16
11,39,11,11,34,28,27,16
42,26,35,20,46,35,25,50
43,10,42,43,41,43,44,41
43,29,42,41,34,41,11,24
14,45,49,26,32,13,11,42
24,26,13,11,33,12,17,23
49,17,40,12,11,15,39,41
44,27,25,41,14,34,23,28
19,28,32,45,11,39,18,47
15,39,18,15,18,45,42,31
48,24,17,35,29,33,49,35
27,27,35,14,46,47,12,31
48,10,33,38,28,28,31,36
26,49,20,11,25,16,31,49
11,47,43,16,37,18,47,45
11,27,26,20,10,10,42,39
11,11,46,31,46,15,13,11
46,26,31,43,13,17,38,18
48,16,39,17,27,23,45,26
48,29,43,17,44,24,47,42
39,46,17,47,25,24,30,24
48,35,47,41,40,33,47,13
30,50,48,48,21,30,21,36
47,31,22,35,26,24,22,20
14,18,44,38,16,45,45,41
29,26,38,43,19,35,30,13
36,18,29,43,13,13,20,32
16,27,43,41,38,15,45,43
15,37,40,21,39,10,22,31
24,39,35,17,33,27,28,48
18,41,11,26,32,49,30,47
10,40,12,13,25,22,23,24
11,22,18,50,46,32,50,12
18,24,22,37,39,19,50,22
43,27,12,44,32,40,21,34
25,29,37,35,46,18,46,42
42,37,14,22,33,15,35,40
36,32,42,37,48,34,36,38
41,42,49,15,17,41,16,19
29,26,30,19,37,26,20,41
22,19,30,49,32,15,19,31
38,28,42,19,50,12,11,48
27,35,45,35,44,12,18,12
28,32,48,15,42,31,25,20
13,20,33,32,41,47,17,42
25,27,21,43,37,16,27,41
16,15,22,15,40,34,19,43
43,47,35,15,22,39,10,13
15,17,48,43,12,10,39,23
24,22,43,18,40,11,50,32
16,46,23,12,12,13,40,20
33,29,26,24,44,38,27,15
28,12,42,21,15,43,18,18
26,39,38,46,32,31,45,16
24,21,26,22,34,46,38,36
22,50,41,34,34,16,31,50
25,30,43,43,22,28,17,32
50,36,19,48,49,49,13,21
39,39,37,20,34,46,35,36
30,42,14,28,36,43,10,26
50,43,22,13,26,12,18,35
42,28,49,50,12,38,44,34
45,10,36,11,17,34,26,49
36,37,21,44,45,23,38,28
29,29,20,31,17,22,36,22
33,35,16,45,14,37,18,13
16,31,11,23,50,44,39,20
38,16,21,32,38,20,40,22
44,26,35,47,26,31,25,45
12,31,32,25,28,42,20,36
32,36,32,33,45,18,28,18
38,38,37,24,29,18,34,12
41,39,38,36,22,18,20,19
39,15,31,22,23,29,20,47
20,29,49,23,17,10,42,23
34,26,33,42,11,16,15,49
15,12,19,45,27,38,29,40
43,24,13,29,21,23,15,30
21,12,20,44,22,15,40,20
15,34,44,21,10,21,37,27
20,46,37,16,18,16,29,49
29,35,26,44,41,10,27,11
32,43,31,49,43,43,35,48
37,12,23,19,12,17,11,50
44,37,40,28,38,28,35,24
32,32,49,26,11,49,16,35
45,48,47,24,44,11,16,21
36,26,33,27,47,26,38,40
30,36,42,39,10,37,28,37
33,16,37,39,11,42,17,45
46,32,38,25,25,38,20,26
11,48,25,17,32,40,33,23
30,36,19,14,22,18,35,49
21,16,10,21,28,15,49,29
16,47,39,34,39,28,11,33
30,50,23,10,45,20,47,10
45,42,40,22,12,28,12,42
31,41,43,49,36,18,32,35
14,10,28,23,20,18,32,20
31,15,41,23,47,31,26,38
10,29,45,19,38,29,41,33
38,10,21,16,36,21,24,33
26,41,21,37,26,18,35,49
47,41,48,43,33,11,39,50
25,17,11,33,46,42,21,37
20,46,13,26,46,18,18,40
39,11,38,33,43,25,21,19
19,41,31,22,46,24,36,21
43,22,37,38,22,11,32,33
31,31,50,27,39,14,35,46
38,49,20,47,31,33,37,20
12,44,33,17,16,38,47,46
26,37,14,33,50,21,19,49
24,12,29,35,18,45,35,17
13,50,17,35,11,42,40,25
30,15,28,20,48,45,14,34
13,48,40,25,38,45,26,43
23,14,35,49,37,28,39,42
18,11,27,16,42,48,23,11
14,19,35,37,38,14,17,19
33,36,21,11,38,41,25,42
40,50,12,39,33,47,31,38
42,16,31,44,23,11,13,13
46,20,41,15,43,48,31,21
43,43,17,40,15,34,18,24
13,20,42,30,28,35,10,21
47,21,39,46,23,38,30,30
43,48,16,25,16,29,48,45
27,31,31,30,29,37,23,23
18,28,44,11,12,13,30,10
34,30,31,20,48,10,15,19
20,43,40,38,28,42,31,46
46,37,45,41,23,44,31,23
number of workers in each factory:
16,23,16,18
level of each worker in each factory:
1.1,1.4,1.2,0.8,0.6,1.3,1.2,0.6,0.9,1.0,1.1,0.5,1.5,0.6,1.3,0.6
0.6,0.8,1.0,0.6,0.8,0.9,1.2,1.5,0.7,1.1,1.4,1.0,1.0,1.0,1.5,0.6,0.7,0.7,0.9,0.6,0.8,0.8,0.6
1.3,0.5,0.5,1.5,1.2,1.3,0.9,1.0,1.2,0.6,0.6,0.7,1.0,1.5,1.3,1.3
0.6,0.5,1.1,1.0,0.5,0.8,0.7,1.3,1.0,0.7,1.3,0.7,0.9,1.1,0.9,1.0,1.4,1.5
cost of each worker in each factory:
11,14,12,8,6,13,12,6,9,10,11,5,15,6,13,6
6,8,10,6,8,9,12,15,7,11,14,10,10,10,15,6,7,7,9,6,8,8,6
13,5,5,15,12,13,9,10,12,6,6,7,10,15,13,13
6,5,11,10,5,8,7,13,10,7,13,7,9,11,9,10,14,15
