4 5 20
number of machines at each stage in each factory:
1,1,2,3,3
5,5,5,2,1
4,5,3,4,5
4,2,4,2,3
speed of each machine:
1.2
1.5
1.1,1.1
1.3,1.2,1.3
1.5,1.3,1.1
1.4,1.1,1.2,1.4,1.5
1.4,1.1,1.5,1.0,1.4
1.5,1.3,1.3,1.2,1.0
1.1,1.3
1.4
1.0,1.5,1.4,1.3
1.3,1.2,1.5,1.2,1.1
1.0,1.2,1.4
1.0,1.1,1.3,1.3
1.3,1.4,1.2,1.3,1.0
1.1,1.3,1.3,1.0
1.0,1.0
1.3,1.0,1.2,1.2
1.2,1.4
1.2,1.2,1.4
power consumption of each machine:
6
10
8,5
5,9,9
7,8,9
8,7,9,8,9
5,8,7,5,9
7,9,8,10,8
8,7
8
5,8,7,8
10,7,8,6,7
9,10,9
10,7,5,6
7,6,10,6,6
10,6,10,9
7,9
9,8,10,7
7,7
5,9,8
standom processing time of each job at each stage:
16,33,43,27,11
33,28,47,22,36
19,20,32,15,43
45,13,10,18,32
47,33,24,12,50
41,12,14,15,17
40,46,42,17,28
26,42,31,29,17
36,39,19,33,30
23,33,34,48,11
19,16,18,43,33
30,32,45,12,17
27,26,46,45,14
48,28,16,30,45
10,20,21,33,20
37,49,31,37,28
46,16,41,38,29
45,35,17,28,18
39,39,26,31,24
12,44,25,22,38
number of workers in each factory:
8,15,16,12
level of each worker in each factory:
0.9,1.1,0.9,1.4,0.5,0.9,1.3,0.5
0.8,1.2,1.4,1.0,0.9,0.6,1.1,0.6,0.6,1.0,0.8,1.1,1.3,0.9,1.3
1.2,0.9,1.1,0.9,1.2,1.3,1.3,1.4,1.4,1.2,0.7,1.0,1.3,0.5,0.6,1.0
0.6,1.3,1.3,0.9,0.8,0.7,1.5,1.2,1.1,1.5,1.0,0.7
cost of each worker in each factory:
9,11,9,14,5,9,13,5
8,12,14,10,9,6,11,6,6,10,8,11,13,9,13
12,9,11,9,12,13,13,14,14,12,7,10,13,5,6,10
6,13,13,9,8,7,15,12,11,15,10,7
