3 8 20
number of machines at each stage in each factory:
4,4,1,4,5,3,1,4
1,4,2,2,3,4,5,4
2,3,1,3,2,3,1,5
speed of each machine:
1.5,1.3,1.5,1.1
1.4,1.3,1.2,1.3
1.1
1.0,1.1,1.2,1.2
1.2,1.2,1.2,1.0,1.2
1.2,1.1,1.0
1.2
1.0,1.1,1.1,1.4
1.4
1.2,1.4,1.4,1.2
1.1,1.2
1.2,1.0
1.4,1.2,1.2
1.3,1.1,1.1,1.4
1.5,1.2,1.3,1.4,1.0
1.1,1.4,1.2,1.5
1.0,1.0
1.5,1.2,1.0
1.4
1.3,1.2,1.1
1.0,1.2
1.0,1.4,1.3
1.1
1.4,1.5,1.1,1.2,1.1
power consumption of each machine:
8,7,8,5
5,8,8,10
7
8,9,9,9
5,9,10,5,9
8,9,8
8
10,5,5,7
7
6,9,10,9
6,5
5,5
8,7,7
5,7,6,9
10,7,8,8,5
6,8,6,5
9,5
8,7,8
7
7,7,9
8,9
10,10,5
8
7,9,10,10,7
standom processing time of each job at each stage:
10,36,26,46,24,26,22,37
48,15,21,14,23,42,43,39
19,34,50,11,23,32,12,30
10,33,31,40,18,37,49,47
43,14,22,44,36,17,13,47
28,11,22,47,37,33,32,34
39,42,47,44,39,11,27,34
28,33,44,27,36,26,31,33
34,37,10,39,22,46,19,28
13,46,18,13,14,27,43,19
12,17,46,45,47,21,10,47
47,16,17,33,26,35,10,15
10,44,30,26,28,43,49,45
44,38,37,17,13,35,11,17
24,21,39,35,26,10,41,31
24,32,18,20,32,50,44,27
33,19,12,48,45,29,24,50
14,14,23,23,27,28,25,29
40,14,39,42,11,42,19,27
26,26,50,40,48,11,32,46
number of workers in each factory:
20,20,16
level of each worker in each factory:
1.1,1.1,1.0,1.1,0.7,1.0,1.3,0.7,0.9,0.7,1.4,0.7,1.1,0.9,0.8,0.9,1.2,0.9,0.8,1.3
1.5,1.1,0.5,0.7,1.0,0.5,1.3,1.2,1.3,0.6,0.7,1.0,0.7,1.2,0.9,1.4,0.6,1.4,0.7,1.3
0.5,0.6,0.5,1.1,1.2,0.6,0.6,1.3,0.6,0.5,0.8,0.8,1.2,1.3,1.5,1.0
cost of each worker in each factory:
11,11,10,11,7,10,13,7,9,7,14,7,11,9,8,9,12,9,8,13
15,11,5,7,10,5,13,12,13,6,7,10,7,12,9,14,6,14,7,13
5,6,5,11,12,6,6,13,6,5,8,8,12,13,15,10
