5 8 20
number of machines at each stage in each factory:
3,1,4,1,5,1,1,4
2,1,5,3,3,2,5,3
5,4,5,2,4,2,5,1
5,2,5,2,5,5,3,4
4,2,2,4,1,2,1,4
speed of each machine:
1.3,1.0,1.1
1.0
1.5,1.1,1.2,1.5
1.5
1.1,1.2,1.3,1.2,1.3
1.5
1.2
1.5,1.2,1.2,1.0
1.3,1.3
1.3
1.3,1.1,1.2,1.2,1.1
1.4,1.3,1.5
1.2,1.1,1.2
1.4,1.3
1.3,1.2,1.2,1.2,1.2
1.2,1.2,1.2
1.2,1.4,1.2,1.2,1.5
1.3,1.3,1.1,1.2
1.3,1.4,1.4,1.4,1.3
1.2,1.2
1.1,1.1,1.4,1.5
1.4,1.3
1.2,1.0,1.1,1.5,1.2
1.4
1.0,1.3,1.4,1.4,1.3
1.1,1.4
1.3,1.4,1.3,1.5,1.1
1.3,1.3
1.0,1.2,1.3,1.0,1.3
1.3,1.0,1.4,1.1,1.1
1.2,1.3,1.2
1.1,1.2,1.4,1.2
1.5,1.4,1.2,1.5
1.5,1.4
1.1,1.0
1.1,1.2,1.2,1.4
1.3
1.4,1.3
1.3
1.1,1.5,1.1,1.3
power consumption of each machine:
5,7,6
7
7,5,9,9
8
7,9,10,7,5
6
8
8,8,9,6
10,5
7
10,10,5,5,8
10,9,8
5,10,5
6,8
7,5,9,7,5
8,6,8
8,5,6,8,5
10,9,6,7
10,10,5,10,8
5,5
7,5,9,6
8,5
9,5,7,8,5
9
9,9,7,9,5
9,10
10,6,6,6,8
7,7
9,7,9,9,7
8,5,10,7,5
10,5,9
9,8,6,9
5,10,9,8
8,9
6,6
9,9,6,7
9
10,9
8
5,9,7,7
standom processing time of each job at each stage:
36,49,32,10,50,39,39,27
19,37,44,43,11,48,29,10
31,49,29,46,30,39,16,10
27,11,41,39,16,20,37,23
14,32,26,37,45,34,19,12
20,36,37,41,19,20,39,16
32,38,33,23,10,33,34,36
11,32,43,31,33,31,43,41
34,21,48,26,35,15,43,39
30,25,50,25,23,50,39,13
47,44,15,22,36,34,15,12
48,12,37,22,27,40,12,40
18,39,22,29,27,15,50,32
30,18,46,29,39,18,40,16
41,13,30,33,36,25,44,26
27,16,33,29,17,15,16,14
33,32,37,22,15,13,15,18
28,15,26,17,43,50,47,43
11,22,38,39,41,48,10,32
37,14,38,19,19,15,39,11
number of workers in each factory:
16,19,23,25,17
level of each worker in each factory:
1.3,1.3,1.3,0.6,0.8,0.5,0.8,1.3,1.3,1.1,1.2,1.0,1.5,0.5,1.5,0.6
0.5,1.3,0.9,0.6,1.3,1.2,0.7,1.2,0.6,1.0,1.0,1.4,0.6,1.5,1.2,1.0,0.5,0.7,0.8
0.6,0.6,1.5,0.6,1.0,0.8,0.7,1.2,0.7,1.1,1.2,1.3,0.9,1.2,1.4,0.9,0.9,0.9,0.5,0.9,0.5,1.2,0.8
0.6,1.2,1.0,1.3,0.7,0.5,1.3,0.9,1.0,1.1,1.1,1.0,1.1,1.4,1.2,1.1,1.3,0.9,1.2,0.6,0.6,1.0,1.2,1.1,0.9
1.2,1.0,1.2,0.8,1.2,0.8,0.9,1.3,1.2,0.9,0.5,1.2,1.4,0.8,0.8,0.7,0.7
cost of each worker in each factory:
13,13,13,6,8,5,8,13,13,11,12,10,15,5,15,6
5,13,9,6,13,12,7,12,6,10,10,14,6,15,12,10,5,7,8
6,6,15,6,10,8,7,12,7,11,12,13,9,12,14,9,9,9,5,9,5,12,8
6,12,10,13,7,5,13,9,10,11,11,10,11,14,12,11,13,9,12,6,6,10,12,11,9
12,10,12,8,12,8,9,13,12,9,5,12,14,8,8,7,7
